0.6730769230769231
0.8412698412698413
0.6153846153846154
0.9851851851851852
0.5523809523809524
0.5681818181818182
0.5234899328859061
0.8
0.6972477064220184
0.6106194690265486
0.48951048951048953
0.8
0.9
0.5095541401273885
0.4166666666666667
0.7553191489361702
0.4647887323943662
0.6938775510204082
0.6
0.7419354838709677
0.6730769230769231
0.5522388059701493
0.6176470588235294
0.6129032258064516
0.47435897435897434
0.9705882352941176
0.8918918918918919
0.5689655172413793
0.8677685950413223
0.5432098765432098
0.7375
0.5583333333333333
0.5327868852459017
0.4930555555555556
0.8426966292134831
0.6181818181818182
0.7848101265822784
0.6607142857142857
0.7571428571428571
0.6506024096385542
0.7903225806451613
0.4146341463414634
0.7571428571428571
0.6357142857142857
0.6571428571428571
0.5454545454545454
0.6758620689655173
0.7522935779816514
0.6111111111111112
0.8392857142857143
0.5495495495495496
0.8888888888888888
0.6206896551724138
0.6395348837209303
0.696
0.5412844036697247
0.6790123456790124
0.6078431372549019
0.6602564102564102
0.6778523489932886
0.6149068322981367
0.7807017543859649
0.8235294117647058
0.7611940298507462
0.4793388429752066
0.8607594936708861
0.8636363636363636
0.4778761061946903
0.6927374301675978
0.8085106382978723
0.5658914728682171
0.6463414634146342
0.6503496503496503
0.90625
0.7380952380952381
0.7160493827160493
0.6153846153846154
0.6707317073170732
0.6610169491525424
0.6344086021505376
0.6785714285714286
0.5542168674698795
0.7169811320754716
0.6296296296296297
0.9893617021276596
0.5775862068965517
0.7377049180327869
0.49056603773584906
0.660377358490566
0.8214285714285714
0.859375
0.6706586826347305
0.8023255813953488
0.6272189349112426
0.5660377358490566
0.6521739130434783
0.7631578947368421
0.6862745098039216
0.7383177570093458
0.8732394366197183
0.6607142857142857
0.5
0.527027027027027
0.5632183908045977
0.8416666666666667
0.5298507462686567
0.6379310344827587
0.875
0.5460992907801419
0.8990825688073395
0.8289473684210527
0.5543478260869565
0.4791666666666667
0.5692307692307692
0.5660377358490566
0.8852459016393442
0.8592592592592593
0.56
0.759493670886076
0.6153846153846154
0.4523809523809524
0.7857142857142857
0.45
0.4576271186440678
0.7040816326530612
0.6231884057971014
0.8947368421052632
0.5180722891566265
0.8486842105263158
0.5517241379310345
0.6352941176470588
0.625
0.75
0.7083333333333334
0.7692307692307693
0.38461538461538464
0.6511627906976745
0.5227272727272727
0.7934782608695652
0.8938053097345132
0.5046728971962616
0.47619047619047616
0.5988700564971752
0.8666666666666667
0.7741935483870968
0.4959349593495935
0.8322147651006712
0.788235294117647
0.752
0.7168141592920354
0.7976190476190477
0.5878787878787879
0.6095890410958904
0.6326530612244898
0.5517241379310345
0.5701754385964912
0.56
0.5769230769230769
0.6574074074074074
0.59375
0.648936170212766
0.6797385620915033
0.5714285714285714
0.7354838709677419
0.6
0.6588235294117647
0.5849056603773585
0.6144578313253012
0.7588235294117647
0.6854838709677419
0.875
0.5412844036697247
0.4954128440366973
0.5797101449275363
0.5742574257425742
0.5268817204301075
0.7358490566037735
0.8143712574850299
0.49264705882352944
0.925531914893617
0.6
0.5035971223021583
0.5064935064935064
0.47560975609756095
0.6551724137931034
0.8235294117647058
0.6441717791411042
0.6176470588235294
0.35714285714285715
0.5748031496062992
0.4574468085106383
0.7922077922077922
0.5625
0.5688073394495413
0.7397260273972602
0.7346938775510204
0.6159420289855072
0.7674418604651163
0.8066666666666666
0.6086956521739131
0.7142857142857143
0.732620320855615
0.5205479452054794
0.6164383561643836
0.5135135135135135
0.41975308641975306
0.7651006711409396
0.8020833333333334
0.7027027027027027
0.7850467289719626
0.5774647887323944
0.4857142857142857
0.7692307692307693
0.8
0.59375
0.8658536585365854
0.7956989247311828
0.6418918918918919
0.9680851063829787
0.8174603174603174
0.717948717948718
0.86875
0.686046511627907
0.7011494252873564
0.7368421052631579
0.8472222222222222
0.921875
0.7212121212121212
0.5299145299145299
0.8543689320388349
0.6747967479674797
0.6330935251798561
0.5866666666666667
0.75
0.8
0.6774193548387096
0.5555555555555556
0.8066666666666666
0.5520833333333334
0.6356589147286822
0.75
0.5596330275229358
0.6352201257861635
0.7628865979381443
0.61
0.5864661654135338
0.6724137931034483
0.6102941176470589
0.5267857142857143
0.5384615384615384
0.821917808219178
0.7257142857142858
0.7767857142857143
0.5113636363636364
0.9186991869918699
0.6490066225165563
0.8783783783783784
0.5727699530516432
0.588957055214724
0.6972477064220184
0.6582278481012658
0.8316831683168316
0.6814159292035398
0.6792452830188679
0.5316455696202531
0.890625
0.4132231404958678
0.743801652892562
0.5882352941176471
0.8426966292134831
0.4805194805194805
0.7976190476190477
0.46774193548387094
0.5702479338842975
0.8290598290598291
0.6896551724137931
0.7865168539325843
0.6779661016949152
0.652542372881356
0.4491525423728814
0.689873417721519
0.7459016393442623
0.7142857142857143
0.5164835164835165
0.908256880733945
0.6637931034482759
0.6
0.584070796460177
0.7697841726618705
0.6640625
0.7155172413793104
0.7777777777777778
0.578125
0.46153846153846156
0.7075471698113207
0.8640776699029126
0.8131868131868132
0.8426966292134831
0.7582417582417582
0.6133333333333333
0.803030303030303
0.591715976331361
0.6323529411764706
0.627906976744186
0.4785714285714286
0.8717948717948718
0.8220338983050848
0.6235294117647059
0.9534883720930233
0.76
0.5112781954887218
0.7019867549668874
0.6353591160220995
0.5569620253164557
0.5966386554621849
0.7304347826086957
0.5943396226415094
0.9696969696969697
0.6352941176470588
0.8231292517006803
0.6461538461538462
0.6956521739130435
0.9603960396039604
0.6666666666666666
0.8367346938775511
0.5925925925925926
0.43956043956043955
0.6068965517241379
0.5179856115107914
0.46153846153846156
0.743801652892562
0.5847953216374269
0.6242038216560509
0.5833333333333334
0.625
0.5733333333333334
0.6333333333333333
0.7547169811320755
0.6666666666666666
0.5555555555555556
0.7297297297297297
0.6024096385542169
0.5576923076923077
0.5543478260869565
0.5258620689655172
0.6422764227642277
0.6268656716417911
0.6022727272727273
0.6542056074766355
0.72
0.7142857142857143
0.4074074074074074
0.6571428571428571
0.8152173913043478
0.5855855855855856
0.6129032258064516
0.6846846846846847
0.7172413793103448
0.8417721518987342
0.6882352941176471
0.5222222222222223
0.8292682926829268
0.46226415094339623
0.6912751677852349
0.6805555555555556
0.4793388429752066
0.797752808988764
0.7373737373737373
0.7386363636363636
0.725609756097561
0.9010989010989011
0.953125
0.6865671641791045
0.7972027972027972
0.7021276595744681
0.9646017699115044
0.5892857142857143
0.7604166666666666
0.6935483870967742
0.6024096385542169
0.6923076923076923
0.4230769230769231
0.5168539325842697
0.765625
0.7603305785123967
0.4594594594594595
0.56875
0.7578947368421053
0.6122448979591837
0.5867768595041323
0.4765625
0.5789473684210527
0.6428571428571429
0.58
0.49079754601226994
0.6911764705882353
0.6551724137931034
0.3888888888888889
0.7313432835820896
0.5578231292517006
0.7126436781609196
0.6781609195402298
0.5247524752475248
0.6875
0.4835164835164835
0.6422764227642277
0.5675675675675675
0.4883720930232558
0.6935483870967742
0.7272727272727273
0.9571428571428572
0.6642857142857143
0.8102189781021898
0.6590909090909091
0.6764705882352942
0.6721311475409836
0.6060606060606061
0.7857142857142857
0.46236559139784944
0.5527950310559007
0.75
0.625
0.65625
0.6574074074074074
0.8012048192771084
0.8380952380952381
0.7241379310344828
0.6774193548387096
0.7283950617283951
0.5913978494623656
0.7386363636363636
0.6862745098039216
0.575
0.7543859649122807
0.776
0.9622641509433962
0.6666666666666666
0.6097560975609756
0.5460992907801419
0.7293233082706767
0.6077348066298343
0.8191489361702128
0.8951612903225806
0.6666666666666666
0.8285714285714286
0.6352941176470588
0.47761194029850745
0.6288659793814433
0.6149425287356322
0.6853146853146853
0.6560509554140127
0.8639455782312925
0.6442307692307693
0.6289308176100629
0.5844155844155844
0.8902439024390244
0.7777777777777778
0.6666666666666666
0.6716417910447762
0.6477272727272727
0.6637931034482759
0.6031746031746031
0.8313253012048193
0.8134328358208955
0.5619047619047619
0.7469135802469136
0.5208333333333334
0.7593984962406015
0.8387096774193549
0.8018018018018018
0.5714285714285714
0.5462962962962963
0.5967741935483871
0.9210526315789473
0.7125
0.5376344086021505
0.8208955223880597
0.6161616161616161
0.7610619469026548
0.6625
0.6
0.5363636363636364
0.4887640449438202
0.6956521739130435
0.71875
0.6432748538011696
0.9343065693430657
0.7515527950310559
0.6764705882352942
0.5948275862068966
0.6180555555555556
0.8650793650793651
0.6386554621848739
0.6275862068965518
0.4383561643835616
0.6016260162601627
0.6630434782608695
0.8301886792452831
0.7349397590361446
0.6
1.0
0.8222222222222222
0.672566371681416
0.5742574257425742
0.8611111111111112
0.9484536082474226
0.6846846846846847
0.7894736842105263
0.5178571428571429
0.6172839506172839
0.5280898876404494
0.7647058823529411
0.5873015873015873
0.5283018867924528
0.7741935483870968
0.6753246753246753
0.6309523809523809
0.8282828282828283
0.891566265060241
0.564935064935065
0.6382978723404256
0.45121951219512196
0.67
0.6266666666666667
0.9316239316239316
0.5538461538461539
0.765625
0.6451612903225806
0.5538461538461539
0.49
0.5918367346938775
0.7605633802816901
0.8793103448275862
0.8376623376623377
0.5325443786982249
0.6629213483146067
0.75
0.8208092485549133
0.7323943661971831
0.7670454545454546
0.4716981132075472
0.5057471264367817
0.5636363636363636
0.6788990825688074
0.5714285714285714
0.5339805825242718
0.7452830188679245
0.5098039215686274
0.65
0.7171717171717171
0.5066666666666667
0.8943661971830986
0.6875
0.69
0.7238095238095238
0.6621621621621622
0.7007874015748031
0.7416666666666667
0.6170212765957447
0.6063829787234043
0.8703703703703703
0.6847826086956522
0.5
0.4536082474226804
0.7407407407407407
0.6615384615384615
0.7840909090909091
0.7887323943661971
0.6184971098265896
0.550561797752809
0.7916666666666666
0.49193548387096775
0.8026315789473685
0.6347826086956522
0.5757575757575758
0.6666666666666666
0.6589147286821705
0.7569444444444444
0.6623376623376623
0.6545454545454545
0.6923076923076923
0.6148148148148148
0.5294117647058824
0.546875
0.5797872340425532
0.62
0.48333333333333334
0.7580645161290323
0.652542372881356
0.53125
0.6808510638297872
0.5694444444444444
0.553030303030303
0.8333333333333334
0.6666666666666666
0.34782608695652173
0.6947368421052632
0.68
0.5116279069767442
0.7769230769230769
0.889763779527559
0.5964912280701754
0.5662650602409639
0.6617647058823529
0.8028169014084507
0.630057803468208
0.819672131147541
0.53
0.8080808080808081
0.532608695652174
0.5344827586206896
0.7205882352941176
0.9590163934426229
0.4573643410852713
0.6395348837209303
0.6060606060606061
0.6861313868613139
0.8503937007874016
0.6881720430107527
0.5161290322580645
0.6235294117647059
0.8369565217391305
0.6436781609195402
0.7080745341614907
0.6285714285714286
0.5447761194029851
0.7471264367816092
0.6346153846153846
0.5643564356435643
0.845360824742268
0.46296296296296297
0.5189873417721519
0.7
0.8656716417910447
0.7
0.3942307692307692
0.7078651685393258
0.7290322580645161
0.8125
0.6823529411764706
0.8227848101265823
0.625
0.5576923076923077
0.6521739130434783
1.0
0.5125
0.544
0.7857142857142857
0.7142857142857143
0.5606060606060606
0.6727272727272727
0.6745562130177515
0.5075757575757576
0.8526315789473684
0.6122448979591837
0.8552631578947368
0.8879310344827587
0.8449197860962567
0.632183908045977
0.7083333333333334
0.6666666666666666
0.6172839506172839
0.7272727272727273
0.7755102040816326
0.9285714285714286
0.6083333333333333
0.7563025210084033
0.7297297297297297
0.7615384615384615
0.5766871165644172
0.6614173228346457
0.7058823529411765
0.8686131386861314
0.5531914893617021
0.7432432432432432
0.6627906976744186
0.8854166666666666
0.7191011235955056
0.57
0.9295774647887324
0.7065217391304348
0.5526315789473685
0.5681818181818182
0.5324675324675324
0.8508771929824561
0.55
0.847682119205298
0.6173913043478261
0.6111111111111112
0.6111111111111112
0.9405940594059405
0.5113636363636364
0.5483870967741935
0.6666666666666666
0.5121951219512195
0.6153846153846154
0.8203125
0.71875
0.5340909090909091
0.6823529411764706
0.7631578947368421
0.7738095238095238
0.8455284552845529
0.6666666666666666
0.6019417475728155
0.7132867132867133
0.5821917808219178
0.4626865671641791
0.7388059701492538
0.6455696202531646
0.6772151898734177
0.5882352941176471
0.5428571428571428
0.7426900584795322
0.8
0.5942028985507246
0.4482758620689655
0.8333333333333334
0.6631578947368421
0.5520361990950227
0.5675675675675675
0.8134328358208955
0.5879120879120879
0.6777777777777778
0.7534246575342466
0.6160714285714286
0.57
0.8733333333333333
0.5131578947368421
0.6626506024096386
0.6233766233766234
0.7428571428571429
0.7405405405405405
0.7263157894736842
0.6551724137931034
0.6379310344827587
0.6713286713286714
0.7457627118644068
0.6973684210526315
0.7956204379562044
0.5912408759124088
0.7132352941176471
0.7936507936507936
0.5086206896551724
0.8478260869565217
0.4857142857142857
0.6111111111111112
0.6213592233009708
0.7301587301587301
0.5474452554744526
0.8461538461538461
0.85
0.8947368421052632
0.926829268292683
0.8928571428571429
0.9259259259259259
0.8928571428571429
0.9615384615384616
0.8
0.8235294117647058
0.8421052631578947
0.9230769230769231
0.9
0.84375
0.9310344827586207
0.9
0.8214285714285714
0.8846153846153846
0.8214285714285714
0.8846153846153846
0.9024390243902439
0.8571428571428571
0.9655172413793104
1.0
0.8235294117647058
0.8571428571428571
0.9487179487179487
0.92
0.9583333333333334
0.92
0.8518518518518519
0.8518518518518519
0.8846153846153846
0.8518518518518519
0.8125
1.0
0.8421052631578947
0.82
0.7857142857142857
0.9565217391304348
0.7857142857142857
0.8148148148148148
0.8148148148148148
0.88
0.88
0.8461538461538461
0.88
0.8461538461538461
0.88
0.88
1.0
0.8333333333333334
0.7560975609756098
0.7884615384615384
0.8
0.8076923076923077
0.9130434782608695
0.8076923076923077
0.9
0.8181818181818182
0.8275862068965517
0.9375
0.7647058823529411
0.7666666666666667
0.8846153846153846
0.8846153846153846
0.8214285714285714
0.9523809523809523
1.0
0.7380952380952381
0.8484848484848485
0.8235294117647058
0.7586206896551724
0.9166666666666666
0.8461538461538461
0.9166666666666666
1.0
0.7272727272727273
0.8888888888888888
0.8275862068965517
0.8421052631578947
0.8888888888888888
0.8529411764705882
0.875
0.85
0.975
0.7222222222222222
0.782608695652174
0.8214285714285714
0.8214285714285714
0.8518518518518519
0.8214285714285714
0.8214285714285714
0.8214285714285714
0.717948717948718
0.9166666666666666
0.8928571428571429
0.7692307692307693
0.7692307692307693
0.813953488372093
0.8333333333333334
0.7894736842105263
0.8421052631578947
0.8181818181818182
0.8461538461538461
0.7586206896551724
0.8148148148148148
0.8148148148148148
0.7857142857142857
0.85
0.8
0.7659574468085106
0.775
0.8157894736842105
0.8387096774193549
0.875
0.8484848484848485
0.9545454545454546
0.7608695652173914
0.84
0.8235294117647058
0.8235294117647058
0.8235294117647058
0.8235294117647058
0.8235294117647058
0.8235294117647058
0.8235294117647058
0.7708333333333334
0.8214285714285714
0.8214285714285714
0.8214285714285714
0.8214285714285714
1.0
0.7272727272727273
0.8064516129032258
1.0
0.8695652173913043
0.8
0.8695652173913043
0.7857142857142857
0.7857142857142857
0.7857142857142857
0.8148148148148148
0.8
0.6857142857142857
0.8
1.0
0.7428571428571429
1.0
0.6842105263157895
0.9655172413793104
0.7619047619047619
0.8823529411764706
0.75
0.8333333333333334
0.8
0.7391304347826086
0.76
0.7307692307692307
0.7916666666666666
0.7916666666666666
0.7916666666666666
0.7916666666666666
0.7777777777777778
0.75
0.7777777777777778
0.7777777777777778
0.8846153846153846
0.7931034482758621
0.8214285714285714
0.6756756756756757
0.7575757575757576
0.90625
0.8048780487804879
0.7627118644067796
0.75
0.8148148148148148
0.7777777777777778
0.7777777777777778
0.8571428571428571
0.88
0.7741935483870968
0.8
0.7692307692307693
0.7692307692307693
0.7272727272727273
0.7777777777777778
0.8235294117647058
0.7619047619047619
0.8235294117647058
0.6862745098039216
1.0
0.6590909090909091
0.78125
0.7419354838709677
0.84
0.84
0.75
0.6551724137931034
0.75
0.7647058823529411
0.7333333333333333
0.7586206896551724
0.9117647058823529
0.9090909090909091
0.7692307692307693
0.7407407407407407
0.8709677419354839
0.6923076923076923
0.8421052631578947
0.9032258064516129
0.7567567567567568
0.8076923076923077
0.75
0.6785714285714286
0.7916666666666666
0.8157894736842105
0.8
0.8285714285714286
0.8148148148148148
0.675
0.6666666666666666
0.8333333333333334
0.84
0.8571428571428571
0.8666666666666667
0.8666666666666667
0.7428571428571429
0.75
0.7241379310344828
0.7777777777777778
0.65625
0.7777777777777778
0.7777777777777778
0.7777777777777778
0.8275862068965517
0.7916666666666666
0.6666666666666666
0.7586206896551724
0.6666666666666666
0.6829268292682927
0.717948717948718
0.7906976744186046
0.7555555555555555
0.7692307692307693
0.7692307692307693
0.8
0.8125
0.7941176470588235
0.7297297297297297
0.782608695652174
0.7272727272727273
0.775
0.6666666666666666
0.7586206896551724
0.8461538461538461
0.6666666666666666
0.7586206896551724
0.8260869565217391
0.7619047619047619
0.8
1.0
0.8214285714285714
0.696969696969697
0.8214285714285714
0.7407407407407407
0.7692307692307693
0.7692307692307693
0.85
0.5862068965517241
0.7741935483870968
0.8076923076923077
0.75
0.6774193548387096
0.8076923076923077
0.7241379310344828
0.7352941176470589
0.7575757575757576
0.6923076923076923
0.6041666666666666
0.6557377049180327
0.7333333333333333
0.6666666666666666
0.6875
0.6842105263157895
0.6818181818181818
0.7692307692307693
0.625
0.7894736842105263
0.76
0.6785714285714286
0.76
0.7037037037037037
0.7419354838709677
0.8
0.9032258064516129
0.8695652173913043
0.8695652173913043
0.631578947368421
0.8
0.7142857142857143
0.7333333333333333
0.6756756756756757
0.8620689655172413
0.6410256410256411
0.6
0.75
0.65625
0.7777777777777778
0.7241379310344828
0.7
0.5666666666666667
0.8947368421052632
0.8333333333333334
0.7222222222222222
0.7027027027027027
0.6666666666666666
0.675
0.75
0.72
0.75
0.8214285714285714
0.696969696969697
0.6216216216216216
0.6086956521739131
0.8235294117647058
0.6363636363636364
0.6785714285714286
0.8260869565217391
0.7916666666666666
0.7037037037037037
0.6785714285714286
0.75
0.7058823529411765
0.6666666666666666
0.7435897435897436
0.8529411764705882
0.8055555555555556
0.7407407407407407
0.7407407407407407
0.7407407407407407
0.7142857142857143
0.7142857142857143
0.8823529411764706
1.0
0.8125
0.7
0.6774193548387096
0.7272727272727273
0.6153846153846154
0.8421052631578947
0.6578947368421053
0.6666666666666666
0.7083333333333334
0.7083333333333334
0.7083333333333334
0.6296296296296297
0.8095238095238095
0.71875
0.5882352941176471
0.8571428571428571
0.8108108108108109
0.5714285714285714
0.6428571428571429
0.72
0.72
0.7058823529411765
0.7058823529411765
0.75
0.6428571428571429
0.6923076923076923
0.7916666666666666
0.6551724137931034
0.7647058823529411
0.625
0.6060606060606061
0.6060606060606061
0.6451612903225806
0.6896551724137931
0.6896551724137931
0.7407407407407407
0.7105263157894737
0.7777777777777778
0.6774193548387096
0.75
0.6086956521739131
0.9166666666666666
0.5789473684210527
0.6571428571428571
0.8421052631578947
0.6923076923076923
0.6666666666666666
0.8636363636363636
1.0
0.6896551724137931
0.6774193548387096
0.6285714285714286
0.8214285714285714
0.8333333333333334
0.6578947368421053
0.6428571428571429
0.875
0.5657894736842105
0.6818181818181818
0.5925925925925926
0.7555555555555555
0.6666666666666666
0.7407407407407407
0.875
0.84
0.6666666666666666
0.7073170731707317
0.6976744186046512
0.9090909090909091
0.5609756097560976
0.8148148148148148
0.7741935483870968
0.5588235294117647
0.5769230769230769
0.6923076923076923
0.6521739130434783
0.8275862068965517
0.7142857142857143
0.8421052631578947
0.6666666666666666
0.6551724137931034
0.56
0.5833333333333334
0.6818181818181818
0.5
0.8787878787878788
0.6136363636363636
0.8928571428571429
0.8333333333333334
0.6756756756756757
0.65
0.5853658536585366
0.5609756097560976
0.6285714285714286
0.8148148148148148
0.7857142857142857
0.7586206896551724
0.7333333333333333
0.5384615384615384
0.8333333333333334
0.6060606060606061
0.7037037037037037
0.6551724137931034
0.7307692307692307
0.6923076923076923
0.6538461538461539
0.6382978723404256
0.7142857142857143
0.6086956521739131
0.6857142857142857
0.88
0.6285714285714286
0.6470588235294118
0.8076923076923077
0.7142857142857143
0.6451612903225806
0.7837837837837838
0.5757575757575758
0.7307692307692307
0.6923076923076923
0.72
0.7222222222222222
0.6071428571428571
0.6296296296296297
0.68
0.6818181818181818
0.6285714285714286
0.7586206896551724
0.6444444444444445
0.6363636363636364
0.8717948717948718
0.6896551724137931
0.5405405405405406
0.6451612903225806
0.8125
0.48484848484848486
0.5135135135135135
0.7037037037037037
0.6551724137931034
0.4897959183673469
0.782608695652174
0.8214285714285714
0.4722222222222222
0.5964912280701754
0.7391304347826086
0.5483870967741935
0.6296296296296297
0.6530612244897959
0.64
0.5833333333333334
0.6190476190476191
0.62
0.47619047619047616
0.7142857142857143
0.5
0.8
0.7894736842105263
0.6153846153846154
0.7058823529411765
0.4523809523809524
0.6129032258064516
0.6086956521739131
0.5348837209302325
0.6136363636363636
0.5142857142857142
0.6666666666666666
0.6206896551724138
0.8148148148148148
0.7096774193548387
0.6470588235294118
0.5
0.5663716814159292
0.7391304347826086
0.68
0.5666666666666667
0.68
0.5121951219512195
0.525
0.7
0.6578947368421053
0.4878048780487805
0.6
0.7714285714285715
0.675
0.5
0.6388888888888888
0.5476190476190477
0.6216216216216216
0.6764705882352942
0.59375
0.6551724137931034
0.5454545454545454
0.6206896551724138
0.5813953488372093
0.6666666666666666
0.5384615384615384
0.7368421052631579
0.7
0.5833333333333334
0.6086956521739131
0.7083333333333334
0.5510204081632653
0.5882352941176471
0.5306122448979592
0.5517241379310345
0.5714285714285714
0.475
0.76
0.7037037037037037
0.7692307692307693
0.5
0.6153846153846154
0.525
0.5454545454545454
0.6923076923076923
0.625
0.48333333333333334
0.5
0.4791666666666667
0.6060606060606061
0.6071428571428571
0.5384615384615384
0.7352941176470589
0.6470588235294118
0.5428571428571428
0.5428571428571428
0.6551724137931034
0.5161290322580645
0.5
0.5416666666666666
0.5897435897435898
0.4878048780487805
0.96
0.59375
0.48717948717948717
0.7241379310344828
0.55
0.5609756097560976
0.6571428571428571
0.64
0.75
0.5192307692307693
0.5625
0.6896551724137931
0.48
0.5714285714285714
0.47761194029850745
0.6538461538461539
0.4857142857142857
0.5862068965517241
0.5135135135135135
0.5476190476190477
0.7714285714285715
0.8421052631578947
0.7096774193548387
0.5806451612903226
0.5185185185185185
0.5217391304347826
0.5217391304347826
0.7105263157894737
0.5652173913043478
0.5526315789473685
0.5
0.5
0.4634146341463415
0.6333333333333333
0.6666666666666666
0.5862068965517241
0.5862068965517241
0.5151515151515151
0.5862068965517241
0.5
0.5555555555555556
0.5769230769230769
0.6046511627906976
0.4482758620689655
0.6428571428571429
0.47368421052631576
0.5
0.5625
0.64
0.5333333333333333
0.5675675675675675
0.42857142857142855
0.7307692307692307
0.8333333333333334
0.5151515151515151
0.5666666666666667
0.4857142857142857
0.5666666666666667
0.5357142857142857
0.5806451612903226
0.47368421052631576
0.4482758620689655
0.5
0.6956521739130435
0.6428571428571429
0.5185185185185185
0.4358974358974359
0.7083333333333334
0.6296296296296297
0.6896551724137931
0.5555555555555556
0.5833333333333334
0.6818181818181818
0.6
0.46153846153846156
0.8148148148148148
0.64
0.3939393939393939
0.41935483870967744
0.4482758620689655
0.65
0.4642857142857143
0.5652173913043478
0.5128205128205128
0.53125
0.6
0.546875
0.42424242424242425
0.6666666666666666
0.47368421052631576
0.46153846153846156
0.5806451612903226
0.55
0.625
0.5357142857142857
0.5555555555555556
0.76
0.4418604651162791
0.5757575757575758
0.45714285714285713
0.5454545454545454
0.43103448275862066
0.5483870967741935
0.7083333333333334
0.5151515151515151
0.4126984126984127
0.7647058823529411
0.46
0.6136363636363636
0.6
0.4666666666666667
0.5357142857142857
0.4444444444444444
0.42857142857142855
0.3902439024390244
0.5925925925925926
0.7096774193548387
0.6296296296296297
0.5483870967741935
0.5862068965517241
0.6
0.5454545454545454
0.42857142857142855
0.5277777777777778
0.5869565217391305
0.3888888888888889
0.4666666666666667
0.5384615384615384
0.5119047619047619
0.5178571428571429
0.4166666666666667
0.5
0.5714285714285714
0.44155844155844154
0.38636363636363635
0.4594594594594595
0.6071428571428571
0.5428571428571428
0.5454545454545454
0.43478260869565216
0.4583333333333333
0.46938775510204084
0.7222222222222222
0.4642857142857143
0.56
0.8421052631578947
0.38095238095238093
0.64
0.3953488372093023
0.4594594594594595
0.6071428571428571
0.6428571428571429
0.3877551020408163
0.7037037037037037
0.5
0.40384615384615385
0.41509433962264153
0.36507936507936506
0.4339622641509434
0.3372093023255814
0.375
0.4166666666666667
0.6551724137931034
0.4857142857142857
0.5277777777777778
0.4411764705882353
0.5833333333333334
0.5185185185185185
0.4482758620689655
0.46875
0.5
0.52
0.5
0.6684210526315789
0.719626168224299
0.7913669064748201
0.8189655172413793
0.5683453237410072
0.7931034482758621
0.6380090497737556
0.5283018867924528
0.6372093023255814
0.7319587628865979
0.6226415094339622
0.7322834645669292
1.0
0.592814371257485
0.5495495495495496
0.6418269230769231
0.5255474452554745
0.8373983739837398
0.7698744769874477
0.624113475177305
0.6923076923076923
0.5905511811023622
0.8712121212121212
0.4774774774774775
0.5774647887323944
0.5652173913043478
0.44047619047619047
0.5248618784530387
0.48502994011976047
0.6434782608695652
0.6784452296819788
0.5435897435897435
0.6259541984732825
0.6524822695035462
0.5972222222222222
0.7007874015748031
0.5990566037735849
0.7813953488372093
0.5168269230769231
0.6876513317191283
0.5833333333333334
0.7777777777777778
1.0
0.5168269230769231
0.6995305164319249
0.5693069306930693
1.0
0.57
0.8571428571428571
0.7136150234741784
0.7980769230769231
0.8455284552845529
0.7388059701492538
0.7878787878787878
0.44594594594594594
0.8690476190476191
0.5765765765765766
0.3655913978494624
0.6084905660377359
0.825136612021858
0.8258426966292135
0.7052631578947368
0.8317757009345794
0.7516339869281046
0.875
0.7891566265060241
0.6514423076923077
0.6075471698113207
0.7128712871287128
0.7591973244147158
0.8211382113821138
0.6995305164319249
0.6501766784452296
0.504950495049505
0.6981132075471698
0.6679389312977099
0.5522388059701493
0.527027027027027
0.75
0.7916666666666666
0.6502463054187192
0.6981132075471698
0.648854961832061
0.5840220385674931
0.5503597122302158
0.903954802259887
0.5846153846153846
0.46236559139784944
0.6625
0.772093023255814
0.7035175879396985
0.8333333333333334
0.6395348837209303
0.75
0.5247524752475248
1.0
0.8165137614678899
0.6431924882629108
1.0
0.49382716049382713
0.7236180904522613
0.6113744075829384
0.6492890995260664
0.8057553956834532
0.5688622754491018
1.0
0.6220472440944882
0.5491329479768786
0.648910411622276
0.8021390374331551
0.5362318840579711
0.5847457627118644
0.6473684210526316
0.7910447761194029
0.8207885304659498
0.5673758865248227
0.6011904761904762
0.44086021505376344
0.7697841726618705
0.45217391304347826
0.40476190476190477
0.55
0.7131147540983607
0.5297029702970297
0.7813953488372093
0.49504950495049505
0.7480314960629921
0.7175572519083969
0.7916666666666666
0.5957446808510638
0.5856573705179283
0.5895316804407713
0.59
0.5886524822695035
0.6076923076923076
0.5760869565217391
0.5957446808510638
0.6807511737089202
0.6634615384615384
0.6051282051282051
0.8083333333333333
0.6320754716981132
0.5905511811023622
0.5657370517928287
0.8157894736842105
0.8870056497175142
0.5833333333333334
0.9468085106382979
0.7813620071684588
0.49615384615384617
0.5389221556886228
0.8
0.6928104575163399
0.9680851063829787
0.7156626506024096
0.7322834645669292
0.6666666666666666
1.0
0.7094430992736077
0.49606299212598426
0.7476635514018691
0.6823529411764706
0.956989247311828
0.49101796407185627
0.6521739130434783
0.5072463768115942
0.5526315789473685
0.6226415094339622
0.7754010695187166
0.6208530805687204
0.49635036496350365
0.8
0.7814569536423841
0.8132530120481928
0.8410596026490066
0.7558528428093646
0.48175182481751827
0.44554455445544555
0.7401574803149606
0.851063829787234
0.7451923076923077
0.8508771929824561
0.630057803468208
0.981651376146789
0.5876288659793815
0.5677966101694916
0.7956989247311828
0.8807339449541285
0.7086614173228346
0.6347826086956522
0.44554455445544555
0.6273584905660378
0.8409090909090909
0.5750798722044729
0.7190635451505016
0.7884615384615384
0.9148936170212766
0.725
0.8059071729957806
0.5896414342629482
0.6271186440677966
0.4744525547445255
0.5645161290322581
0.7476635514018691
1.0
0.828125
0.7875
0.9090909090909091
0.569060773480663
0.5594059405940595
0.631578947368421
0.875
0.9047619047619048
0.5902777777777778
0.5649038461538461
0.9096045197740112
0.7590361445783133
0.55
0.6823529411764706
0.6564885496183206
0.6578947368421053
0.6867924528301886
0.6861313868613139
0.59
0.6062992125984252
0.8313253012048193
0.7627906976744186
1.0
0.5149700598802395
0.7388059701492538
0.5507246376811594
0.9680851063829787
0.582089552238806
0.7419354838709677
0.6016949152542372
0.5057471264367817
0.8
0.7697594501718213
0.5419354838709678
0.8173076923076923
0.981651376146789
0.6259541984732825
0.7748344370860927
0.5144230769230769
0.5527156549520766
0.5679012345679012
0.9655172413793104
0.7674418604651163
0.6236559139784946
0.9471153846153846
0.6194690265486725
0.7549668874172185
0.7622641509433963
0.8059071729957806
0.6299212598425197
1.0
0.6724137931034483
0.8690476190476191
0.9655172413793104
0.7706422018348624
0.4876543209876543
0.625
0.8452380952380952
0.5827338129496403
0.5857988165680473
0.7638190954773869
0.8936170212765957
0.8354430379746836
0.6018099547511312
0.38461538461538464
0.8870967741935484
0.6210526315789474
0.5857988165680473
0.7244094488188977
0.5509641873278237
0.6993464052287581
0.5251396648044693
0.7941176470588235
0.6141732283464567
0.9166666666666666
0.7196652719665272
0.5107913669064749
0.7967479674796748
0.9459459459459459
0.8712121212121212
0.8623853211009175
0.8413461538461539
0.7404255319148936
0.9516129032258065
0.6041666666666666
0.8983050847457628
0.5373134328358209
0.5139664804469274
0.6058823529411764
0.6153846153846154
0.8
0.908256880733945
0.6889632107023411
0.6
0.8852459016393442
0.6170212765957447
0.6086956521739131
0.49122807017543857
0.6410256410256411
0.696969696969697
0.9827586206896551
0.56
0.9405940594059405
0.7241379310344828
1.0
0.725752508361204
0.6428571428571429
0.4942528735632184
0.56353591160221
0.8110236220472441
0.7967914438502673
0.7189542483660131
0.8103448275862069
0.6862745098039216
0.639344262295082
0.8300653594771242
0.3655913978494624
0.9278846153846154
0.43575418994413406
0.5671641791044776
0.5370370370370371
0.6715328467153284
0.7112299465240641
0.6127167630057804
0.5833333333333334
0.5
0.6641509433962264
0.5405405405405406
0.7491166077738516
0.8
0.30952380952380953
0.6466346153846154
0.7238805970149254
0.5192307692307693
0.39285714285714285
0.539568345323741
0.5841584158415841
0.6192307692307693
0.7540106951871658
0.5932203389830508
0.8305084745762712
0.6736842105263158
0.7276595744680852
0.39603960396039606
0.7761194029850746
0.6633663366336634
0.8743169398907104
0.5580110497237569
0.8811881188118812
0.5120192307692307
0.7450980392156863
0.7194570135746606
0.9908256880733946
0.7303370786516854
0.745819397993311
0.6901408450704225
0.5671641791044776
0.7777777777777778
0.5439560439560439
0.7789473684210526
0.631578947368421
0.5694444444444444
0.8315412186379928
0.5529411764705883
0.6377952755905512
0.7339449541284404
0.7166666666666667
0.6548672566371682
0.5474452554744526
0.6996466431095406
0.6726190476190477
0.5824175824175825
0.5625
0.7285223367697594
0.5857988165680473
0.56353591160221
0.7044334975369458
0.5144230769230769
0.6460176991150443
0.4158415841584158
0.9711538461538461
0.6745283018867925
0.6194690265486725
0.7447698744769874
0.5419354838709678
0.6882352941176471
0.5970149253731343
0.6666666666666666
0.7035175879396985
0.7670250896057348
0.514792899408284
0.5508474576271186
0.8342245989304813
0.5680473372781065
0.7191283292978208
0.4166666666666667
0.5527156549520766
0.7692307692307693
0.5740740740740741
0.5934065934065934
0.847457627118644
0.599009900990099
0.8504672897196262
0.8057553956834532
0.7789473684210526
0.825136612021858
0.95
0.8655913978494624
0.56353591160221
0.7734939759036145
0.7813620071684588
0.549800796812749
0.5419354838709678
0.6995073891625616
0.8135593220338984
0.40476190476190477
0.5036496350364964
0.819672131147541
0.7931034482758621
0.5
0.8373983739837398
0.6037735849056604
0.8165137614678899
0.8317757009345794
0.7903225806451613
0.5067567567567568
0.8333333333333334
0.6377952755905512
0.7559055118110236
0.5588235294117647
0.7364016736401674
0.8385416666666666
0.5543478260869565
0.720754716981132
0.575
0.5789473684210527
0.5833333333333334
0.6666666666666666
0.5819672131147541
0.5763888888888888
0.7405857740585774
0.5439560439560439
0.6904761904761905
0.7591973244147158
0.8763440860215054
0.7615894039735099
0.822429906542056
0.7684210526315789
0.762589928057554
0.46706586826347307
0.5841584158415841
0.5659340659340659
0.7431192660550459
0.4752475247524752
0.5670103092783505
0.4581005586592179
0.8809523809523809
0.6347826086956522
0.8333333333333334
0.6821192052980133
0.6631578947368421
0.6347826086956522
0.7044334975369458
0.7480916030534351
0.5594059405940595
0.7914893617021277
0.5135135135135135
0.6679245283018868
0.6705882352941176
0.847457627118644
0.7250859106529209
0.5606936416184971
0.6201923076923077
0.5418326693227091
0.6792452830188679
0.9711538461538461
0.7916666666666666
0.5602836879432624
0.635036496350365
0.4692737430167598
0.5773195876288659
0.6566037735849056
0.7973856209150327
0.49324324324324326
0.7662650602409639
0.8024096385542169
0.6732673267326733
0.900990099009901
0.6443514644351465
0.6527777777777778
0.47126436781609193
0.6492890995260664
0.6515151515151515
0.5495049504950495
0.35611510791366907
0.573076923076923
0.95
0.7489361702127659
0.6060606060606061
0.43243243243243246
0.6344086021505376
0.4827586206896552
0.6682808716707022
0.796875
0.6268656716417911
0.7748091603053435
0.704225352112676
0.7875
0.6069364161849711
0.5773195876288659
0.5495049504950495
0.7865168539325843
0.6335877862595419
0.7692307692307693
0.6904761904761905
0.5315315315315315
0.6547619047619048
0.625
0.7228915662650602
0.6904761904761905
0.75
0.5737051792828686
0.7085427135678392
0.7128712871287128
0.6595744680851063
0.8811881188118812
0.8185654008438819
0.7238493723849372
0.6721311475409836
0.5792079207920792
0.8312236286919831
0.4774193548387097
0.6009852216748769
0.6763005780346821
0.6779661016949152
0.8
0.4492753623188406
0.47530864197530864
0.5877862595419847
0.5268817204301075
0.6847290640394089
0.8048192771084337
0.5363128491620112
0.8365384615384616
0.5865384615384616
0.8
0.5688405797101449
0.8469945355191257
0.7276595744680852
0.6832579185520362
0.8448275862068966
0.9015151515151515
0.6369047619047619
0.7660377358490567
0.5445544554455446
0.6666666666666666
0.6016949152542372
0.8012048192771084
0.6357388316151202
0.5660377358490566
0.6129032258064516
0.44047619047619047
0.5829383886255924
0.46368715083798884
0.7222222222222222
0.6423357664233577
0.946969696969697
0.5876777251184834
0.7808988764044944
0.7589743589743589
0.8305084745762712
0.5263157894736842
0.9482758620689655
0.6194690265486725
0.958974358974359
0.7191011235955056
0.5138121546961326
0.6303317535545023
0.5559105431309904
0.4473684210526316
0.875
0.6058823529411764
0.7446808510638298
0.5283018867924528
0.7049180327868853
0.7254901960784313
0.7581699346405228
0.7018867924528301
0.6105769230769231
0.7769784172661871
0.8143459915611815
0.7388059701492538
0.9823529411764705
0.8333333333333334
0.8118811881188119
0.5670103092783505
1.0
0.6394230769230769
0.49504950495049505
0.6683417085427136
0.559322033898305
0.5537190082644629
0.7106382978723405
0.8690476190476191
0.48188405797101447
0.5623003194888179
0.8571428571428571
0.7611940298507462
0.896551724137931
0.6473988439306358
1.0
0.7089552238805971
0.868421052631579
0.5929203539823009
0.6879432624113475
0.5472972972972973
0.8939393939393939
0.6098901098901099
0.7874015748031497
0.7931034482758621
0.6277372262773723
0.5763888888888888
0.6643109540636042
0.5399361022364217
0.9166666666666666
1.0
0.5277777777777778
0.8273381294964028
0.5841584158415841
0.7509433962264151
0.7175572519083969
0.7584905660377359
0.5360824742268041
0.574468085106383
0.7279151943462897
0.7540983606557377
0.5362318840579711
0.5847457627118644
0.6641221374045801
0.5653846153846154
0.7441860465116279
0.5935828877005348
0.7796610169491526
0.7662650602409639
0.7353951890034365
0.574468085106383
0.7615894039735099
0.5419354838709678
0.8489583333333334
0.5290322580645161
0.9269662921348315
0.3333333333333333
0.8181818181818182
0.5471014492753623
0.9326923076923077
0.8072916666666666
0.7684210526315789
0.6867924528301886
0.7506053268765133
0.58
0.5036496350364964
0.5172413793103449
0.7766323024054983
0.7712418300653595
0.6102564102564103
0.7771084337349398
0.5632183908045977
0.5143769968051118
0.5785123966942148
0.5737704918032787
0.6335877862595419
0.47126436781609193
0.5679012345679012
0.5594059405940595
1.0
0.7131147540983607
0.967741935483871
0.6551724137931034
0.8370786516853933
0.9405940594059405
0.8165137614678899
0.7320754716981132
0.9574468085106383
0.5474452554744526
0.7894736842105263
0.6041666666666666
0.635036496350365
0.8811881188118812
0.611764705882353
0.7789473684210526
0.5538461538461539
0.6268656716417911
0.4326241134751773
0.6108597285067874
0.8
1.0
0.6588235294117647
0.6633165829145728
0.5876288659793815
0.8103448275862069
0.6153846153846154
0.7022900763358778
0.7007874015748031
0.9361702127659575
1.0
0.7291666666666666
0.7619047619047619
0.5419354838709678
1.0
0.9318181818181818
0.6453900709219859
0.7314487632508834
0.6633663366336634
0.6106194690265486
0.8807339449541285
0.5176470588235295
0.847457627118644
0.5215827338129496
1.0
0.5657370517928287
0.5826771653543307
0.5054945054945055
0.581267217630854
0.7916666666666666
0.6705882352941176
0.5283018867924528
1.0
0.7771084337349398
0.6666666666666666
