0.0
0.04081632653061224
0.22727272727272727
0.13333333333333333
0.0
0.0
0.0
0.0
0.0
0.23529411764705882
0.375
0.375
0.0
0.0
0.0
0.0
0.3333333333333333
0.0
0.0
0.0
0.35714285714285715
0.42857142857142855
0.0
0.0
0.35714285714285715
0.0
0.0
0.0
0.0
0.0
0.0
0.030303030303030304
0.012048192771084338
0.03225806451612903
0.0
0.0
0.0
0.0
0.0
0.0
0.0
0.0
0.0
0.022727272727272728
0.0
0.0
0.0
0.0
0.0
0.0
0.0
0.0
0.0
0.0
0.0
0.0
0.0
0.0
0.0
0.0
0.0
0.0
0.0
0.0
0.0
0.0
0.0
0.0
0.0
0.0
0.0
0.0
0.0
0.0
0.0
0.0
0.0
0.0
0.0
0.0
0.0
0.0
0.0
0.0
0.0
0.0
0.0
0.0
0.0
0.0
0.05263157894736842
0.0
0.0
0.0
0.0
0.5
0.0
0.0
0.0
0.0
0.0
0.0
0.3333333333333333
0.0
0.6666666666666666
0.0
0.0
0.0
0.0
0.3333333333333333
0.0
0.0
0.14285714285714285
0.3333333333333333
0.0
0.25
0.0
0.0
0.1111111111111111
0.03571428571428571
0.024390243902439025
0.0
0.0
0.04
0.14285714285714285
0.0
0.041666666666666664
0.14285714285714285
0.0
0.16666666666666666
0.0
0.022727272727272728
0.0
0.0
0.0
0.0
0.10526315789473684
0.07142857142857142
0.0
0.06666666666666667
0.1111111111111111
0.0
0.03225806451612903
0.13333333333333333
0.0
0.03773584905660377
0.0
0.0
0.0
0.075
0.0
0.04411764705882353
0.0
0.0
0.0
0.04
0.0
0.0
0.0
0.0
0.03389830508474576
0.0
0.0
0.0
0.0
0.0
0.0
0.06666666666666667
0.0
0.0
0.017857142857142856
0.0
0.0
0.0
0.0
0.078125
0.1111111111111111
0.0967741935483871
0.12962962962962962
0.0
0.09090909090909091
0.0
0.08771929824561403
0.06349206349206349
0.12
0.23809523809523808
0.13513513513513514
0.14814814814814814
0.10714285714285714
0.18421052631578946
0.020833333333333332
0.10810810810810811
0.13513513513513514
0.0
0.045454545454545456
0.021739130434782608
0.18421052631578946
0.0
0.057971014492753624
0.0
0.10810810810810811
0.01639344262295082
0.05813953488372093
0.0
0.0
0.05263157894736842
0.0
0.0
0.0
0.2222222222222222
0.0
0.1111111111111111
0.0
0.0
0.0
0.0
0.0
0.027777777777777776
0.0
0.0
0.0
0.0
0.0
0.1111111111111111
0.1111111111111111
0.0
0.0
0.0
0.1111111111111111
0.0
0.0
0.0
0.0
0.0
0.0
0.03389830508474576
0.015384615384615385
0.0
0.0
0.05555555555555555
0.0
0.02040816326530612
0.020833333333333332
0.04878048780487805
0.09090909090909091
0.0
0.011494252873563218
0.0
0.11363636363636363
0.0
0.01639344262295082
0.0196078431372549
0.09615384615384616
0.025
0.0
0.0
0.0
0.0
0.0
0.0
0.022222222222222223
0.0
0.0
0.0
0.0
0.0
0.0
0.04081632653061224
0.0125
0.07142857142857142
0.03333333333333333
0.057692307692307696
0.021739130434782608
0.021739130434782608
0.0
0.0
0.057692307692307696
0.011627906976744186
0.0
0.0
0.05555555555555555
0.0
0.0
0.0
0.02564102564102564
0.01639344262295082
0.02
0.0
0.0
0.0
0.0
0.06521739130434782
0.037037037037037035
0.024390243902439025
0.0
0.0
0.02631578947368421
0.0
0.0
0.0
0.0
0.02702702702702703
0.0
0.0
0.0
0.0
0.05128205128205128
0.0
0.0
0.0
0.0
0.0
0.025
0.0
0.0
0.025
0.0
0.0
0.0
0.0
0.0
0.0
0.0
0.0
0.0
0.0
0.0
0.0
0.0
0.0
0.0
0.0
0.0
0.0
0.0
0.0
0.0
0.0
0.0
0.0
0.0
0.0
0.0
0.0
0.0
0.0
0.0
0.0
0.0
0.0
0.0
0.0
0.0
0.0
0.0182648401826484
0.03333333333333333
0.0
0.01694915254237288
0.0
0.0
0.0
0.02857142857142857
0.02127659574468085
0.0
0.0
0.0
0.07462686567164178
0.012195121951219513
0.028169014084507043
0.016129032258064516
0.05084745762711865
0.0
0.05
0.041666666666666664
0.0
0.03278688524590164
0.058823529411764705
0.0
0.11764705882352941
0.017241379310344827
0.0
0.06557377049180328
0.01818181818181818
0.0
0.0
0.0
0.0
0.0
0.0
0.0
0.0
0.0
0.0
0.0
0.0
0.0
0.0
0.0
0.037037037037037035
0.0
0.0
0.0
0.0
0.0
0.0
0.0
0.0
0.0
0.0
0.0
0.0
0.047619047619047616
0.0
0.05714285714285714
0.0
0.4117647058823529
0.023809523809523808
0.4666666666666667
0.0
0.0
0.0
0.037037037037037035
0.5
0.5384615384615384
0.5
0.03571428571428571
0.0
0.0
0.13793103448275862
0.0
0.0
0.23333333333333334
0.5833333333333334
0.4375
0.0
0.5833333333333334
0.0
0.5384615384615384
0.35
0.3333333333333333
0.0
0.0
0.0
0.13513513513513514
0.0
0.0
0.25
0.0
0.05
0.0
0.0
0.0
0.0
0.0
0.0
1.0
0.0
0.0
0.0
0.2
0.0
0.0
0.0
0.0
0.0
0.0
0.0
0.0
0.0
0.0
0.0
0.0
0.0
0.0
0.0
0.0
0.012345679012345678
0.0
0.0
0.06666666666666667
0.0
0.0
0.0
0.03333333333333333
0.0
0.0
0.0
0.0
0.0
0.0
0.06976744186046512
0.08
0.0
0.07142857142857142
0.04878048780487805
0.0
0.07142857142857142
0.0
0.12
0.0
0.1
0.08333333333333333
0.0
0.11538461538461539
0.0
0.013157894736842105
0.0
0.0
0.0
0.0
0.0
0.0
0.0
0.0
0.0
0.0
0.0
0.0
0.0
0.0
0.0
0.0
0.0
0.0
0.0
0.0
0.0
0.0
0.0
0.0
0.0
0.0
0.0
0.0
0.0
0.0
0.0
0.021739130434782608
0.0
0.03389830508474576
0.0
0.022222222222222223
0.0
0.022222222222222223
0.0
0.0
0.0
0.025
0.022727272727272728
0.0
0.0
0.0
0.021739130434782608
0.0
0.03571428571428571
0.0
0.0
0.0
0.025
0.0
0.0
0.0
0.022727272727272728
0.0
0.0
0.0
0.0
0.010752688172043012
0.0
0.0
0.11428571428571428
0.03636363636363636
0.05405405405405406
0.0
0.025
0.0
0.0
0.043478260869565216
0.041666666666666664
0.058823529411764705
0.0
0.037037037037037035
0.027777777777777776
0.03225806451612903
0.029411764705882353
0.0
0.030303030303030304
0.0
0.05555555555555555
0.03225806451612903
0.0625
0.06896551724137931
0.03225806451612903
0.08695652173913043
0.05555555555555555
0.0
0.0
0.08333333333333333
0.0
0.02857142857142857
0.0
0.03125
0.010101010101010102
0.023255813953488372
0.0
0.0
0.0
0.0
0.0
0.045454545454545456
0.02631578947368421
0.0
0.0
0.0
0.0
0.0
0.0
0.0
0.0
0.05263157894736842
0.0
0.024390243902439025
0.0
0.02127659574468085
0.0
0.0
0.03125
0.0
0.0
0.0
