0.0
0.1111111111111111
0.4444444444444444
0.5555555555555556
0.0
0.0
0.0
0.0
0.0
0.3333333333333333
0.5555555555555556
0.5555555555555556
0.0
0.0
0.0
0.0
0.4444444444444444
0.0
0.0
0.0
0.4444444444444444
0.5555555555555556
0.0
0.0
0.4444444444444444
0.0
0.0
0.0
0.0
0.0
0.0
0.0
0.0
0.0
0.0
0.0
0.0
0.0
0.0
0.0
0.0
0.0
0.0
0.0
0.0
0.0
0.0
0.0
0.0
0.0
0.0
0.0
0.0
0.0
0.0
0.0
0.0
0.0
0.0
0.0
0.0
0.0
0.0
0.0
0.0
0.0
0.0
0.0
0.0
0.0
0.0
0.0
0.0
0.0
0.0
0.0
0.0
0.0
0.0
0.0
0.0
0.0
0.0
0.0
0.0
0.0
0.0
0.0
0.0
0.0
0.0
0.0
0.0
0.0
0.0
0.5
0.0
0.0
0.0
0.0
0.0
0.0
0.5
0.0
0.5
0.0
0.0
0.0
0.0
1.0
0.0
0.0
0.5
1.0
0.0
0.0
0.0
0.0
0.14285714285714285
0.0
0.0
0.0
0.0
0.0
0.14285714285714285
0.0
0.0
0.14285714285714285
0.0
0.14285714285714285
0.0
0.0
0.0
0.0
0.0
0.0
0.14285714285714285
0.0
0.0
0.0
0.14285714285714285
0.0
0.0
0.14285714285714285
0.0
0.04
0.0
0.0
0.0
0.08
0.0
0.04
0.0
0.0
0.0
0.0
0.0
0.0
0.0
0.0
0.04
0.0
0.0
0.0
0.0
0.0
0.0
0.04
0.0
0.0
0.0
0.0
0.0
0.0
0.0
0.23076923076923078
0.23076923076923078
0.3076923076923077
0.38461538461538464
0.0
0.23076923076923078
0.0
0.23076923076923078
0.23076923076923078
0.3076923076923077
0.3076923076923077
0.23076923076923078
0.15384615384615385
0.15384615384615385
0.3076923076923077
0.0
0.23076923076923078
0.3076923076923077
0.0
0.0
0.0
0.38461538461538464
0.0
0.23076923076923078
0.0
0.23076923076923078
0.0
0.3076923076923077
0.0
0.0
0.0
0.0
0.0
0.0
0.16666666666666666
0.0
0.0
0.0
0.0
0.0
0.0
0.0
0.0
0.0
0.0
0.0
0.0
0.0
0.0
0.0
0.0
0.0
0.0
0.0
0.0
0.0
0.0
0.0
0.0
0.0
0.0
0.0
0.0
0.0
0.04
0.0
0.0
0.0
0.04
0.08
0.0
0.0
0.0
0.12
0.0
0.0
0.0
0.12
0.0
0.0
0.0
0.0
0.0
0.0
0.0
0.0
0.0
0.0
0.0
0.0
0.0
0.0
0.03125
0.0
0.0625
0.03125
0.0
0.0
0.0
0.0
0.0
0.03125
0.0
0.0
0.0
0.03125
0.0
0.0
0.0
0.0
0.0
0.0
0.0
0.0
0.0
0.0
0.03125
0.0625
0.0
0.0
0.0
0.0
0.0
0.0
0.0
0.0
0.0
0.0
0.0
0.0
0.0
0.03571428571428571
0.0
0.0
0.0
0.0
0.0
0.0
0.0
0.0
0.0
0.0
0.0
0.0
0.0
0.0
0.0
0.0
0.0
0.0
0.0
0.0
0.0
0.0
0.0
0.0
0.0
0.0
0.0
0.0
0.0
0.0
0.0
0.0
0.0
0.0
0.0
0.0
0.0
0.0
0.0
0.0
0.0
0.0
0.0
0.0
0.0
0.0
0.0
0.02857142857142857
0.0
0.0
0.0
0.0
0.0
0.0
0.0
0.0
0.0
0.0
0.0
0.05714285714285714
0.0
0.0
0.0
0.02857142857142857
0.0
0.05714285714285714
0.0
0.0
0.02857142857142857
0.02857142857142857
0.0
0.14285714285714285
0.0
0.0
0.02857142857142857
0.0
0.0
0.0
0.0
0.0
0.0
0.0
0.0
0.0
0.0
0.0
0.0
0.0
0.0
0.0
0.0
0.0
0.0
0.0
0.0
0.0
0.0
0.0
0.0
0.0
0.0
0.0
0.0
0.0
0.0
0.0
0.1111111111111111
0.0
0.6666666666666666
0.0
0.6666666666666666
0.0
0.0
0.0
0.0
0.5555555555555556
0.6666666666666666
0.6666666666666666
0.0
0.0
0.0
0.3333333333333333
0.0
0.0
0.6666666666666666
0.6666666666666666
0.6666666666666666
0.0
0.6666666666666666
0.0
0.6666666666666666
0.6666666666666666
0.3333333333333333
0.0
0.0
0.0
0.3333333333333333
0.0
0.0
0.0
0.0
0.0
0.0
0.0
0.0
0.0
0.0
0.0
0.0
0.0
0.0
0.0
0.0
0.0
0.0
0.0
0.0
0.0
0.0
0.0
0.0
0.0
0.0
0.0
0.0
0.0
0.0
0.0
0.0
0.0
0.0
0.0
0.06666666666666667
0.0
0.0
0.0
0.0
0.0
0.0
0.0
0.0
0.0
0.0
0.06666666666666667
0.06666666666666667
0.0
0.06666666666666667
0.0
0.0
0.06666666666666667
0.0
0.13333333333333333
0.0
0.06666666666666667
0.13333333333333333
0.0
0.06666666666666667
0.0
0.0
0.0
0.0
0.0
0.0
0.0
0.0
0.0
0.0
0.0
0.0
0.0
0.0
0.0
0.0
0.0
0.0
0.0
0.0
0.0
0.0
0.0
0.0
0.0
0.0
0.0
0.0
0.0
0.0
0.0
0.0
0.0
0.0
0.0
0.038461538461538464
0.0
0.0
0.0
0.0
0.0
0.0
0.0
0.0
0.0
0.0
0.0
0.0
0.0
0.0
0.0
0.0
0.0
0.0
0.0
0.0
0.0
0.0
0.0
0.0
0.0
0.0
0.0
0.0
0.0
0.0
0.14285714285714285
0.0
0.0
0.0
0.0
0.0
0.0
0.0
0.0
0.0
0.0
0.0
0.0
0.0
0.0
0.0
0.0
0.0
0.0
0.0
0.0
0.0
0.0
0.0
0.0
0.0
0.0
0.07142857142857142
0.0
0.0
0.0
0.0
0.0
0.0
0.0
0.0
0.0
0.0
0.0
0.0
0.0
0.0
0.0
0.0
0.0
0.0
0.0
0.0
0.0
0.0
0.0
0.0
0.0
0.0
0.0
0.0
0.0
0.0
0.0
0.0
