0.1111111111111111
0.22857142857142856
0.42105263157894735
0.24242424242424243
0.14285714285714285
0.047619047619047616
0.13333333333333333
0.2
0.11428571428571428
0.4
0.4666666666666667
0.4666666666666667
0.13043478260869565
0.2857142857142857
0.08333333333333333
0.13157894736842105
0.42857142857142855
0.14814814814814814
0.13043478260869565
0.10810810810810811
0.46153846153846156
0.5384615384615384
0.14285714285714285
0.16666666666666666
0.46153846153846156
0.16
0.16129032258064516
0.14285714285714285
0.06779661016949153
0.1111111111111111
0.15789473684210525
0.25
0.09433962264150944
0.20833333333333334
0.08695652173913043
0.0
0.125
0.0
0.125
0.11538461538461539
0.125
0.0
0.0
0.15151515151515152
0.125
0.1
0.04878048780487805
0.05
0.05
0.05263157894736842
0.125
0.0
0.08
0.11764705882352941
0.08695652173913043
0.05128205128205128
0.06666666666666667
0.075
0.030303030303030304
0.04081632653061224
0.08333333333333333
0.047619047619047616
0.1111111111111111
0.06666666666666667
0.058823529411764705
0.038461538461538464
0.09090909090909091
0.125
0.03636363636363636
0.13333333333333333
0.0
0.0625
0.1111111111111111
0.03571428571428571
0.07407407407407407
0.13043478260869565
0.03225806451612903
0.09090909090909091
0.05555555555555555
0.06666666666666667
0.1875
0.058823529411764705
0.05
0.125
0.1111111111111111
0.058823529411764705
0.041666666666666664
0.25
0.5714285714285714
0.23076923076923078
0.2777777777777778
0.4
0.125
0.16666666666666666
0.125
0.6666666666666666
0.2
0.3333333333333333
0.5
0.3333333333333333
0.5
0.3
0.5714285714285714
0.5
0.8
0.6
0.1875
0.4
0.2
0.5
0.4
0.2222222222222222
0.3076923076923077
0.5
0.42857142857142855
0.5
0.26666666666666666
0.15625
0.5
0.4
0.25925925925925924
0.26666666666666666
0.15625
0.3
0.46153846153846156
0.2
0.3
0.5833333333333334
0.25
0.45454545454545453
0.0967741935483871
0.2413793103448276
0.25
0.08163265306122448
0.14285714285714285
0.13043478260869565
0.3333333333333333
0.5
0.125
0.5833333333333334
0.35294117647058826
0.35
0.3181818181818182
0.3333333333333333
0.1891891891891892
0.2
0.25
0.4375
0.23333333333333334
0.2857142857142857
0.18181818181818182
0.2926829268292683
0.3333333333333333
0.16666666666666666
0.13333333333333333
0.2571428571428571
0.14285714285714285
0.045454545454545456
0.37142857142857144
0.1724137931034483
0.2631578947368421
0.23076923076923078
0.17777777777777778
0.07692307692307693
0.2692307692307692
0.08695652173913043
0.16
0.2608695652173913
0.2916666666666667
0.25925925925925924
0.2702702702702703
0.1875
0.12121212121212122
0.2222222222222222
0.08571428571428572
0.2
0.2857142857142857
0.29411764705882354
0.30303030303030304
0.27586206896551724
0.25
0.24
0.2727272727272727
0.2857142857142857
0.3125
0.4117647058823529
0.36363636363636365
0.3333333333333333
0.18181818181818182
0.4230769230769231
0.3
0.2692307692307692
0.2692307692307692
0.3
0.2
0.22580645161290322
0.4782608695652174
0.11764705882352941
0.19444444444444445
0.0
0.2692307692307692
0.2571428571428571
0.1590909090909091
0.046511627906976744
0.08333333333333333
0.35294117647058826
0.13953488372093023
0.2727272727272727
0.043478260869565216
0.6666666666666666
0.17647058823529413
0.5555555555555556
0.2222222222222222
0.46153846153846156
0.09523809523809523
0.038461538461538464
0.0625
0.2
0.18181818181818182
0.1111111111111111
0.6666666666666666
0.045454545454545456
0.4
0.5555555555555556
0.5555555555555556
0.2
0.21052631578947367
0.058823529411764705
0.5555555555555556
0.3333333333333333
0.2857142857142857
0.0
0.125
0.25925925925925924
0.15625
0.2894736842105263
0.2564102564102564
0.35135135135135137
0.2682926829268293
0.25
0.21621621621621623
0.3225806451612903
0.22857142857142856
0.2857142857142857
0.4230769230769231
0.14285714285714285
0.24489795918367346
0.21951219512195122
0.28125
0.15151515151515152
0.23255813953488372
0.22857142857142856
0.4838709677419355
0.3333333333333333
0.2127659574468085
0.22580645161290322
0.23529411764705882
0.25
0.20454545454545456
0.2
0.48148148148148145
0.2571428571428571
0.23636363636363636
0.17073170731707318
0.2
0.18867924528301888
0.14893617021276595
0.17647058823529413
0.13725490196078433
0.23333333333333334
0.21621621621621623
0.3235294117647059
0.21875
0.25806451612903225
0.12195121951219512
0.08333333333333333
0.23684210526315788
0.2549019607843137
0.2
0.24242424242424243
0.23076923076923078
0.08571428571428572
0.07407407407407407
0.11764705882352941
0.22448979591836735
0.2
0.14285714285714285
0.25806451612903225
0.3023255813953488
0.25
0.10810810810810811
0.2903225806451613
0.21153846153846154
0.2857142857142857
0.0
0.30434782608695654
0.24
0.2608695652173913
0.08
0.25
0.041666666666666664
0.34782608695652173
0.24
0.08
0.0
0.043478260869565216
0.2692307692307692
0.2857142857142857
0.32
0.2692307692307692
0.15384615384615385
0.08695652173913043
0.4782608695652174
0.11538461538461539
0.2608695652173913
0.36
0.21739130434782608
0.3076923076923077
0.20833333333333334
0.17391304347826086
0.23076923076923078
0.038461538461538464
0.2682926829268293
0.14285714285714285
0.07692307692307693
0.09523809523809523
0.045454545454545456
0.041666666666666664
0.0
0.16666666666666666
0.0
0.0
0.0
0.09090909090909091
0.0
0.0
0.041666666666666664
0.043478260869565216
0.13333333333333333
0.15384615384615385
0.16666666666666666
0.0
0.0
0.0
0.0
0.07142857142857142
0.08333333333333333
0.0
0.0
0.1
0.0
0.0
0.1
0.13043478260869565
0.10476190476190476
0.48148148148148145
0.15789473684210525
0.4444444444444444
0.30303030303030304
0.2413793103448276
0.21621621621621623
0.3235294117647059
0.14814814814814814
0.1935483870967742
0.1875
0.19230769230769232
0.3939393939393939
0.2857142857142857
0.2702702702702703
0.21212121212121213
0.21212121212121213
0.125
0.28125
0.4090909090909091
0.08333333333333333
0.36666666666666664
0.37037037037037035
0.23076923076923078
0.37142857142857144
0.3103448275862069
0.1111111111111111
0.30303030303030304
0.17142857142857143
0.0625
0.07142857142857142
0.10344827586206896
0.0
0.07692307692307693
0.20689655172413793
0.14705882352941177
0.15789473684210525
0.11538461538461539
0.13793103448275862
0.15384615384615385
0.15
0.047619047619047616
0.08888888888888889
0.08823529411764706
0.3181818181818182
0.11627906976744186
0.041666666666666664
0.12121212121212122
0.07692307692307693
0.19230769230769232
0.09090909090909091
0.2727272727272727
0.0
0.045454545454545456
0.04
0.125
0.05555555555555555
0.3
0.043478260869565216
0.2608695652173913
0.2857142857142857
0.5833333333333334
0.25925925925925924
0.5833333333333334
0.21428571428571427
0.18181818181818182
0.18181818181818182
0.35294117647058826
0.6
0.7
0.6363636363636364
0.4117647058823529
0.15384615384615385
0.5
0.35
0.1875
0.2727272727272727
0.38095238095238093
0.6
0.46153846153846156
0.25
0.6
0.4444444444444444
0.7
0.4
0.6666666666666666
0.625
0.5555555555555556
0.07142857142857142
0.28
0.1111111111111111
0.16666666666666666
0.5
0.08571428571428572
0.15
0.09523809523809523
0.08695652173913043
0.0
0.13333333333333333
0.0
0.3
1.0
0.0
0.0
0.3
0.42857142857142855
0.0
0.06666666666666667
0.1111111111111111
0.1111111111111111
0.2857142857142857
0.16666666666666666
0.0
0.058823529411764705
0.2857142857142857
0.0
0.0
0.6666666666666666
0.05555555555555555
0.08333333333333333
0.05
0.21212121212121213
0.1016949152542373
0.1891891891891892
0.06666666666666667
0.3333333333333333
0.1388888888888889
0.2222222222222222
0.16666666666666666
0.30434782608695654
0.27586206896551724
0.06666666666666667
0.07142857142857142
0.16129032258064516
0.15
0.16666666666666666
0.3548387096774194
0.2727272727272727
0.0
0.38095238095238093
0.3793103448275862
0.06666666666666667
0.24
0.0
0.38095238095238093
0.12903225806451613
0.36
0.34615384615384615
0.10526315789473684
0.5
0.20833333333333334
0.10714285714285714
0.16666666666666666
0.037037037037037035
0.18181818181818182
0.13157894736842105
0.1724137931034483
0.08695652173913043
0.17647058823529413
0.043478260869565216
0.2222222222222222
0.08333333333333333
0.07692307692307693
0.07407407407407407
0.06060606060606061
0.0
0.16666666666666666
0.06666666666666667
0.13043478260869565
0.045454545454545456
0.041666666666666664
0.043478260869565216
0.08333333333333333
0.13636363636363635
0.09090909090909091
0.2
0.09523809523809523
0.17857142857142858
0.045454545454545456
0.043478260869565216
0.0
0.09090909090909091
0.08108108108108109
0.2903225806451613
0.12903225806451613
0.21428571428571427
0.16666666666666666
0.3
0.0967741935483871
0.25806451612903225
0.06666666666666667
0.1724137931034483
0.045454545454545456
0.2962962962962963
0.3
0.0
0.06896551724137931
0.07692307692307693
0.22580645161290322
0.0
0.14285714285714285
0.07692307692307693
0.09090909090909091
0.1111111111111111
0.16129032258064516
0.12121212121212122
0.20833333333333334
0.07142857142857142
0.3
0.0
0.1111111111111111
0.038461538461538464
0.07142857142857142
0.13333333333333333
0.2
0.08695652173913043
0.34615384615384615
0.35294117647058826
0.3333333333333333
0.21052631578947367
0.20689655172413793
0.14285714285714285
0.3333333333333333
0.4117647058823529
0.19047619047619047
0.36
0.2222222222222222
0.3
0.4
0.21951219512195122
0.28
0.07142857142857142
0.2692307692307692
0.1935483870967742
0.4166666666666667
0.25
0.391304347826087
0.5
0.36363636363636365
0.3888888888888889
0.21428571428571427
0.1
0.2
0.3157894736842105
0.0851063829787234
0.34782608695652173
0.05405405405405406
0.3181818181818182
0.1016949152542373
0.32142857142857145
0.1724137931034483
0.0625
0.058823529411764705
0.16666666666666666
0.11538461538461539
0.3333333333333333
0.3181818181818182
0.0
0.058823529411764705
0.11764705882352941
0.11290322580645161
0.18181818181818182
0.10526315789473684
0.1875
0.21052631578947367
0.38095238095238093
0.25
0.3333333333333333
0.23076923076923078
0.25806451612903225
0.34782608695652173
0.04878048780487805
0.2608695652173913
0.17647058823529413
0.12
0.057692307692307696
