0.9191349543523456
0.834187530682376
0.7761454331576282
0.9396194653970292
0.8218338474630358
0.6826759051616736
0.7399094085707488
0.759997513610636
0.7375724957816883
0.8440717939948413
0.7651215176524513
0.9277818378907616
0.8931380620350405
0.7774802411502773
0.7260861301183882
0.8623168271609638
0.6542325850528005
0.7320003263674284
0.8393402180149169
0.7755077658303465
0.745172377741185
0.712374944449864
0.7414221300063772
0.8085320243104255
0.6398046398046398
0.7809214257223717
0.8624676104676106
0.7393351972662319
0.9443405568038999
0.8219400352733686
0.7396846846846846
0.7241386735572783
0.7450333921482386
0.7917875898286346
0.8082504582038409
0.0
0.8512710860812127
0.6863095238095238
0.7328256302521008
0.7151442132165023
0.83344206318361
0.6632520325203252
0.7335813492063492
0.8568449128285195
0.81763122666103
0.7490175504676836
0.934531522117729
0.8606158862356403
0.7713969404186796
0.9071278204533347
0.4
0.9208085492489163
0.8441319040854105
0.695647337292734
0.8545734860883798
0.7382909868608735
0.0
0.7963849424311543
0.7541880341880342
0.7304983311201235
0.8824124750176522
0.7560130496145555
0.760416611449482
0.0
0.0
0.7916874063523425
0.887361203273612
0.4
0.8602402599773615
0.7562545548267833
0.7319187702908634
0.6669559601932108
0.7778728933901348
0.7540922619047619
0.7634554334554334
0.7681635237190793
0.0
0.7013370293886005
0.7175189407622543
0.7546511756938203
0.8846938775510205
0.7281233653099793
0.8106597941579974
0.8846153846153847
0.9058881440461155
0.7474166956925578
0.8773100045323551
0.7064568999823587
0.7529497930441327
0.0
0.7655318808557906
0.7961615724374544
0.866170542635659
0.795753672361133
0.8480589589563101
0.7633978551162817
0.7412739364751749
0.7255016546122891
0.868826111583121
0.7773758606011985
0.6990844282918647
0.7428571428571429
0.8617824721272997
0.7314134762192839
0.9098787248787248
0.7015780300272474
0.8657963875205255
0.697295090205538
0.8603371957796297
0.904043316018802
0.4
0.7890991729658292
0.7269613438982899
0.8023280815569972
0.8734662712185272
0.8903678329663159
0.790538484276767
0.8339757383966244
0.7114077113932614
0.7309698996655518
0.6885128864139358
0.7690429449348876
0.6490783117213322
0.7367472051929318
0.4
0.7209781010180163
0.9182132596993278
0.8619417090542973
0.842881679723785
0.8328692398634674
0.8585322507381331
0.0
0.7883403931791029
0.9009021527419961
0.7275335775335776
0.0
0.7695183427108363
0.8201214270363206
0.8653085645905749
0.8722415499665173
0.6827137647213685
0.7136807636807636
0.7644920538837003
0.9018940779177992
0.8814654256449489
0.7046666071056314
0.7846173420548671
0.8087731820788987
0.8706700141442716
0.7662790390464901
0.9165398765355116
0.0
0.7310627153594077
0.8027879767373333
0.8919660147728578
0.734274373266771
0.7419151704397606
0.7047924581175432
0.748730931095817
0.6738787582451297
0.4
0.7454647748765395
0.8673140283140284
0.7766349125395409
0.7409746588693956
0.8633006535947714
0.7333786052083551
0.0
0.8806513126860283
0.0
0.7846319444444445
0.8747724133045234
0.6882782435655445
0.30000000000000004
0.8443913765153424
0.7092331556278425
0.8400220051444459
0.8895843177989248
0.7250203430856228
0.8753856463523075
0.0
0.0
0.7291967291967292
0.7921608644072574
0.8149609011677976
0.9076744703885993
0.7500923616261038
0.8531016042780749
0.6425248525461745
0.7963937007874016
0.7244211566282064
0.8065991083543322
0.6900598077068665
0.8451643497515058
0.8440276605465513
0.6212398712398711
0.8231582762557524
0.5984180769144133
0.8727523980815348
0.7895056160969985
0.7592738581869017
0.807996181312978
0.7421800841262343
0.4
0.8597544797544798
0.6488277992366664
0.8674208868720003
0.7557448673462012
0.8330188376667806
0.7913618358917974
0.0
0.6897258297258296
0.7827100435796087
0.8587878787878789
0.8573925286406698
0.7492763046280085
0.8731722711441652
0.7763813813813814
0.8966725323948168
0.7625
0.8594871794871795
0.9503481262327417
0.888204769771678
0.8863942868103818
0.7376571111199738
0.8357765048190581
0.0
0.8669455054749172
0.8466509291311765
0.8562198165526876
0.8433629333580368
0.7728134733592437
0.7386111111111111
0.891321172966478
0.8933333333333334
0.662291243605535
0.7130597918179618
0.9095934959349593
0.703858024691358
0.8748216937341424
0.8422438672438672
0.7074542331699551
0.8456769281694804
0.7924925389007424
0.7724985302763082
0.8570405163183332
0.9051173825914505
0.8607151897501801
0.8510202542555484
0.8662759421882288
0.9344609932424285
0.7980068995453612
0.903669671752196
0.6579909805862619
0.866287518837408
0.7688381953186288
0.8586603995299648
0.716372855871613
0.7505689955132314
0.7608556071858824
0.7632752045175598
0.7636132502139104
0.9126010025681895
0.7617461007819198
0.7347146149261016
0.8744131850853549
0.1
0.8574694363785273
0.8563841070408745
0.900318227630744
0.7019679816289986
0.784633278598796
0.7903151607338292
0.7471309608039977
0.784825888179379
0.0
0.7821516507143847
0.6672606824321662
0.766879047635915
0.6263352102608527
0.8789741903665955
0.8688144452363983
0.7605912421465763
0.8395000076358027
0.4
0.8810606060606061
0.8665318416523237
0.7756011580225942
0.848927298838895
0.7839251326600479
0.7307450479100414
0.0
0.7123673215898826
0.63998223998224
0.7306478455769186
0.8968481778528211
0.9047116501384794
0.7841982716786742
0.6521075766338925
0.0
0.5907148407148407
0.7386572051928666
0.7490291321158475
0.4
0.6739495798319327
0.7090937090937092
0.8109753658279818
0.7281743619759423
0.4
0.7950895015316068
0.7909260090524818
0.8192230862208787
0.8737949361081924
0.8391457686489929
0.7399410888500073
0.8790468227424749
0.8538963031139746
0.9051693404634581
0.7424424552429667
0.734576476901193
0.4
0.9050373312226034
0.7370799831661019
0.8643455340896224
0.7501260832572983
0.7632744647712574
0.0
0.8557713248638839
0.6972460626254069
0.8351282051282052
0.7829514658782951
0.8924629816073074
0.7241823033224307
0.872251461988304
0.7540229885057472
0.7040741555995793
0.8050779286073404
0.0
0.8502041423318192
0.745407538725139
0.7359246038491323
0.7468907112708706
0.4
0.6566760001037049
0.7501095899260326
0.8731919483022305
0.7001149016820659
0.7457750582750582
0.7289535017883928
0.855498139287613
0.772275521023337
0.6889562289562289
0.8377922077922078
0.7162688035827047
0.7333122053463531
0.7293313672145888
0.7539337583197233
0.8990328573087194
0.9181252690949797
0.7859777537447167
0.7361217811922037
0.6851291375954071
0.7099470510628713
0.9344455097475232
0.7230769230769232
0.0
0.7491466277175318
0.7848179278378337
0.8438088041540727
0.8727061556329849
0.8488524693697108
0.7896768391461788
0.7173260911495513
0.8696767285002579
0.8574903373484934
0.9410583833224446
0.6812629399585921
0.7956941447561204
0.84251287197118
0.8582061579651942
0.0
0.7230517023959647
0.7022049505786939
0.8399232456140351
0.8086198635318871
0.0
0.8338289581624283
0.7576897223902668
0.0
0.8407331890464531
0.6729107579802024
0.7736928231230998
0.7380212930054307
0.7434887334887336
0.7670891402503024
0.7159839644359769
0.7291650737823993
0.0
0.9272735333234815
0.7326347489888976
0.8510804597701149
0.6764510585392655
0.6604324083724161
0.8236073500967118
0.6475728475728476
0.7640630905372422
0.7272005338672005
0.6843085200523875
0.7604146383678415
0.7655934835317515
0.855796286982572
0.7322867940343886
0.8926727699786758
0.4
0.694433950697061
0.8318636803414321
0.7213484167007405
0.0
0.5966665924590188
0.7590897589283833
0.7672877145438122
0.8050653594771242
0.8060446009389671
0.8710510510510511
0.9219141837563912
0.9274500768049155
0.8535910710140978
0.9143182916515646
0.8849983316649983
0.7927188974873063
0.7693434343434342
0.0
0.8381053268765133
0.7845678079530245
0.7607955647955649
0.9714001986097319
0.8639094407567315
0.7492884714033359
0.8684570109279475
0.7514963489925166
0.8721623777587378
0.7303855494321123
0.8556100441295296
0.6737812167362648
0.8763187273903357
0.8866779606524131
0.6940356818812642
0.8181543267728835
0.6790953003189806
0.9283605283605284
0.8944043744526942
0.0
0.8312557182946988
0.7586242514635727
0.6994805194805195
0.725195509097948
0.8135809018567639
0.7174908424908425
0.7314094201640519
0.8929126988821199
0.8674825580099413
0.857915343915344
0.7561891608666945
0.8860736801820855
0.8604091763287594
0.7653682625715147
0.6850266362252664
0.8131275962972117
0.7594987897407252
0.8685397914500083
0.7505528871422911
0.8150108932461875
0.0
0.0
0.7230994152046785
0.7970214334520085
0.7725388994045709
0.7362629733763755
0.7890831783365404
0.8540649836372136
0.749126559714795
0.7037622350875363
0.7263423109826745
0.8399562394127612
0.30000000000000004
0.7657285877863211
0.9060769274386168
0.8895421547815604
0.8663504111321948
0.8188766560494853
0.7416122004357298
0.8945806680881307
0.8112363539310266
0.7594545864322741
0.6511988561525612
0.7056683806610341
0.8514130434782609
0.787737836827835
0.8398559229306877
0.6817927170868346
0.8678848920863309
0.867021389406166
0.8200363058770138
0.8456642807137856
0.7639351641509752
0.7668016691212568
0.7329005869050363
0.8354007992076232
0.7193440919371601
0.736532146682451
0.8207962193996635
0.7375055285272003
0.7797556314116725
0.7360611959668564
0.8781597319951396
0.7816114542779085
0.7429595494111623
0.7009730502881188
0.8130873085839291
0.8164790764790765
0.8668278529980658
0.7585741088180112
0.4
0.6985510785510786
0.8884780548978651
0.7012250712250713
0.8820245972382048
0.8565643360243884
0.7244539411206078
0.7071134626690183
0.7897356465609426
0.738486083556506
0.9071198477194524
0.9169841269841269
0.7605660860941175
0.7604688708326514
0.8040616838701655
0.7911510740027118
0.7748138663631622
0.8799130279512573
0.0
0.7199512494996284
0.7454333210770026
0.785594752091094
0.7279197410776358
0.682257742901128
0.860933123309249
0.7029187930880115
0.8327287021154945
0.7655659155659156
0.7239655636265806
0.9313688623757995
0.7908978174603174
0.872977433913604
0.792571898385852
0.8636234320444847
0.8778416529900975
0.9287603596010676
0.7553352675693101
0.7053344192201975
0.7656313813481344
0.8420360897982381
0.7527224546059511
0.7192283661355826
0.7762496649198312
0.7987457508584269
0.7449195626195854
0.8843075117370892
0.7251263911655595
0.8506376598629704
0.8509183201763744
0.8267711717156455
0.8542201106693323
0.8462582345191041
0.715918584339637
0.8145807670197914
0.7798206742235122
0.8602378926718598
0.8107776607776609
0.792114521186632
0.6720178598675801
0.7241800356506239
0.0
0.8267651723916944
0.8723073397031728
0.9097156953438175
0.8663225371120108
0.9369443965269392
0.7332163557201316
0.706547619047619
0.7989583888800014
0.7263468013468014
0.8368076982317021
0.7747677669552671
0.7422222222222222
0.0
0.7479114452798662
0.7061364439731354
0.7777437780497757
0.7754259538573264
0.8650542068181218
0.8247667039940277
0.7424394547888524
0.8680505379721982
0.7774349125053351
0.8094661629990197
0.8704258426422942
0.8337355836849508
0.8442388800283537
0.7304157846170547
0.7412192408909629
0.852419770805768
0.7721586417843764
0.6961962243110428
0.8988852476276964
0.7469831698382529
0.7572858433220223
0.7516964342871776
0.713330576233802
0.7302867383512545
0.7617024685424139
0.8741227577425758
0.8221223093654679
0.8819810395554103
0.7552756797128161
0.8527341640082914
0.7379013148911219
0.7285287649322737
0.7405423630461389
0.7564816884464483
0.6769081164058334
0.6900848478162948
0.7211582856569306
0.8536150008385042
0.9026842275505719
0.0
0.8370710400430936
0.86008069229464
0.9561170212765958
0.7806419683257918
0.8991199517781796
0.7114391473941745
0.8135945066285624
0.8297101449275363
0.8654194399472328
0.8518056959892147
0.799685936151855
0.7571847507331378
0.8689285714285715
0.8701505183413079
0.839059509569378
0.8747959531907464
0.7428255528255527
0.8603541180537552
0.7160415788734372
0.0
0.8713004054230787
0.8050840916541002
0.7254549808429118
0.8464896214896215
0.7765977629754719
0.7581361128416052
0.0
0.7300030459945172
0.8959723045731883
0.8380095003197223
0.7411231821984655
0.9177696927696928
0.7651909160105882
0.8934900732254786
0.9118054215555071
0.7130986820957892
0.9420368439346541
0.8088372828673205
0.7566339066339066
0.7412398324052845
0.8471771183277342
0.7740756046064803
0.7453879453879454
0.8700641376865311
0.8711801242236025
0.0
0.7422593279736137
0.8304383116883117
0.8907507129786129
0.866599054838106
0.80933890759808
0.8894015191199581
0.7703907203907203
0.773993399339934
0.8964341546936648
0.6722027972027972
0.8413399503722085
0.8367750658222444
0.7355291014340719
0.728307949360581
0.752203373015873
0.7581391875746716
0.7106958330104111
0.4
0.7012725844461901
0.7613705738705739
0.8781014438295643
0.7585264764193244
0.7229347640947029
0.7482987920036837
0.1
0.7031977703619495
0.8806880715784473
0.716819382891277
0.7675935608145295
0.8082568488388263
0.0
0.8667275042444822
0.8045808104331625
0.8215381670866695
0.6232771060357267
0.9170842619745845
0.7323549732277247
0.7442692799202256
0.7320455701603242
0.899805733238569
0.780303108416316
0.7742334739803094
0.0
0.7499397227245329
0.7361316742240501
0.9132191229226152
0.7352865497076023
0.7166485017544427
0.8607876427183723
0.7357142857142858
0.7953056268104987
0.844823335131865
0.8618210269703691
0.7467857365355263
0.7949284135330648
0.7961429813124729
0.6328864430263645
0.7573213251454676
0.7347531470008928
0.862222833058457
0.7094508301404853
0.705950691917011
0.8526679841897233
0.7003663003663004
0.7552617368655105
0.7642087932837492
0.654572940287226
0.8340636020667596
