0.7749077490774907
0.6625
0.5989304812834224
0.8286604361370716
0.5507246376811594
0.5303867403314917
0.487012987012987
0.7029288702928871
0.7142857142857143
0.6244343891402715
0.48275862068965514
0.750733137829912
0.8863636363636364
0.4591194968553459
0.4477611940298507
0.7171717171717171
0.5245901639344263
0.6384976525821596
0.5359477124183006
0.7431693989071038
0.647887323943662
0.5481481481481482
0.5915492957746479
0.6054054054054054
0.5826771653543308
0.8762541806020067
0.6923076923076923
0.5814977973568283
0.8571428571428572
0.6217228464419475
0.6555555555555556
0.6504854368932038
0.5777777777777777
0.5035971223021583
0.6521739130434783
0.5396825396825398
0.6775956284153005
0.5294117647058824
0.6838709677419355
0.5492227979274611
0.6620689655172414
0.4694835680751174
0.6385542168674698
0.619718309859155
0.7340425531914894
0.5388127853881279
0.8032786885245902
0.648
0.6795366795366795
0.851963746223565
0.6069651741293532
0.8559670781893004
0.7659574468085106
0.5729166666666667
0.759825327510917
0.5673076923076923
0.514018691588785
0.584126984126984
0.7259786476868327
0.5952380952380952
0.5868263473053892
0.7096774193548387
0.7936507936507937
0.6024096385542168
0.5480769230769231
0.8192771084337349
0.7692307692307692
0.5454545454545454
0.7289156626506024
0.7378640776699029
0.555984555984556
0.5123152709359606
0.5867507886435331
0.7125
0.7085714285714286
0.7169811320754718
0.6094674556213018
0.6101694915254237
0.609375
0.6629213483146068
0.7755102040816326
0.6190476190476191
0.5757575757575757
0.6415094339622642
0.775
0.5775862068965517
0.6818181818181819
0.5473684210526315
0.693069306930693
0.6507177033492824
0.7985347985347986
0.6726726726726726
0.8023255813953488
0.6122448979591837
0.5217391304347826
0.6098654708520179
0.6987951807228916
0.6106194690265487
0.8102564102564103
0.7898089171974523
0.5736434108527132
0.5625
0.5909090909090908
0.6254071661237786
0.8523206751054853
0.6396396396396397
0.6115702479338843
0.6923076923076923
0.6055776892430279
0.8448275862068966
0.7485029940119761
0.5368421052631579
0.5082872928176796
0.5
0.5656565656565656
0.84375
0.8226950354609929
0.5612244897959184
0.6417112299465241
0.6956521739130435
0.49673202614379086
0.7631578947368421
0.5255474452554745
0.4576271186440678
0.6831683168316831
0.6176470588235294
0.7640449438202247
0.5058823529411764
0.8677966101694915
0.6
0.7588652482269503
0.6607142857142857
0.7028985507246377
0.7065868263473054
0.6635071090047393
0.43103448275862066
0.703862660944206
0.6690909090909091
0.7263681592039801
0.8523206751054853
0.5520833333333333
0.49689440993788825
0.6231454005934718
0.8099688473520249
0.7421875
0.5893719806763285
0.76875
0.5903083700440528
0.7932489451476793
0.7181818181818183
0.7836257309941521
0.6576271186440679
0.6617100371747212
0.607843137254902
0.6374501992031872
0.6305418719211823
0.5793103448275863
0.6474820143884892
0.6026200873362446
0.5205479452054795
0.782051282051282
0.7027027027027026
0.6844919786096257
0.7378640776699029
0.6704545454545454
0.6727272727272727
0.5876777251184835
0.7234042553191489
0.725212464589235
0.640926640926641
0.7985611510791367
0.644808743169399
0.5729729729729729
0.6751054852320675
0.6270270270270271
0.5838509316770186
0.6473029045643153
0.8136645962732919
0.5654008438818565
0.7873303167420814
0.6938775510204082
0.6133333333333333
0.5571428571428572
0.4652567975830816
0.6179775280898876
0.7974683544303798
0.7761194029850746
0.6666666666666667
0.4242424242424242
0.5714285714285714
0.4970414201183432
0.5742574257425743
0.6774193548387097
0.6
0.791044776119403
0.5511811023622047
0.6064981949458483
0.5689655172413793
0.7806451612903226
0.5914634146341464
0.7385892116182573
0.7718309859154929
0.5314685314685315
0.5056179775280899
0.6298342541436464
0.47887323943661975
0.8603773584905661
0.7623762376237624
0.6797385620915033
0.7321428571428572
0.5
0.5666666666666667
0.7959183673469388
0.7619047619047619
0.6434782608695653
0.7282051282051283
0.7628865979381443
0.6959706959706959
0.775330396475771
0.6938775510204082
0.717948717948718
0.8449848024316109
0.8027210884353742
0.7218934911242604
0.633587786259542
0.7228915662650602
0.782608695652174
0.8350877192982455
0.592964824120603
0.704
0.6919831223628692
0.6795366795366795
0.567741935483871
0.7350427350427351
0.8
0.5222929936305732
0.5263157894736843
0.7707006369426752
0.5196078431372548
0.6188679245283019
0.7058823529411764
0.47058823529411764
0.7168458781362007
0.7643979057591623
0.6521739130434783
0.5252525252525253
0.7878787878787878
0.656
0.5888324873096447
0.5407725321888412
0.794701986754967
0.7055555555555555
0.8
0.524390243902439
0.8158844765342961
0.6956521739130435
0.7804878048780488
0.6722689075630253
0.632996632996633
0.6224066390041494
0.6071428571428572
0.7033898305084746
0.7264150943396226
0.6995073891625616
0.5957446808510638
0.794425087108014
0.49751243781094523
0.7758620689655172
0.5853658536585367
0.7462686567164178
0.4768211920529801
0.8427672955974843
0.5321100917431192
0.6055045871559632
0.8660714285714286
0.5658536585365854
0.7567567567567568
0.5652173913043479
0.7378640776699029
0.523076923076923
0.7517241379310344
0.6617647058823529
0.7377049180327868
0.5731707317073171
0.765625
0.7549019607843137
0.5889570552147239
0.5814977973568283
0.7491166077738516
0.6666666666666667
0.5985401459854014
0.6850828729281768
0.6788990825688073
0.4864864864864865
0.6090534979423868
0.7385892116182573
0.7914438502673797
0.736318407960199
0.6388888888888888
0.5476190476190477
0.6235294117647059
0.5892857142857143
0.5733333333333333
0.670807453416149
0.5583333333333333
0.7089947089947091
0.7441860465116279
0.6503067484662577
0.7454545454545455
0.7286821705426356
0.5093632958801498
0.8091603053435115
0.6686046511627908
0.6330935251798562
0.6603773584905661
0.7304347826086957
0.5327510917030568
0.7619047619047619
0.576271186440678
0.7634069400630915
0.5957446808510638
0.7314814814814814
0.736
0.6259541984732824
0.6926406926406927
0.64
0.49350649350649356
0.7183673469387755
0.6094420600858369
0.5108695652173914
0.7295081967213115
0.7299270072992701
0.7003610108303249
0.7029288702928871
0.625
0.5657894736842105
0.6514285714285715
0.5369127516778524
0.7757575757575758
0.5510204081632653
0.6
0.7021276595744681
0.5209302325581395
0.5617977528089888
0.5315315315315315
0.7314814814814814
0.5915492957746479
0.5543478260869565
0.7446808510638299
0.8035714285714286
0.6666666666666667
0.4699453551912568
0.5822784810126582
0.6153846153846154
0.6598984771573604
0.7177033492822966
0.6940639269406392
0.8156862745098039
0.8301886792452831
0.7572815533980582
0.5838509316770186
0.6868686868686869
0.5185185185185186
0.8110236220472441
0.6533333333333333
0.5800000000000001
0.7329842931937173
0.7643979057591623
0.7514450867052023
0.8137931034482758
0.7772511848341233
0.7484662576687117
0.5844155844155844
0.8702290076335878
0.6331658291457287
0.83206106870229
0.5238095238095238
0.7461139896373057
0.6323529411764706
0.6265822784810127
0.5737704918032787
0.43137254901960786
0.5921052631578947
0.6666666666666667
0.7510204081632653
0.6017699115044248
0.6618181818181819
0.6995073891625616
0.6122448979591837
0.6666666666666667
0.5741626794258373
0.5936073059360731
0.7114624505928854
0.6063829787234043
0.5351170568561873
0.6438356164383562
0.7352941176470589
0.4883720930232558
0.8340425531914893
0.5540540540540541
0.7005649717514124
0.5510204081632653
0.6303030303030304
0.6091954022988506
0.4257425742574258
0.5692307692307692
0.65625
0.5157232704402516
0.6466165413533835
0.6349206349206349
0.8170731707317074
0.6996197718631179
0.844106463878327
0.7891156462585034
0.509090909090909
0.5925925925925926
0.5607476635514019
0.7461538461538462
0.5512820512820513
0.5235294117647059
0.7670250896057348
0.6060606060606061
0.6222222222222222
0.6484018264840183
0.8286604361370716
0.7685589519650655
0.6719999999999999
0.6923076923076923
0.6900584795321638
0.514018691588785
0.750733137829912
0.546875
0.6133333333333333
0.7098591549295774
0.7529411764705882
0.9272727272727272
0.6255506607929515
0.5836575875486381
0.6285714285714286
0.7901234567901234
0.6242774566473989
0.7238095238095238
0.734006734006734
0.5325443786982249
0.729559748427673
0.6923076923076923
0.4246575342465754
0.6224489795918368
0.7456445993031359
0.8099173553719008
0.662379421221865
0.8235294117647058
0.6027397260273972
0.6779661016949152
0.6818181818181819
0.7807486631016043
0.7909604519774012
0.6009389671361502
0.6825396825396826
0.5876288659793815
0.7342995169082125
0.5982905982905983
0.7351351351351352
0.8685258964143426
0.6210526315789473
0.8432055749128919
0.48958333333333337
0.7453874538745388
0.8046875
0.7295081967213115
0.5942857142857143
0.5428571428571429
0.4585987261146497
0.7624309392265194
0.5876288659793815
0.4873096446700508
0.8764940239043825
0.6224489795918368
0.7166666666666667
0.7114093959731543
0.5375
0.5395348837209302
0.5488958990536277
0.6274509803921569
0.575
0.6964856230031948
0.8246753246753247
0.7586206896551724
0.7076923076923076
0.6798029556650247
0.7235772357723578
0.8384615384615385
0.5914396887159533
0.5642633228840126
0.4571428571428572
0.691588785046729
0.6354166666666667
0.7945205479452055
0.6387434554973822
0.6
0.8284518828451883
0.7006369426751593
0.7958115183246073
0.6073298429319371
0.7454545454545455
0.7763713080168777
0.6696035242290749
0.7142857142857143
0.5463917525773196
0.5423728813559322
0.5443786982248521
0.7152777777777778
0.5983606557377049
0.5137614678899083
0.7649402390438247
0.6380368098159509
0.576271186440678
0.6612244897959183
0.7184466019417476
0.6877470355731226
0.6593406593406593
0.4625
0.6699999999999999
0.6666666666666667
0.8195488721804511
0.5109489051094891
0.6853146853146853
0.6993006993006994
0.5255474452554745
0.5303867403314917
0.6041666666666667
0.6666666666666667
0.7472527472527473
0.8927335640138409
0.5086705202312138
0.6373626373626373
0.6777408637873754
0.7988668555240793
0.6514657980456027
0.8359133126934984
0.5185185185185186
0.5029940119760479
0.5570776255707763
0.7872340425531915
0.6417910447761195
0.6077348066298343
0.7117117117117118
0.5561497326203209
0.7123287671232876
0.6896551724137931
0.5103448275862069
0.8842105263157894
0.7467811158798283
0.5948275862068966
0.7875647668393783
0.7
0.714859437751004
0.7235772357723578
0.6907630522088353
0.6705882352941177
0.7887323943661972
0.782608695652174
0.49842271293375395
0.5207100591715976
0.8095238095238095
0.6176470588235294
0.7076923076923076
0.7832167832167832
0.6905537459283387
0.5212765957446808
0.7414634146341463
0.6288659793814433
0.6857142857142857
0.7192118226600985
0.5314685314685315
0.6
0.6720647773279352
0.7100977198697068
0.6394984326018809
0.6367713004484306
0.5304347826086957
0.515527950310559
0.6528497409326425
0.6306306306306306
0.6242774566473989
0.7622950819672132
0.5395348837209302
0.734375
0.6849315068493151
0.5555555555555556
0.6666666666666667
0.5942028985507246
0.5853658536585367
0.7692307692307692
0.6666666666666667
0.4275862068965517
0.63
0.6325581395348837
0.5
0.7622641509433963
0.8071428571428572
0.5112781954887218
0.5380116959064327
0.7258064516129032
0.7671232876712328
0.759581881533101
0.7352941176470589
0.5760869565217391
0.6837606837606838
0.5303867403314917
0.5933014354066986
0.6233766233766234
0.8327402135231317
0.5339366515837104
0.7432432432432432
0.5611510791366907
0.696629213483146
0.7353951890034365
0.6091370558375635
0.5517241379310345
0.6198830409356726
0.77
0.5957446808510638
0.8260869565217391
0.6423357664233577
0.5703125
0.6528497409326425
0.5523012552301255
0.5114155251141552
0.7397260273972603
0.5414364640883977
0.5578231292517006
0.5915492957746479
0.7435897435897436
0.6905829596412556
0.48235294117647054
0.6631578947368422
0.8278388278388278
0.883495145631068
0.7733333333333333
0.8524590163934427
0.5660377358490566
0.5533980582524272
0.6521739130434783
0.83206106870229
0.49397590361445787
0.5506072874493927
0.7210884353741497
0.7462686567164178
0.5692307692307692
0.6218487394957983
0.7331189710610932
0.5514403292181069
0.7729468599033816
0.5687203791469194
0.6464646464646464
0.8046875
0.8666666666666667
0.7284768211920529
0.6012269938650308
0.6701030927835052
0.5617977528089888
0.5135135135135135
0.6551724137931034
0.875
0.6985645933014354
0.6844106463878328
0.726027397260274
0.697841726618705
0.5949367088607596
0.6942148760330579
0.6143790849673203
0.875
0.5621621621621622
0.7857142857142857
0.7261146496815287
0.685483870967742
0.7441860465116279
0.6647230320699709
0.7951807228915663
0.6598984771573604
0.5384615384615384
0.6329113924050633
0.48484848484848486
0.8398268398268398
0.5506329113924051
0.8677966101694915
0.7171717171717171
0.6018518518518519
0.6124401913875598
0.811965811965812
0.5490196078431373
0.6563706563706564
0.6046511627906976
0.4571428571428572
0.639344262295082
0.7027027027027026
0.6181818181818182
0.5433526011560694
0.6105263157894737
0.6477272727272727
0.6914893617021276
0.7790262172284644
0.6735751295336787
0.6161616161616161
0.7426470588235294
0.6831275720164609
0.42553191489361697
0.792
0.5862068965517242
0.7697841726618705
0.6122448979591837
0.5138888888888888
0.7791411042944785
0.7417840375586855
0.6982758620689655
0.52
0.759581881533101
0.7241379310344828
0.5922330097087378
0.5616438356164384
0.7956204379562044
0.5776566757493188
0.7100591715976332
0.6111111111111112
0.7083333333333333
0.5454545454545454
0.8534201954397393
0.5631768953068592
0.542713567839196
0.7058823529411764
0.703448275862069
0.7661971830985915
0.7582417582417582
0.6162162162162161
0.6390532544378698
0.6834532374100719
0.5548387096774193
0.5416666666666667
0.7032258064516129
0.642570281124498
0.7983539094650206
0.6666666666666667
0.5742574257425743
0.7323943661971831
0.5666666666666667
0.6929133858267716
0.6666666666666667
0.5714285714285714
0.663716814159292
