0.6730769230769231
0.8412698412698413
0.6153846153846154
0.9851851851851852
0.5523809523809524
0.5681818181818182
0.5234899328859061
0.8
0.6972477064220184
0.6106194690265486
0.48951048951048953
0.8
0.9
0.5095541401273885
0.4166666666666667
0.7553191489361702
0.4647887323943662
0.6938775510204082
0.6
0.7419354838709677
0.6730769230769231
0.5522388059701493
0.6176470588235294
0.6129032258064516
0.47435897435897434
0.9705882352941176
0.8918918918918919
0.5689655172413793
0.8677685950413223
0.5432098765432098
0.7375
0.5583333333333333
0.5327868852459017
0.4930555555555556
0.8426966292134831
0.6181818181818182
0.7848101265822784
0.6607142857142857
0.7571428571428571
0.6506024096385542
0.7903225806451613
0.4146341463414634
0.7571428571428571
0.6357142857142857
0.6571428571428571
0.5454545454545454
0.6758620689655173
0.7522935779816514
0.6111111111111112
0.8392857142857143
0.5495495495495496
0.8888888888888888
0.6206896551724138
0.6395348837209303
0.696
0.5412844036697247
0.6790123456790124
0.6078431372549019
0.6602564102564102
0.6778523489932886
0.6149068322981367
0.7807017543859649
0.8235294117647058
0.7611940298507462
0.4793388429752066
0.8607594936708861
0.8636363636363636
0.4778761061946903
0.6927374301675978
0.8085106382978723
0.5658914728682171
0.6463414634146342
0.6503496503496503
0.90625
0.7380952380952381
0.7160493827160493
0.6153846153846154
0.6707317073170732
0.6610169491525424
0.6344086021505376
0.6785714285714286
0.5542168674698795
0.7169811320754716
0.6296296296296297
0.9893617021276596
0.5775862068965517
0.7377049180327869
0.49056603773584906
0.660377358490566
0.8214285714285714
0.859375
0.6706586826347305
0.8023255813953488
0.6272189349112426
0.5660377358490566
0.6521739130434783
0.7631578947368421
0.6862745098039216
0.7383177570093458
0.8732394366197183
0.6607142857142857
0.5
0.527027027027027
0.5632183908045977
0.8416666666666667
0.5298507462686567
0.6379310344827587
0.875
0.5460992907801419
0.8990825688073395
0.8289473684210527
0.5543478260869565
0.4791666666666667
0.5692307692307692
0.5660377358490566
0.8852459016393442
0.8592592592592593
0.56
0.759493670886076
0.6153846153846154
0.4523809523809524
0.7857142857142857
0.45
0.4576271186440678
0.7040816326530612
0.6231884057971014
0.8947368421052632
0.5180722891566265
0.8486842105263158
0.5517241379310345
0.6352941176470588
0.625
0.75
0.7083333333333334
0.7692307692307693
0.38461538461538464
0.6511627906976745
0.5227272727272727
0.7934782608695652
0.8938053097345132
0.5046728971962616
0.47619047619047616
0.5988700564971752
0.8666666666666667
0.7741935483870968
0.4959349593495935
0.8322147651006712
0.788235294117647
0.752
0.7168141592920354
0.7976190476190477
0.5878787878787879
0.6095890410958904
0.6326530612244898
0.5517241379310345
0.5701754385964912
0.56
0.5769230769230769
0.6574074074074074
0.59375
0.648936170212766
0.6797385620915033
0.5714285714285714
0.7354838709677419
0.6
0.6588235294117647
0.5849056603773585
0.6144578313253012
0.7588235294117647
0.6854838709677419
0.875
0.5412844036697247
0.4954128440366973
0.5797101449275363
0.5742574257425742
0.5268817204301075
0.7358490566037735
0.8143712574850299
0.49264705882352944
0.925531914893617
0.6
0.5035971223021583
0.5064935064935064
0.47560975609756095
0.6551724137931034
0.8235294117647058
0.6441717791411042
0.6176470588235294
0.35714285714285715
0.5748031496062992
0.4574468085106383
0.7922077922077922
0.5625
0.5688073394495413
0.7397260273972602
0.7346938775510204
0.6159420289855072
0.7674418604651163
0.8066666666666666
0.6086956521739131
0.7142857142857143
0.732620320855615
0.5205479452054794
0.6164383561643836
0.5135135135135135
0.41975308641975306
0.7651006711409396
0.8020833333333334
0.7027027027027027
0.7850467289719626
0.5774647887323944
0.4857142857142857
0.7692307692307693
0.8
0.59375
0.8658536585365854
0.7956989247311828
0.6418918918918919
0.9680851063829787
0.8174603174603174
0.717948717948718
0.86875
0.686046511627907
0.7011494252873564
0.7368421052631579
0.8472222222222222
0.921875
0.7212121212121212
0.5299145299145299
0.8543689320388349
0.6747967479674797
0.6330935251798561
0.5866666666666667
0.75
0.8
0.6774193548387096
0.5555555555555556
0.8066666666666666
0.5520833333333334
0.6356589147286822
0.75
0.5596330275229358
0.6352201257861635
0.7628865979381443
0.61
0.5864661654135338
0.6724137931034483
0.6102941176470589
0.5267857142857143
0.5384615384615384
0.821917808219178
0.7257142857142858
0.7767857142857143
0.5113636363636364
0.9186991869918699
0.6490066225165563
0.8783783783783784
0.5727699530516432
0.588957055214724
0.6972477064220184
0.6582278481012658
0.8316831683168316
0.6814159292035398
0.6792452830188679
0.5316455696202531
0.890625
0.4132231404958678
0.743801652892562
0.5882352941176471
0.8426966292134831
0.4805194805194805
0.7976190476190477
0.46774193548387094
0.5702479338842975
0.8290598290598291
0.6896551724137931
0.7865168539325843
0.6779661016949152
0.652542372881356
0.4491525423728814
0.689873417721519
0.7459016393442623
0.7142857142857143
0.5164835164835165
0.908256880733945
0.6637931034482759
0.6
0.584070796460177
0.7697841726618705
0.6640625
0.7155172413793104
0.7777777777777778
0.578125
0.46153846153846156
0.7075471698113207
0.8640776699029126
0.8131868131868132
0.8426966292134831
0.7582417582417582
0.6133333333333333
0.803030303030303
0.591715976331361
0.6323529411764706
0.627906976744186
0.4785714285714286
0.8717948717948718
0.8220338983050848
0.6235294117647059
0.9534883720930233
0.76
0.5112781954887218
0.7019867549668874
0.6353591160220995
0.5569620253164557
0.5966386554621849
0.7304347826086957
0.5943396226415094
0.9696969696969697
0.6352941176470588
0.8231292517006803
0.6461538461538462
0.6956521739130435
0.9603960396039604
0.6666666666666666
0.8367346938775511
0.5925925925925926
0.43956043956043955
0.6068965517241379
0.5179856115107914
0.46153846153846156
0.743801652892562
0.5847953216374269
0.6242038216560509
0.5833333333333334
0.625
0.5733333333333334
0.6333333333333333
0.7547169811320755
0.6666666666666666
0.5555555555555556
0.7297297297297297
0.6024096385542169
0.5576923076923077
0.5543478260869565
0.5258620689655172
0.6422764227642277
0.6268656716417911
0.6022727272727273
0.6542056074766355
0.72
0.7142857142857143
0.4074074074074074
0.6571428571428571
0.8152173913043478
0.5855855855855856
0.6129032258064516
0.6846846846846847
0.7172413793103448
0.8417721518987342
0.6882352941176471
0.5222222222222223
0.8292682926829268
0.46226415094339623
0.6912751677852349
0.6805555555555556
0.4793388429752066
0.797752808988764
0.7373737373737373
0.7386363636363636
0.725609756097561
0.9010989010989011
0.953125
0.6865671641791045
0.7972027972027972
0.7021276595744681
0.9646017699115044
0.5892857142857143
0.7604166666666666
0.6935483870967742
0.6024096385542169
0.6923076923076923
0.4230769230769231
0.5168539325842697
0.765625
0.7603305785123967
0.4594594594594595
0.56875
0.7578947368421053
0.6122448979591837
0.5867768595041323
0.4765625
0.5789473684210527
0.6428571428571429
0.58
0.49079754601226994
0.6911764705882353
0.6551724137931034
0.3888888888888889
0.7313432835820896
0.5578231292517006
0.7126436781609196
0.6781609195402298
0.5247524752475248
0.6875
0.4835164835164835
0.6422764227642277
0.5675675675675675
0.4883720930232558
0.6935483870967742
0.7272727272727273
0.9571428571428572
0.6642857142857143
0.8102189781021898
0.6590909090909091
0.6764705882352942
0.6721311475409836
0.6060606060606061
0.7857142857142857
0.46236559139784944
0.5527950310559007
0.75
0.625
0.65625
0.6574074074074074
0.8012048192771084
0.8380952380952381
0.7241379310344828
0.6774193548387096
0.7283950617283951
0.5913978494623656
0.7386363636363636
0.6862745098039216
0.575
0.7543859649122807
0.776
0.9622641509433962
0.6666666666666666
0.6097560975609756
0.5460992907801419
0.7293233082706767
0.6077348066298343
0.8191489361702128
0.8951612903225806
0.6666666666666666
0.8285714285714286
0.6352941176470588
0.47761194029850745
0.6288659793814433
0.6149425287356322
0.6853146853146853
0.6560509554140127
0.8639455782312925
0.6442307692307693
0.6289308176100629
0.5844155844155844
0.8902439024390244
0.7777777777777778
0.6666666666666666
0.6716417910447762
0.6477272727272727
0.6637931034482759
0.6031746031746031
0.8313253012048193
0.8134328358208955
0.5619047619047619
0.7469135802469136
0.5208333333333334
0.7593984962406015
0.8387096774193549
0.8018018018018018
0.5714285714285714
0.5462962962962963
0.5967741935483871
0.9210526315789473
0.7125
0.5376344086021505
0.8208955223880597
0.6161616161616161
0.7610619469026548
0.6625
0.6
0.5363636363636364
0.4887640449438202
0.6956521739130435
0.71875
0.6432748538011696
0.9343065693430657
0.7515527950310559
0.6764705882352942
0.5948275862068966
0.6180555555555556
0.8650793650793651
0.6386554621848739
0.6275862068965518
0.4383561643835616
0.6016260162601627
0.6630434782608695
0.8301886792452831
0.7349397590361446
0.6
1.0
0.8222222222222222
0.672566371681416
0.5742574257425742
0.8611111111111112
0.9484536082474226
0.6846846846846847
0.7894736842105263
0.5178571428571429
0.6172839506172839
0.5280898876404494
0.7647058823529411
0.5873015873015873
0.5283018867924528
0.7741935483870968
0.6753246753246753
0.6309523809523809
0.8282828282828283
0.891566265060241
0.564935064935065
0.6382978723404256
0.45121951219512196
0.67
0.6266666666666667
0.9316239316239316
0.5538461538461539
0.765625
0.6451612903225806
0.5538461538461539
0.49
0.5918367346938775
0.7605633802816901
0.8793103448275862
0.8376623376623377
0.5325443786982249
0.6629213483146067
0.75
0.8208092485549133
0.7323943661971831
0.7670454545454546
0.4716981132075472
0.5057471264367817
0.5636363636363636
0.6788990825688074
0.5714285714285714
0.5339805825242718
0.7452830188679245
0.5098039215686274
0.65
0.7171717171717171
0.5066666666666667
0.8943661971830986
0.6875
0.69
0.7238095238095238
0.6621621621621622
0.7007874015748031
0.7416666666666667
0.6170212765957447
0.6063829787234043
0.8703703703703703
0.6847826086956522
0.5
0.4536082474226804
0.7407407407407407
0.6615384615384615
0.7840909090909091
0.7887323943661971
0.6184971098265896
0.550561797752809
0.7916666666666666
0.49193548387096775
0.8026315789473685
0.6347826086956522
0.5757575757575758
0.6666666666666666
0.6589147286821705
0.7569444444444444
0.6623376623376623
0.6545454545454545
0.6923076923076923
0.6148148148148148
0.5294117647058824
0.546875
0.5797872340425532
0.62
0.48333333333333334
0.7580645161290323
0.652542372881356
0.53125
0.6808510638297872
0.5694444444444444
0.553030303030303
0.8333333333333334
0.6666666666666666
0.34782608695652173
0.6947368421052632
0.68
0.5116279069767442
0.7769230769230769
0.889763779527559
0.5964912280701754
0.5662650602409639
0.6617647058823529
0.8028169014084507
0.630057803468208
0.819672131147541
0.53
0.8080808080808081
0.532608695652174
0.5344827586206896
0.7205882352941176
0.9590163934426229
0.4573643410852713
0.6395348837209303
0.6060606060606061
0.6861313868613139
0.8503937007874016
0.6881720430107527
0.5161290322580645
0.6235294117647059
0.8369565217391305
0.6436781609195402
0.7080745341614907
0.6285714285714286
0.5447761194029851
0.7471264367816092
0.6346153846153846
0.5643564356435643
0.845360824742268
0.46296296296296297
0.5189873417721519
0.7
0.8656716417910447
0.7
0.3942307692307692
0.7078651685393258
0.7290322580645161
0.8125
0.6823529411764706
0.8227848101265823
0.625
0.5576923076923077
0.6521739130434783
1.0
0.5125
0.544
0.7857142857142857
0.7142857142857143
0.5606060606060606
0.6727272727272727
0.6745562130177515
0.5075757575757576
0.8526315789473684
0.6122448979591837
0.8552631578947368
0.8879310344827587
0.8449197860962567
0.632183908045977
0.7083333333333334
0.6666666666666666
0.6172839506172839
0.7272727272727273
0.7755102040816326
0.9285714285714286
0.6083333333333333
0.7563025210084033
0.7297297297297297
0.7615384615384615
0.5766871165644172
0.6614173228346457
0.7058823529411765
0.8686131386861314
0.5531914893617021
0.7432432432432432
0.6627906976744186
0.8854166666666666
0.7191011235955056
0.57
0.9295774647887324
0.7065217391304348
0.5526315789473685
0.5681818181818182
0.5324675324675324
0.8508771929824561
0.55
0.847682119205298
0.6173913043478261
0.6111111111111112
0.6111111111111112
0.9405940594059405
0.5113636363636364
0.5483870967741935
0.6666666666666666
0.5121951219512195
0.6153846153846154
0.8203125
0.71875
0.5340909090909091
0.6823529411764706
0.7631578947368421
0.7738095238095238
0.8455284552845529
0.6666666666666666
0.6019417475728155
0.7132867132867133
0.5821917808219178
0.4626865671641791
0.7388059701492538
0.6455696202531646
0.6772151898734177
0.5882352941176471
0.5428571428571428
0.7426900584795322
0.8
0.5942028985507246
0.4482758620689655
0.8333333333333334
0.6631578947368421
0.5520361990950227
0.5675675675675675
0.8134328358208955
0.5879120879120879
0.6777777777777778
0.7534246575342466
0.6160714285714286
0.57
0.8733333333333333
0.5131578947368421
0.6626506024096386
0.6233766233766234
0.7428571428571429
0.7405405405405405
0.7263157894736842
0.6551724137931034
0.6379310344827587
0.6713286713286714
0.7457627118644068
0.6973684210526315
0.7956204379562044
0.5912408759124088
0.7132352941176471
0.7936507936507936
0.5086206896551724
0.8478260869565217
0.4857142857142857
0.6111111111111112
0.6213592233009708
0.7301587301587301
0.5474452554744526
