0.8163265306122449
0.5
0.631578947368421
0.5176470588235293
0.4642857142857143
0.4642857142857143
0.4642857142857143
0.5357142857142857
0.3492063492063492
0.7619047619047619
0.8888888888888888
0.6296296296296297
0.39344262295081966
0.29508196721311475
0.42622950819672134
0.7540983606557377
0.6153846153846154
0.8076923076923077
0.6153846153846154
0.5
0.5952380952380952
0.6829268292682926
0.65625
0.59375
0.375
0.7636363636363637
0.44705882352941173
0.41509433962264153
0.41509433962264153
0.49056603773584906
0.7924528301886793
0.7924528301886793
0.7547169811320755
0.7924528301886793
0.43333333333333335
0.8378378378378378
0.4864864864864865
0.42105263157894735
0.47058823529411764
0.47058823529411764
0.3921568627450981
0.43137254901960786
0.7843137254901961
0.7450980392156863
0.7450980392156863
0.7450980392156863
0.7450980392156863
0.7450980392156863
0.7450980392156863
0.7450980392156863
0.48275862068965514
0.7931034482758621
0.75
0.8602150537634409
0.6785714285714286
0.7755102040816326
0.7346938775510203
0.7755102040816326
0.6190476190476191
0.7619047619047619
0.7142857142857143
0.5142857142857142
0.2622950819672131
0.5925925925925926
0.6666666666666667
0.4814814814814815
0.7037037037037037
0.42553191489361697
0.85
0.821917808219178
0.4545454545454546
0.5454545454545454
0.6153846153846154
0.5
0.42307692307692313
0.6538461538461539
0.6666666666666667
0.5614035087719298
0.5964912280701755
0.7017543859649122
0.7894736842105263
0.8421052631578947
0.46376811594202894
0.48
0.5432098765432098
0.4301075268817204
0.5806451612903225
0.4651162790697675
0.4727272727272728
0.32727272727272727
0.7636363636363637
0.4727272727272728
0.7636363636363637
0.7636363636363637
0.5671641791044777
0.5063291139240507
0.7333333333333334
0.41666666666666663
0.4375
0.30952380952380953
0.4666666666666667
0.4444444444444444
0.49350649350649356
0.5846153846153845
0.6415094339622642
0.7169811320754718
0.7547169811320755
0.7169811320754718
0.4528301886792453
0.7317073170731707
0.6896551724137931
0.4137931034482759
0.42666666666666664
0.72
0.2857142857142857
0.47058823529411764
0.5588235294117647
0.27450980392156865
0.42352941176470593
0.7058823529411764
0.5294117647058824
0.5294117647058824
0.2941176470588235
0.5294117647058824
0.5294117647058824
0.5294117647058824
0.5294117647058824
0.4
0.3928571428571429
0.3928571428571429
0.3928571428571429
0.3928571428571429
0.5641025641025641
0.33333333333333337
0.5245901639344263
0.5915492957746479
0.6938775510204082
0.6938775510204082
0.653061224489796
0.5925925925925926
0.6296296296296297
0.7037037037037037
0.37037037037037035
0.3389830508474576
0.7796610169491526
0.44067796610169496
0.78125
0.75
0.5
0.78125
0.6376811594202898
0.43243243243243246
0.4864864864864865
0.43243243243243246
0.5945945945945945
0.6075949367088608
0.33333333333333337
0.34042553191489366
0.5957446808510638
0.3829787234042553
0.3829787234042553
0.7659574468085106
0.42553191489361697
0.34615384615384615
0.7307692307692308
0.5769230769230769
0.46153846153846156
0.5614035087719298
0.7719298245614035
0.42105263157894735
0.7741935483870968
0.3870967741935484
0.4444444444444444
0.31707317073170727
0.5357142857142857
0.3555555555555555
0.6181818181818182
0.5142857142857142
0.5428571428571429
0.7
0.4363636363636364
0.3666666666666667
0.43999999999999995
0.6799999999999999
0.76
0.8
0.5142857142857142
0.5142857142857142
0.35
0.5142857142857142
0.34090909090909094
0.7671232876712328
0.7671232876712328
0.6031746031746033
0.4137931034482759
0.37735849056603776
0.30188679245283023
0.7169811320754718
0.75
0.42105263157894735
0.5454545454545454
0.2857142857142857
0.4285714285714286
0.759493670886076
0.3529411764705882
0.3137254901960784
0.6666666666666667
0.6376811594202898
0.3913043478260869
0.5365853658536586
0.36111111111111116
0.6666666666666667
0.6296296296296297
0.7037037037037037
0.40816326530612246
0.5714285714285714
0.375
0.6129032258064516
0.31999999999999995
0.24561403508771928
0.5428571428571429
0.6024096385542168
0.717948717948718
0.3846153846153846
0.34042553191489366
0.3529411764705882
0.4411764705882353
0.47058823529411764
0.4363636363636364
0.4363636363636364
0.36363636363636365
0.32727272727272727
0.4363636363636364
0.4
0.5454545454545454
0.3492063492063492
0.31999999999999995
0.5172413793103448
0.24137931034482762
0.3793103448275862
0.32432432432432434
0.2432432432432432
0.4222222222222223
0.6
0.30188679245283023
0.41509433962264153
0.49056603773584906
0.28985507246376807
0.4444444444444444
0.2222222222222222
0.45833333333333337
0.22429906542056077
0.2650602409638554
0.29333333333333333
0.6101694915254237
0.47457627118644063
0.576271186440678
0.4067796610169492
0.6666666666666667
0.39534883720930236
0.37209302325581395
0.6
0.32258064516129037
0.3870967741935484
0.5483870967741935
0.40740740740740744
0.5555555555555556
0.40740740740740744
0.4347826086956522
0.6956521739130435
0.3076923076923077
0.45614035087719296
0.38596491228070173
0.42105263157894735
0.42105263157894735
0.38596491228070173
0.47058823529411764
0.3529411764705882
0.36734693877551017
0.379746835443038
0.25688073394495414
0.4
0.4666666666666667
0.6333333333333333
0.5915492957746479
0.29268292682926833
0.36585365853658536
0.5365853658536586
0.5365853658536586
0.6538461538461539
0.3076923076923077
0.34615384615384615
0.34615384615384615
0.3492063492063492
0.36363636363636365
0.38961038961038963
0.4727272727272728
0.36363636363636365
0.4545454545454546
0.2545454545454545
0.4
0.3296703296703297
0.49275362318840576
0.5797101449275363
0.37681159420289856
0.4482758620689655
0.6551724137931034
0.3793103448275862
0.3793103448275862
0.5172413793103448
0.4137931034482759
0.6808510638297872
0.46808510638297873
0.3373493975903614
0.25
0.3055555555555556
0.28
0.42666666666666664
0.21333333333333337
0.36
0.4
0.65625
0.3125
0.34375
0.5128205128205128
0.3589743589743589
0.3589743589743589
0.41509433962264153
0.339622641509434
0.41509433962264153
0.26415094339622647
0.41509433962264153
0.23880597014925375
0.4477611940298507
0.5074626865671642
0.3950617283950617
0.4691358024691358
0.2962962962962963
0.3214285714285714
0.5
0.3571428571428571
0.3928571428571429
0.5357142857142857
0.5238095238095238
0.6849315068493151
0.410958904109589
0.2542372881355932
0.44067796610169496
0.4
0.48888888888888893
0.48888888888888893
0.25899280575539574
0.30379746835443033
0.5416666666666667
0.375
0.375
0.29166666666666663
0.375
0.27692307692307694
0.4
0.47058823529411764
0.44705882352941173
0.2647058823529411
0.3529411764705882
0.27450980392156865
0.27450980392156865
0.23529411764705888
0.3529411764705882
0.3137254901960784
0.3529411764705882
0.3137254901960784
0.33333333333333337
0.2962962962962963
0.2702702702702703
0.38596491228070173
0.5263157894736843
0.5614035087719298
0.38596491228070173
0.2807017543859649
0.5263157894736843
0.49122807017543857
0.2857142857142857
0.2666666666666667
0.3666666666666667
0.3666666666666667
0.44999999999999996
0.5396825396825398
0.5714285714285714
0.24242424242424243
0.32608695652173914
0.42307692307692313
0.3076923076923077
0.32727272727272727
0.6551724137931034
0.3793103448275862
0.39344262295081966
0.28125
0.23880597014925375
0.5205479452054795
0.3013698630136986
0.40506329113924056
0.29268292682926833
0.22580645161290325
0.36363636363636365
0.34042553191489366
0.33999999999999997
0.339622641509434
0.576271186440678
0.5806451612903225
0.3870967741935484
0.2857142857142857
0.4418604651162791
0.3111111111111111
0.19999999999999996
0.26086956521739135
0.28125
0.2777777777777778
0.3157894736842105
0.3555555555555555
0.40740740740740744
0.3555555555555555
0.33333333333333337
0.24
0.5
0.2592592592592593
0.42105263157894735
0.4285714285714286
0.33333333333333337
0.1777777777777778
0.2857142857142857
0.5681818181818181
0.1707317073170732
0.4473684210526315
0.4473684210526315
0.2894736842105263
0.26315789473684215
0.2465753424657534
0.2571428571428571
0.26865671641791045
0.26865671641791045
0.35820895522388063
0.17910447761194026
0.26865671641791045
0.28125
0.3278688524590164
0.39344262295081966
0.4482758620689655
0.24137931034482762
0.27586206896551724
0.2545454545454545
0.2692307692307693
0.19565217391304346
0.4347826086956522
0.4651162790697675
0.29729729729729726
0.3529411764705882
0.23529411764705888
0.2941176470588235
0.3384615384615385
0.22580645161290325
0.5161290322580645
0.37777777777777777
0.44067796610169496
0.44067796610169496
0.3214285714285714
0.3928571428571429
0.14814814814814814
0.339622641509434
0.4528301886792453
0.339622641509434
0.46808510638297873
0.34782608695652173
0.26086956521739135
0.37362637362637363
0.2727272727272727
0.2429906542056075
0.2222222222222222
0.2857142857142857
0.2222222222222222
0.3414634146341463
0.5148514851485149
0.2666666666666667
0.23333333333333328
0.4
0.2894736842105263
0.3157894736842105
0.273972602739726
0.37037037037037035
0.20370370370370372
0.37037037037037035
0.33333333333333337
0.2222222222222222
0.21568627450980393
0.27450980392156865
0.26865671641791045
0.2650602409638554
0.16161616161616166
0.4375
0.3035714285714286
0.1875
0.28125
0.33333333333333337
0.20779220779220775
0.3116883116883117
0.5901639344262295
0.360655737704918
0.2666666666666667
0.4054054054054054
0.22988505747126442
0.31034482758620685
0.24137931034482762
0.3793103448275862
0.3098591549295775
0.4225352112676056
0.3098591549295775
0.4285714285714286
0.19323671497584538
0.21818181818181814
0.2909090909090909
0.2545454545454545
0.2545454545454545
0.4117647058823529
0.32352941176470584
0.32352941176470584
0.32098765432098764
0.27692307692307694
0.28205128205128205
0.2954545454545454
0.25
0.3466666666666667
0.29333333333333333
0.29333333333333333
0.18666666666666665
0.29333333333333333
0.32258064516129037
0.3548387096774194
0.30508474576271183
0.27118644067796616
0.1707317073170732
0.30434782608695654
0.28985507246376807
0.26086956521739135
0.21739130434782605
0.30434782608695654
0.3913043478260869
0.1428571428571429
0.2696629213483146
0.24242424242424243
0.39534883720930236
0.15094339622641506
0.26415094339622647
0.2857142857142857
0.3492063492063492
0.19047619047619047
0.26
0.31999999999999995
0.22499999999999998
0.34285714285714286
0.3666666666666667
0.16666666666666663
0.36
0.18556701030927836
0.25287356321839083
0.2857142857142857
0.20895522388059706
0.3157894736842105
0.14893617021276595
0.2142857142857143
0.2702702702702703
0.28125
0.1875
0.28125
0.33333333333333337
0.3098591549295775
0.40909090909090906
0.1282051282051282
0.17647058823529416
0.3414634146341463
0.2153846153846154
0.3384615384615385
0.3055555555555556
0.36111111111111116
0.15189873417721522
0.25316455696202533
0.2545454545454545
0.32258064516129037
0.25806451612903225
0.25806451612903225
0.17391304347826086
0.28915662650602414
0.24096385542168675
0.14414414414414412
0.2033898305084746
0.23728813559322037
0.23728813559322037
0.33333333333333337
0.17500000000000004
0.25531914893617025
0.25
0.2857142857142857
0.25396825396825395
0.326530612244898
0.23809523809523814
0.23809523809523814
0.18947368421052635
0.38636363636363635
0.21621621621621623
0.2432432432432432
0.23880597014925375
0.23880597014925375
0.20895522388059706
0.23333333333333328
0.2666666666666667
0.30000000000000004
0.19999999999999996
0.16666666666666663
0.339622641509434
0.2264150943396226
0.18867924528301883
0.17391304347826086
0.26086956521739135
0.21875
0.125
0.21875
0.15625
0.17543859649122806
0.21052631578947367
0.18666666666666665
0.24
0.3529411764705882
0.2790697674418605
0.29508196721311475
0.16393442622950816
0.1311475409836066
0.2295081967213115
0.14814814814814814
0.27692307692307694
0.15384615384615385
0.17021276595744683
0.1724137931034483
0.13793103448275867
0.22448979591836737
0.23529411764705888
0.3870967741935484
0.29032258064516125
0.12903225806451613
0.1917808219178082
0.2727272727272727
0.20779220779220775
0.21818181818181814
0.2909090909090909
0.2727272727272727
0.345679012345679
0.30508474576271183
0.29166666666666663
0.25
0.16666666666666663
0.33333333333333337
0.16666666666666663
0.16666666666666663
0.16216216216216217
0.25396825396825395
0.202247191011236
0.19999999999999996
0.23076923076923073
0.15384615384615385
0.20895522388059706
0.14925373134328357
0.17910447761194026
0.14634146341463417
0.2857142857142857
0.2142857142857143
0.2142857142857143
0.2816901408450704
0.2535211267605634
0.19718309859154926
0.19999999999999996
0.2666666666666667
0.1063829787234043
0.375
0.1875
0.15625
0.20408163265306123
0.20408163265306123
0.19277108433734935
0.21568627450980393
0.11764705882352944
0.30188679245283023
0.2807017543859649
0.1578947368421053
0.19999999999999996
0.29508196721311475
0.29508196721311475
0.19047619047619047
0.18461538461538463
0.2222222222222222
0.12307692307692308
0.19565217391304346
0.34782608695652173
0.23188405797101452
0.1643835616438356
0.15384615384615385
0.2407407407407407
0.18518518518518523
0.18518518518518523
0.12048192771084343
0.2142857142857143
0.27586206896551724
0.1724137931034483
0.22580645161290325
0.16666666666666663
0.303030303030303
0.18181818181818177
0.12121212121212122
0.1428571428571429
0.17142857142857137
0.1282051282051282
0.18604651162790697
0.11111111111111116
0.23529411764705888
0.23529411764705888
0.1454545454545455
0.25396825396825395
0.15873015873015872
0.2222222222222222
0.35820895522388063
0.23880597014925375
0.14925373134328357
0.16901408450704225
0.18666666666666665
0.3733333333333333
0.17721518987341767
0.2168674698795181
0.16091954022988508
0.17582417582417587
0.08791208791208793
0.4695652173913043
0.18518518518518523
0.17500000000000004
0.3157894736842105
0.20588235294117652
0.2222222222222222
0.23333333333333328
0.1428571428571429
0.1428571428571429
0.07692307692307687
0.1333333333333333
0.1923076923076923
0.23076923076923073
0.25
