0.8695652173913043
0.6388888888888888
0.7473684210526316
0.6146341463414634
0.7714285714285715
0.5259259259259259
0.7714285714285715
0.5769230769230769
0.8928571428571429
0.8275862068965517
0.9764705882352941
0.8
0.5133333333333333
0.7724137931034483
0.503448275862069
0.7666666666666667
0.9333333333333333
0.8615384615384616
0.9333333333333333
0.8
0.6097560975609756
0.77
0.9172413793103448
0.6785714285714286
0.8533333333333334
0.8148148148148148
0.5333333333333333
0.472
0.4583333333333333
0.52
0.823076923076923
0.823076923076923
0.7846153846153846
0.823076923076923
0.8428571428571429
0.96875
0.7666666666666667
0.6133333333333333
0.8173913043478261
0.5217391304347826
0.8173913043478261
0.825
0.8583333333333333
0.8
0.8
0.8
0.784
0.784
0.8
0.8
0.56
0.8428571428571429
0.9096774193548387
1.0
0.9230769230769231
0.8521739130434782
0.782608695652174
0.8521739130434782
0.65
0.8
0.7407407407407407
0.5625
0.8
0.9166666666666666
0.6923076923076923
0.7230769230769231
0.7307692307692307
0.47619047619047616
1.0
0.967741935483871
0.8303030303030303
0.8125
0.9130434782608695
0.5416666666666666
0.7384615384615385
0.7083333333333334
0.7916666666666666
0.9333333333333333
0.6518518518518519
0.7142857142857143
0.8105263157894737
0.8888888888888888
0.8117647058823529
0.5583333333333333
0.725
0.525
0.8615384615384616
0.79
0.7481481481481481
0.6444444444444445
0.7777777777777778
0.48148148148148145
0.7777777777777778
0.7777777777777778
0.8714285714285714
0.5555555555555556
0.7928571428571428
0.8
0.8
0.697560975609756
0.6933333333333334
0.8823529411764706
0.5368421052631579
0.59375
0.6923076923076923
0.8166666666666667
0.7692307692307693
0.7307692307692307
0.768
0.75
0.7357142857142858
0.745
0.7542857142857143
0.7513513513513513
0.2903225806451613
0.775
0.5757575757575758
0.33636363636363636
0.7948717948717948
0.72
0.6235294117647059
0.6235294117647059
0.6235294117647059
0.788235294117647
0.788235294117647
0.788235294117647
0.788235294117647
0.7142857142857143
0.7
0.6571428571428571
0.7
0.7
0.6875
0.5411764705882353
0.5333333333333333
0.7241379310344828
0.7391304347826086
0.7083333333333334
0.6956521739130435
0.6846153846153846
0.6846153846153846
0.7461538461538462
0.6962962962962963
0.6758620689655173
0.9583333333333334
0.7241379310344828
0.9615384615384616
0.8275862068965517
0.6153846153846154
0.9615384615384616
0.7724137931034483
0.9125
0.5294117647058824
0.7529411764705882
0.7222222222222222
0.7076923076923077
0.7684210526315789
0.7090909090909091
0.7428571428571429
0.391304347826087
0.391304347826087
0.782608695652174
0.7304347826086957
0.504
0.8166666666666667
0.712
0.792
0.676923076923077
0.8071428571428572
0.7142857142857143
0.96
0.5862068965517241
0.6625
0.6390243902439025
0.6679245283018868
0.7047619047619048
0.8444444444444444
0.6352941176470588
0.7235294117647059
0.75
0.672
0.6482758620689655
0.632
0.7083333333333334
0.7916666666666666
0.8888888888888888
0.6352941176470588
0.5294117647058824
0.6842105263157895
0.5764705882352941
0.7621621621621621
0.9655172413793104
0.9655172413793104
0.7290322580645161
0.4444444444444444
0.464
0.6
0.76
0.9473684210526315
0.6666666666666666
0.7125
0.6461538461538462
0.6888888888888889
0.9
0.43636363636363634
0.512
0.7083333333333334
0.7548387096774194
0.72
0.5789473684210527
0.4645161290322581
0.7142857142857143
0.7538461538461538
0.7307692307692307
0.780952380952381
0.6083333333333333
0.4052631578947368
0.6333333333333333
0.46285714285714286
0.35555555555555557
0.6333333333333333
0.8
0.8111111111111111
0.456
0.5333333333333333
0.42
0.5
0.6242424242424243
0.4666666666666667
0.7076923076923077
0.4074074074074074
0.7304347826086957
0.5555555555555556
0.5407407407407407
0.5925925925925926
0.3793103448275862
0.475
0.792
0.47586206896551725
0.72
0.6848484848484848
0.6457142857142857
0.6372093023255814
0.6444444444444445
0.3769230769230769
0.4230769230769231
0.56
0.56875
0.5058823529411764
0.49714285714285716
0.4782608695652174
0.6
0.275
0.696969696969697
0.7241379310344828
0.6076923076923076
0.676923076923077
0.5379310344827586
0.7391304347826086
0.41904761904761906
0.45
0.8076923076923077
0.5214285714285715
0.41379310344827586
0.6285714285714286
0.4148148148148148
0.5769230769230769
0.5461538461538461
0.52
0.9411764705882353
0.4967741935483871
0.5
0.5571428571428572
0.6307692307692307
0.46153846153846156
0.40714285714285714
0.6176470588235294
0.48484848484848486
0.4608695652173913
0.7870967741935484
0.525
0.41333333333333333
0.5703703703703704
0.6785714285714286
0.6545454545454545
0.5578947368421052
0.5025641025641026
0.7529411764705882
0.6105263157894737
0.68
0.5666666666666667
0.472
0.456
0.4645161290322581
0.45
0.4838709677419355
0.5652173913043478
0.43478260869565216
0.7071428571428572
0.28
0.4740740740740741
0.5066666666666667
0.63125
0.6896551724137931
0.6933333333333334
0.7565217391304347
0.6785714285714286
0.5923076923076923
0.5851851851851851
0.5724137931034483
0.6
0.9411764705882353
0.8210526315789474
0.40555555555555556
0.3
0.32571428571428573
0.5826086956521739
0.68
0.25
0.416
0.5583333333333333
0.7642857142857142
0.38064516129032255
0.6296296296296297
0.8125
0.4117647058823529
0.5882352941176471
0.632
0.6695652173913044
0.4583333333333333
0.4461538461538462
0.576
0.2875
0.5757575757575758
0.6709677419354839
0.5948717948717949
0.5588235294117647
0.3611111111111111
0.35555555555555557
0.5555555555555556
0.5333333333333333
0.4857142857142857
0.5642857142857143
0.6705882352941176
0.9615384615384616
0.51875
0.3103448275862069
0.6071428571428571
0.4090909090909091
0.6736842105263158
0.6947368421052632
0.5492063492063493
0.5675675675675675
0.5416666666666666
0.375
0.375
0.41904761904761906
0.6761904761904762
0.4875
0.7470588235294118
0.7642857142857142
0.5135135135135135
0.8
0.591304347826087
0.528
0.536
0.6
0.36470588235294116
0.5
0.6347826086956522
0.376
0.6416666666666667
0.568
0.49411764705882355
0.64
0.625
0.6916666666666667
0.46923076923076923
0.4714285714285714
0.5785714285714286
0.6370370370370371
0.5842105263157895
0.43703703703703706
0.4827586206896552
0.4642857142857143
0.5647058823529412
0.7083333333333334
0.76
0.5548387096774193
0.46842105263157896
0.5615384615384615
0.568
0.4090909090909091
0.95
0.5310344827586206
0.4
0.5448275862068965
0.40714285714285714
0.6533333333333333
0.6228571428571429
0.4486486486486487
0.51875
0.5791666666666667
0.36363636363636365
0.65
0.4444444444444444
0.5923076923076923
0.6666666666666666
0.8083333333333333
0.52
0.39473684210526316
0.47317073170731705
0.413953488372093
0.2909090909090909
0.6357142857142857
0.3333333333333333
0.3225806451612903
0.5391304347826087
0.47368421052631576
0.4846153846153846
0.5272727272727272
0.41379310344827586
0.4685714285714286
0.631578947368421
0.4148148148148148
0.55
0.6588235294117647
0.43333333333333335
0.41818181818181815
0.8355555555555556
0.7878787878787878
0.48947368421052634
0.6714285714285714
0.6266666666666667
0.4702702702702703
0.36666666666666664
0.46875
0.4068965517241379
0.475
0.3333333333333333
0.42857142857142855
0.2896551724137931
0.31333333333333335
0.416
0.4666666666666667
0.5071428571428571
0.5259259259259259
0.4413793103448276
0.3076923076923077
0.45384615384615384
0.4846153846153846
0.28444444444444444
0.47619047619047616
0.65
0.42857142857142855
0.496
0.3212121212121212
0.31176470588235294
0.47692307692307695
0.2714285714285714
0.5290322580645161
0.5513513513513514
0.5
0.5615384615384615
0.5153846153846153
0.44
0.2388888888888889
0.36
0.46923076923076923
0.36
0.5636363636363636
0.36470588235294116
0.33793103448275863
0.37777777777777777
0.37272727272727274
0.358974358974359
0.4827586206896552
0.5307692307692308
0.2967741935483871
0.4375
0.7485714285714286
0.3739130434782609
0.4666666666666667
0.4206896551724138
0.6592592592592592
0.391304347826087
0.35714285714285715
0.7111111111111111
0.30196078431372547
0.5304347826086957
0.5652173913043478
0.23703703703703705
0.47346938775510206
0.344
0.33548387096774196
0.32682926829268294
0.23673469387755103
0.7818181818181819
0.3673469387755102
0.5166666666666667
0.4
0.7368421052631579
0.3684210526315789
0.38235294117647056
0.9473684210526315
0.36666666666666664
0.37272727272727274
0.5032258064516129
0.32558139534883723
0.6347826086956522
0.4222222222222222
0.45517241379310347
0.42962962962962964
0.4838709677419355
0.4470588235294118
0.65
0.32978723404255317
0.33043478260869563
0.616
0.376
0.28
0.5703703703703704
0.4714285714285714
0.36666666666666664
0.34210526315789475
0.5083333333333333
0.41578947368421054
0.37142857142857144
0.455
0.6068965517241379
0.4111111111111111
0.4
0.3837837837837838
0.43529411764705883
0.35333333333333333
0.3793103448275862
0.43846153846153846
0.32413793103448274
0.18461538461538463
0.4095238095238095
0.3333333333333333
0.5263157894736842
0.4
0.4636363636363636
0.41739130434782606
0.21666666666666667
0.37
0.4875
0.4594594594594595
0.425
0.456
0.7391304347826086
0.464
0.2962962962962963
0.49230769230769234
0.52
0.30256410256410254
0.5066666666666667
0.48148148148148145
0.19230769230769232
0.5
0.41081081081081083
0.4228571428571429
0.593103448275862
0.22424242424242424
0.4857142857142857
0.3142857142857143
0.4
0.38235294117647056
0.4827586206896552
0.3448275862068966
0.4
0.5304347826086957
0.45517241379310347
0.48
0.26666666666666666
0.4222222222222222
0.56
0.225
0.4230769230769231
0.3793103448275862
0.4375
0.26842105263157895
0.3314285714285714
0.4
0.4166666666666667
0.44878048780487806
0.2733333333333333
0.3103448275862069
0.5818181818181818
0.24390243902439024
0.2863636363636364
0.26153846153846155
0.45
0.27586206896551724
0.43448275862068964
0.3473684210526316
0.37714285714285717
0.42105263157894735
0.3548387096774194
0.25806451612903225
0.36363636363636365
0.3368421052631579
0.35789473684210527
0.26842105263157895
0.40476190476190477
0.2833333333333333
0.39375
0.42962962962962964
0.46923076923076923
0.26
0.37037037037037035
0.27586206896551724
0.38620689655172413
0.362962962962963
0.36551724137931035
0.5391304347826087
0.26153846153846155
0.3153846153846154
0.23255813953488372
0.38823529411764707
0.37857142857142856
0.23076923076923078
0.25
0.28125
0.344
0.3851851851851852
0.1891891891891892
0.5076923076923077
0.46153846153846156
0.6466666666666666
0.35
0.32666666666666666
0.2846153846153846
0.4066666666666667
0.26153846153846155
0.3225806451612903
0.2740740740740741
0.37777777777777777
0.23076923076923078
0.3826086956521739
0.3904761904761905
0.26666666666666666
0.5478260869565217
0.375
0.25925925925925924
0.3724137931034483
0.3116279069767442
0.25
0.34545454545454546
0.344
0.35555555555555557
0.6814814814814815
0.36
0.5866666666666667
0.7176470588235294
0.25263157894736843
0.55
0.27
0.40869565217391307
0.29714285714285715
0.25806451612903225
0.305
0.328125
0.35789473684210527
0.2857142857142857
0.2620689655172414
0.42857142857142855
0.3225806451612903
0.19
0.35833333333333334
0.3142857142857143
0.26666666666666666
0.44
0.4142857142857143
0.3090909090909091
0.24
0.3
0.3333333333333333
0.4
0.25
0.27741935483870966
0.46285714285714286
0.4588235294117647
0.30303030303030304
0.35909090909090907
0.16666666666666666
0.4
0.30714285714285716
0.3096774193548387
0.27741935483870966
0.6
0.4666666666666667
0.4258064516129032
0.26296296296296295
0.24516129032258063
0.18620689655172415
0.255
0.4090909090909091
0.3851851851851852
0.18888888888888888
0.25217391304347825
0.4722222222222222
0.4666666666666667
0.26153846153846155
0.23658536585365852
0.2357142857142857
0.39090909090909093
0.2
0.3142857142857143
0.3381818181818182
0.6090909090909091
0.3586206896551724
0.2714285714285714
0.26857142857142857
0.23636363636363636
0.35
0.24210526315789474
0.23902439024390243
0.5888888888888889
0.3739130434782609
0.32
0.45263157894736844
0.3047619047619048
0.376
0.5
0.3
0.42857142857142855
0.24285714285714285
0.43846153846153846
0.5333333333333333
0.2702702702702703
0.33548387096774196
0.20588235294117646
0.4785714285714286
0.16842105263157894
0.9310344827586207
0.35
0.35625
0.41379310344827586
0.21212121212121213
0.23333333333333334
0.2692307692307692
0.20833333333333334
0.32592592592592595
0.24347826086956523
0.37857142857142856
0.27692307692307694
0.24
0.31666666666666665
