0.7074086733045546
0.17990290836514816
0.832496425782936
0.8523863560616158
0.48906918940421196
0.3282439759448873
0.651771248275116
0.75274654332688
0.5169486692397186
0.6286185570937121
0.7736115311065416
1.0
0.908436886854153
0.9496040316774658
0.6966305460192358
0.7183871498623696
0.6948266685335652
0.8482660579602078
0.3643262080314643
0.8560516500077061
0.809109533319209
0.5857546452217232
0.8176495644864682
0.7629479354705705
0.25178392618413453
0.9133444366746377
0.7527465433268798
0.8040302522073695
0.7810706122033857
0.7895237551663195
0.648649304898973
0.5278870442575002
-0.036289732546865856
0.8795180722891563
0.3643262080314643
-0.0294117647058823
0.931892275251489
0.6222403279304146
0.9999999999999999
0.9318922752514892
0.5692307692307694
0.14270578026057126
0.8040302522073697
0.8073377264158224
0.5998686821767647
0.7746383063887835
0.9392508694199826
0.5916127928867859
0.8104706935466817
0.9065820634102026
0.8876253645985949
0.7348484848484849
0.9223148407800648
0.43913311633719126
0.4919004282174873
0.5864886285233727
0.5700417432947623
0.3845779278544441
0.8343787012462874
0.1284719995679742
0.702387624662949
0.7063118997771599
0.8795180722891568
0.8230245020002872
0.48906918940421185
1.0
0.7076731463403724
0.6486915009848209
0.8836839902173151
0.7075996546209298
0.6818540988326047
0.7645756518960469
0.6969444979857555
0.5841782301194167
0.6486493048989727
0.8412698412698411
0.8577503924427757
0.6517412935323382
0.43405736614121543
0.700000567975051
0.8392594806788949
0.7599434062767719
0.7019641181630338
0.5631366519411287
0.8043074453109313
0.6517412935323382
0.8668049221229868
0.8943923982539808
0.2603158406965713
0.5515359395391353
0.9065776037681189
0.5511932811342812
0.48906918940421196
0.7654423468982219
0.6058047645908203
0.8119406860934091
0.6354166666666667
0.8311149448418277
0.8073049569600934
0.7101056772549039
0.4852941176470587
0.6471502289294339
0.4647092940784817
0.8250461678028254
0.9787288917746658
0.5689213456924789
0.6222403279304144
0.7420700573549701
0.47790183776011624
0.9020871798344542
0.8169918560671732
0.6091241676632247
0.17069718549972976
0.5563955389536438
0.5095246653650681
0.7000005679750511
0.5692307692307694
0.8104706935466817
0.7953056449841824
0.696630546019236
0.8358211534077087
0.7754300986762501
0.696630546019236
0.48906918940421196
0.8874215878153957
0.6114401627749466
0.8083720347307009
0.5038755424199473
0.9318922752514891
0.6114401627749466
0.7626823969487553
0.35384615384615403
0.9185586535436919
0.9155609167671894
0.7506052706078705
0.6486493048989731
0.69429711091236
0.6767482768102551
0.9656266843154392
1.0
0.4096732451993515
0.40887024628442764
0.5480421517678649
0.6216216216216214
0.6375482354758552
0.4096732451993513
0.8682668897517303
0.3556768534729039
1.0
0.7895237551663196
0.870273448776618
0.49174895995871243
0.9105647252487851
0.9442679915455906
0.6919910740070107
0.6378375842037072
0.8177083333333336
0.7348484848484851
0.533997360912126
0.4361794305053908
0.7629479354705704
0.78328173374613
0.8444916483900993
0.737406436923704
0.3712005098978006
0.8223342061984439
0.7783809926881147
0.9691648730052419
0.812190749564769
0.7085349441362807
0.6499319183853536
0.5095246653650682
0.7937814738177971
0.6719477820870379
0.696630546019236
0.6058047645908203
0.7727581815010435
0.8347748818828014
0.6354166666666666
0.8519300792140082
0.6183469424008424
0.9234774374877848
0.1653488252858253
0.5315957919524057
0.8595382307665282
0.7161286639601151
0.9449795075045052
0.6748856561845913
0.25178392618413475
0.6919910740070108
0.8267326732673266
0.6325957349908476
0.6853444168423419
0.5692307692307695
0.6882914240582307
0.4696969696969696
1.0
NaN
0.6650090029024219
0.6598176287564875
0.9435969073394677
0.8119406860934093
0.46470929407848155
0.4391331163371913
0.4272757867270353
NaN
0.7249045189755267
0.8602427657189652
-0.042110707183851875
0.7572824456627529
0.408248290463863
0.46969696969696956
0.7572824456627529
0.6866539144799958
0.48906918940421196
0.8222095708927273
0.7833915594391148
0.7361594173899821
0.8859944120811996
0.8040302522073698
0.7076731463403724
0.7418900972383291
0.927960727138337
0.35384615384615403
0.35384615384615375
0.7629479354705705
0.8702565420364606
0.5609681940050745
0.6378375842037072
0.9014399158491762
0.7257983373675461
0.8476396551615663
0.664261419777473
0.888583189430069
0.4696969696969696
0.5556610784753314
0.4852941176470586
0.9851012533540235
0.748797975291031
0.7249045189755265
0.6989247311827959
0.20152091254752835
0.9557020124670992
0.8040302522073695
0.698760846619387
0.772109996149413
0.7746383063887836
0.21519044333785323
0.39769861242562526
0.8548560026367419
0.825654072461665
0.8678055195451838
0.9318922752514893
0.4758867044795574
0.9170109546287276
0.5551361100027009
1.0
0.6298173794361069
0.6520742313669907
0.6314487574577964
0.5556610784753314
0.7249045189755268
0.6205855833611187
0.4096732451993514
0.4096732451993514
0.9486837791471201
0.7249045189755265
0.8780973409791621
0.7076731463403724
0.6596350407440713
0.20454545454545442
0.5638146258698542
0.8668049221229867
0.696630546019236
0.6818540988326048
0.648649304898973
0.7076731463403724
0.48906918940421207
0.7727581815010433
0.38709048049990763
0.8869022561067664
0.5977625776640617
0.599868682176765
0.4722333445270127
0.6507306171310024
0.6559519440123629
0.5422819649901706
0.7420700573549702
1.0
0.6407163082180946
0.8413204323894062
0.8876253645985948
-0.01449275362318855
NaN
0.3931785497463923
0.9160063878340144
0.46969696969696967
0.9392508694199826
0.591612792886786
0.43913311633719126
0.34249387262537084
0.4759252781146222
0.4890096469218256
0.4890096469218258
0.6515092665214528
0.817708333333333
0.7613717889166635
0.6378375842037072
0.7220578379655757
0.6565052212988685
0.8119406860934093
0.9078330542576589
0.5333964609104418
0.4758867044795575
0.5245468310835592
0.7110423116615066
0.7674029929262327
0.8876253645985945
0.523809523809524
0.9146485872068222
0.40967324519935133
0.45635689750476227
0.7249045189755265
0.25380076523007666
0.8482660579602078
0.8320502943378432
-0.044776119402985766
0.6052309930793368
-0.020646003475383555
0.5422819649901706
0.8195471399401466
0.8227533512074423
0.9014399158491765
0.7348484848484849
0.46969696969696956
0.7348484848484849
1.0
0.6966305460192359
0.5841782301194167
0.25178392618413453
0.7629479354705705
0.654031080295421
0.8668049221229867
0.509524665365068
0.3177668089817142
0.14270578026057096
0.7019641181630338
0.5988040921996424
0.6321119165265067
0.9040194998148283
0.6948266685335648
0.8668049221229867
0.6989247311827957
0.7967629489893401
0.7621274980954914
0.8083720347307009
0.3643262080314645
0.9649388729679489
0.7060285416521338
0.7256233254130218
0.48906918940421185
0.5434958976329334
0.784490890675944
0.9211606632789402
0.5003755465095006
0.45274005211888824
0.6882914240582307
0.701964118163034
0.64995557096191
0.9113251738260366
0.8664122137404582
0.7953056449841824
-0.02547409010563439
0.8921509771317073
0.6989247311827957
0.9058216273156766
0.42660978915302766
0.9151510389967473
0.5689213456924789
0.8720502065376772
0.8104706935466817
0.40425613377100683
0.48529411764705893
1.0
0.8795211071224641
0.7677517927359512
0.8395351553737542
0.9240573201298703
1.0
0.9472912455060042
0.4491808766277594
0.5692307692307694
0.8918284040088785
0.6850845040906465
0.8890552073277828
0.7255423196197437
0.7491265282786356
0.20791387247637283
0.9040194998148283
0.8133398106433672
0.7579030751159116
0.4890691894042119
0.3272052564635805
0.7484551991837489
0.6972660999749983
0.6354166666666663
0.4096732451993515
0.2853908964926965
0.32720525646358073
0.8104706935466816
0.8291133584302744
0.8222095708927271
0.8083720347307009
1.0
0.6060326342930846
-0.047565149415449336
0.5556610784753314
0.7846153846153846
0.4271410714851653
0.8194866385754155
0.928840728025648
0.8595382307665284
0.6559519440123629
0.6919910740070109
0.9656933795030739
0.9442679915455902
0.568921345692479
0.5940309649157423
-0.052093226107062754
0.5689213456924788
0.9054013960308219
1.0
0.6378375842037073
0.805631701290561
0.49973978660740836
1.0
0.503875542419947
0.7621738740279542
0.5333964609104418
0.7388059701492539
0.6407163082180944
0.8617697249402124
0.8764961103241532
0.5095246653650679
0.6910947404650881
0.10501245096777795
0.7348484848484849
0.8876253645985945
0.9414314314063631
0.816767716458835
0.5333964609104419
0.7139587253149589
0.7183871498623695
0.4343996643875885
0.8595382307665281
0.8979179614428544
0.644673660636824
-0.039765282249209055
0.3870904804999076
1.0
0.11678889165721837
0.6486493048989732
0.8595382307665284
0.8749873598569273
0.5095246653650682
0.8221779818311599
0.5556610784753315
0.7610298972663625
0.856051650007706
0.9918051728109698
0.7562550522126618
1.0
0.4852941176470588
0.4890691894042119
0.417159167595715
0.5000867377923083
0.9133444366746377
0.5988040921996427
0.7420700573549701
0.5977625776640614
0.7075996546209298
0.37592062881347843
0.5946468664455992
0.7139587253149586
-0.029411764705882304
0.7336173692357917
0.9664825026598247
0.9435969073394675
0.6471502289294341
0.7348484848484851
0.7062058568413079
0.8412698412698414
0.6674387944311848
0.8056696664820723
0.4890691894042119
0.8427455809040202
0.6517412935323382
0.7858095234606787
0.6517412935323382
0.4890691894042119
0.7967629489893401
0.3643262080314643
0.6919910740070109
0.3272052564635805
0.9204138047923888
0.9100691812965387
0.2517839261841346
0.40272473276418164
0.4794848305620428
0.9472912455060042
0.48906918940421196
0.7412292645598519
0.681083568607788
0.36432620803146454
0.7139587253149586
0.6486493048989727
0.7912746060019081
0.7897188828807972
0.7900825811914799
0.37968989510078366
0.3870904804999076
0.5000867377923083
0.6646512237976104
0.20454545454545442
0.8766955237266323
0.3870904804999075
-0.02064600347538355
0.8386969278892138
-0.03628973254686628
0.20454545454545442
0.5556610784753314
0.9085382401631096
0.5612058880865529
0.8264808597288632
0.5833731487984021
0.7076731463403722
0.8034703458658563
0.7782896421160244
1.0
0.8276878837085472
0.4746629529589117
0.48906918940421185
0.7746383063887835
0.809109533319209
0.3034825870646765
-0.027861507220764175
0.6354166666666666
0.5483870967741934
0.6966305460192359
0.7115507196998471
1.0
0.8084642588459465
0.9178550481742317
0.7760623217710849
0.6486493048989728
0.9329013382038469
0.5556610784753313
0.8595382307665282
0.7672181424519035
0.3034825870646765
0.711550719699847
0.9025101696322985
0.6466621170352992
0.5169486692397184
0.6338413996119545
0.5689213456924789
0.7846153846153845
1.0
0.5923801006943064
0.3034825870646765
0.8876253645985944
0.9228748956565616
0.5841782301194169
0.7629479354705705
-0.02547409010563439
0.7900386533743166
0.8216541697607083
0.8214601316968947
0.7235225394873451
0.8040302522073696
0.463151236819686
0.6780667977417617
0.2367919669002895
0.648649304898973
0.40272473276418136
0.9451178641425815
0.7025775946300177
0.8258574520443189
0.7491265282786358
0.6753864332333118
0.20454545454545442
0.32720525646358045
0.5278870442575003
1.0
-0.044776119402985766
0.74207005735497
0.5440220790763207
0.47135871556128844
0.5000867377923082
0.8111463454934936
0.9181908622762776
0.8104706935466817
0.668034809208453
0.8890010075032087
0.8195876288659795
0.7769020215688299
0.6114401627749466
0.7846153846153848
0.8320502943378435
0.8606743493189174
0.9089692033446437
0.6966305460192359
0.8444612211927558
0.8162633961219059
0.8764961103241533
0.6378375842037071
0.93006993006993
0.7709057324468259
0.46225016352102427
0.2108052278431953
0.3272052564635805
0.8097030898067585
0.4890691894042119
0.8810714874776064
0.8613238886090842
0.7613717889166635
1.0
0.8018785964511895
0.3646534990114524
0.884599710244907
0.570041743294763
0.5540132607341697
0.43405736614121543
0.7770286898858114
0.27686246869696846
0.3538461538461537
0.6910947404650879
0.7846153846153848
0.691094740465088
0.30348258706467657
0.6567781161530077
0.6471502289294339
0.5916127928867858
0.8595382307665285
0.9388955738717177
0.8104706935466816
0.9450554327616799
0.6559519440123627
0.7431195812129804
0.46969696969696967
0.948232036610151
0.7859633287189385
0.7063118997771596
0.7984552692807897
0.5841782301194169
0.701364646180834
0.5988040921996426
0.9231639097920699
0.4890691894042119
0.8177083333333328
0.6654910329122694
0.5243499584278374
0.29582146494675177
0.3870904804999077
0.6471502289294339
0.6052309930793367
0.8360171835451685
0.632111916526506
0.5064631930714616
0.6061370505703694
0.724904518975527
0.6058047645908203
0.7527041035441885
0.8876253645985948
0.8876253645985944
0.7786308322837217
0.9053120631204723
0.6183469424008423
0.8444799496655843
0.6405386857014722
0.5000867377923083
0.8617697249402124
0.6482728871314705
0.7613717889166635
0.9660041923167234
0.4343996643875883
0.8734255484489147
0.691094740465088
0.9106444146348429
0.8412811170777749
0.940348667649248
0.2773500981126144
0.3282439759448873
0.3761258521636304
0.4096732451993514
0.30348258706467657
0.7935706424875327
0.7139587253149586
0.3870904804999076
0.5556610784753313
0.3272052564635805
0.642608866099471
0.7447198534882142
0.8194866385754151
0.9067032963007833
0.7685285714564544
0.833983875365276
-0.036289732546865856
0.5415317888828838
0.7953056449841824
0.8227533512074424
0.648649304898973
0.732824427480916
0.5581273494955453
0.6434436379548211
0.46564885496183206
0.7629479354705705
0.8211181578029676
0.9812867719548448
0.5754617842381277
0.8595382307665282
0.7177419354838709
0.7491265282786357
0.397590361445783
0.8578271264007277
0.7329368353864363
0.8679368147983444
0.6286185570937118
0.7177419354838711
0.6111006883997787
1.0
NaN
0.8497188686365125
0.5916127928867859
0.3796898951007838
0.7025775946300177
0.9840645391251048
0.691094740465088
0.5841782301194169
0.6910947404650881
0.606032634293085
0.7113537069458076
0.8931385445092181
0.8145611267693751
0.6753864332333117
0.5410287117201963
0.6486493048989728
0.8595382307665282
0.4088702462844277
0.6877930029206197
1.0
0.8876253645985945
1.0
0.9228748956565616
1.0
1.0
1.0
0.7677517927359511
0.8104706935466819
0.9999999999999999
0.485294117647059
1.0
0.6948266685335651
0.7947214076246334
1.0
1.0
0.8104706935466817
1.0
0.8104706935466817
1.0
1.0
1.0
1.0
1.0
0.8931385445092181
0.9999999999999999
0.910644414634843
0.9472912455060042
0.8104706935466817
1.0
1.0
1.0
1.0
1.0
0.8104706935466814
0.8764961103241529
1.0
0.8267326732673267
0.8931385445092181
0.8104706935466817
0.8931385445092181
1.0
1.0
1.0
1.0
1.0
1.0
1.0
1.0
1.0
1.0
0.9472912455060042
0.9999999999999999
0.9606586354028701
0.30693069306930687
1.0
1.0
1.0
1.0
1.0
1.0
1.0
0.8104706935466814
0.2971894103548248
0.7677517927359512
1.0
0.9472912455060042
0.8931385445092181
1.0
0.8668049221229865
0.9999999999999999
1.0
0.2971894103548248
0.910644414634843
1.0
1.0
1.0
0.9472912455060042
0.3870904804999076
0.9404724604393707
0.48529411764705893
0.7019641181630338
0.7348484848484848
0.9472912455060042
1.0
0.8090802899817903
0.9999999999999999
0.7019641181630338
0.8104706935466814
0.9472912455060042
1.0
1.0
0.7677517927359511
0.9999999999999999
1.0
1.0
1.0
0.8104706935466814
0.9999999999999999
0.9999999999999999
0.9999999999999999
0.485294117647059
1.0
0.9106444146348428
1.0
0.8104706935466814
1.0
0.7019641181630341
0.9472912455060042
1.0
0.9472912455060042
0.8606743493189178
0.9424065235867127
0.9999999999999999
0.8267326732673266
0.8104706935466818
0.6948266685335651
0.7947214076246334
1.0
0.9472912455060042
1.0
1.0
1.0
1.0
1.0
1.0
1.0
0.8595382307665282
1.0
1.0
1.0
1.0
NaN
0.8104706935466814
0.8083720347307011
0.9106444146348428
0.9472912455060042
0.9472912455060042
1.0
0.7677517927359512
1.0
0.8104706935466814
1.0
0.7677517927359512
0.9424065235867132
0.7677517927359511
0.910644414634843
1.0
0.7677517927359512
0.9106444146348431
0.8876253645985946
NaN
1.0
1.0
1.0
0.94505543276168
0.8931385445092181
0.701964118163034
1.0
1.0
1.0
1.0
1.0
0.9106444146348429
0.8104706935466814
1.0
0.7677517927359511
0.701964118163034
0.7677517927359511
1.0
0.8617697249402124
0.7677517927359511
1.0
0.8083720347307009
0.9561489643869482
0.701964118163034
0.8267326732673265
1.0
1.0
1.0
0.9106444146348432
1.0
1.0
1.0
1.0
1.0
1.0
1.0
1.0
1.0
0.9115712524661547
0.9897434954183417
0.8412811170777748
0.8595382307665281
1.0
0.4852941176470587
1.0
0.7019641181630341
0.8617697249402122
1.0
1.0
0.6222403279304146
0.8104706935466814
0.7629479354705705
0.5689213456924789
0.8931385445092181
0.8104706935466817
0.8595382307665281
0.8931385445092181
1.0
0.7677517927359512
0.9897434954183416
1.0
0.8104706935466814
0.3870904804999076
1.0
0.27686246869696846
0.6599120175960899
0.5556610784753314
0.9404724604393707
0.694826668533565
0.694826668533565
0.485294117647059
0.8104706935466817
0.701964118163034
-0.01955777834691796
0.7220494175211182
1.0
0.3870904804999076
0.7677517927359511
0.3870904804999076
0.8931385445092181
0.4852941176470586
1.0
0.7677517927359511
1.0
0.8931385445092181
0.2645035789420451
0.7613717889166639
0.7677517927359511
0.767751792735951
0.9525827778949713
0.876496110324153
0.48019801980198035
0.7019641181630338
1.0
0.9472912455060042
0.8104706935466817
0.7947214076246334
0.3868826781040188
1.0
0.8267326732673267
0.8267326732673266
1.0
0.8267326732673265
0.942406523586713
0.6599120175960899
1.0
0.8104706935466814
0.8764961103241529
1.0
0.5689213456924791
0.3870904804999075
0.9106444146348428
0.808372034730701
1.0
1.0
0.8104706935466818
0.8931385445092181
0.6966305460192358
-0.01449275362318855
0.8595382307665282
0.9106444146348432
0.8104706935466817
0.17888563049853384
0.8617697249402123
1.0
0.8267326732673268
1.0
0.18849666023528863
0.8083720347307007
0.6948266685335651
0.8931385445092181
0.8104706935466814
0.9999999999999999
0.4491808766277593
0.7420700573549701
1.0
0.48529411764705893
0.9472912455060042
0.9106444146348429
0.9106444146348429
0.6517412935323382
0.5940309649157426
0.701964118163034
0.9106444146348428
0.8104706935466818
0.8931385445092181
0.8104706935466817
0.9472912455060042
1.0
1.0
0.910644414634843
0.6948266685335652
0.9999999999999999
0.9472912455060042
0.9472912455060042
0.7677517927359512
0.9472912455060042
0.9472912455060042
0.7677517927359512
0.6966305460192358
0.8104706935466814
0.5998686821767653
0.65991201759609
0.9999999999999999
0.8931385445092181
0.3870904804999076
0.3034825870646765
0.6222403279304144
0.9472912455060042
0.6378375842037072
0.5631366519411288
0.808372034730701
0.9472912455060042
1.0
1.0
1.0
0.6966305460192358
0.8617697249402124
0.9472912455060042
0.7677517927359512
1.0
0.9404724604393712
0.6517412935323381
0.8931385445092183
0.8267326732673267
0.8267326732673266
0.3870904804999077
1.0
0.9106444146348431
0.7677517927359512
0.9472912455060042
1.0
0.9897434954183417
0.9228748956565618
0.8303131827498209
0.8104706935466817
1.0
1.0
1.0
0.916327204661589
0.9999999999999999
0.48529411764705893
0.9472912455060042
1.0
0.9472912455060044
0.8104706935466814
0.5556610784753315
1.0
0.8104706935466818
0.8567005367620307
0.15626442617994332
0.9106444146348428
0.9472912455060042
1.0
1.0
0.20353508472195353
0.9472912455060042
0.5689213456924789
0.7677517927359512
0.8104706935466814
0.7677517927359512
1.0
0.8104706935466814
0.8617697249402125
0.2971894103548248
0.9472912455060042
0.9472912455060042
0.7677517927359511
0.6948266685335649
0.4890691894042117
1.0
1.0
1.0
1.0
0.48900964692182597
0.6966305460192357
0.5689213456924789
0.7854078736371104
0.9472912455060042
1.0
0.6599120175960896
0.8617697249402125
0.6517412935323381
0.7677517927359512
0.5940309649157425
0.7220494175211181
0.3796898951007837
0.7420700573549698
0.8267326732673267
0.6517412935323382
0.9228748956565616
0.701964118163034
0.701964118163034
0.5692307692307694
1.0
0.7677517927359511
0.8412811170777751
0.43679038308115037
0.438365575436867
0.17888563049853384
-0.032330570933781826
0.8931385445092181
0.6222403279304142
0.8448019793528939
0.637837584203707
1.0
0.6222403279304142
1.0
NaN
0.910644414634843
0.9561489643869481
0.9472912455060042
0.9472912455060042
0.6517412935323381
1.0
1.0
0.4852941176470587
0.8874215878153956
0.9424065235867127
0.5243499584278376
0.694826668533565
0.6948266685335648
0.6948266685335652
0.6517412935323382
0.7947214076246333
0.9041722611713995
0.7220494175211181
0.6948266685335652
0.7019641181630338
0.910644414634843
0.6599120175960898
0.9424065235867132
0.8931385445092181
0.4696969696969695
1.0
0.7677517927359512
1.0
0.7677517927359512
1.0
-0.0239576801990995
1.0
0.48529411764705893
0.9106444146348429
0.8145611267693752
0.5631366519411287
0.4266097891530278
0.7953056449841825
-0.04211070718385298
-0.020646003475383555
0.5940309649157425
0.9424065235867131
0.8104706935466817
0.5940309649157425
1.0
0.940472460439371
0.9472912455060042
0.5689213456924789
1.0
0.8104706935466817
0.6948266685335652
0.8267326732673269
0.8997279135948427
0.701964118163034
0.7854078736371104
0.8104706935466814
0.9897434954183417
0.7677517927359511
1.0
0.8040302522073697
0.6222403279304144
0.8617697249402125
0.6517412935323382
0.9842942337265879
0.9472912455060042
0.6848093934122733
-0.019557778346918166
0.8257228238447706
0.8617697249402124
0.9106444146348431
1.0
0.8267326732673265
0.9472912455060042
0.8931385445092181
0.6517412935323379
0.7420700573549701
0.8118637173111826
0.07645535355235333
-0.026392961876834167
0.9472912455060042
0.3870904804999079
0.7450846270762319
0.42660978915302766
0.6966305460192357
0.6517412935323383
1.0
0.9106444146348428
0.7613717889166636
0.8617697249402122
0.6517412935323381
0.6517412935323381
0.910644414634843
0.30348258706467646
0.8617697249402123
0.9472912455060042
0.8272818433763245
0.8595382307665282
1.0
0.8104706935466814
0.8104706935466818
0.841281117077775
0.65991201759609
0.8104706935466814
1.0
0.5169486692397184
0.910644414634843
0.7833389423328981
0.9404724604393712
0.32635798067485655
0.9106444146348429
0.5631366519411285
0.8267326732673266
0.8567005367620305
0.3870904804999075
1.0
0.9472912455060042
0.5003755465095004
0.942406523586713
0.4852941176470585
0.5862640288221226
0.8617697249402124
1.0
0.485294117647059
0.9472912455060042
0.7947214076246335
0.4713587155612883
1.0
0.6517412935323381
0.9106444146348428
0.8104706935466814
0.9106444146348428
0.910644414634843
1.0
-0.02547409010563439
0.5689213456924789
0.8567005367620307
0.8104706935466814
0.8104706935466817
0.23299930028304966
0.8104706935466814
0.6711081034039891
0.8104706935466817
0.10912075536267159
-0.044776119402985766
0.7019641181630338
0.8668049221229864
0.8567005367620305
0.6948266685335651
1.0
0.8448019793528943
1.0
0.8104706935466817
0.5556610784753314
-0.01449275362318855
-0.0294117647058823
0.9106444146348429
0.23859169349525486
-0.03437694594340133
0.8412811170777748
0.7677517927359512
-0.03628973254686628
0.8267326732673265
0.8668049221229867
0.5689213456924789
0.9842942337265885
0.3796898951007835
0.8931385445092181
0.6517412935323381
0.5940309649157425
0.6517412935323382
0.34249387262537084
0.8931385445092181
0.6966305460192361
0.6222403279304146
0.6948266685335653
0.4776119402985073
-0.031725561587066985
0.6915844090968195
0.48900964692182586
0.65991201759609
0.701964118163034
0.701964118163034
1.0
0.2151904433378532
0.5243499584278373
0.7947214076246335
0.5556610784753313
-0.03233057093378182
0.8617697249402124
0.7953056449841824
0.6948266685335651
0.6222403279304143
0.7677517927359512
1.0
0.3870904804999078
0.7677517927359511
0.9472912455060042
0.8104706935466814
0.8104706935466819
0.662298641765233
0.3870904804999075
0.8448019793528938
0.9106444146348428
0.6222403279304146
1.0
1.0
0.8145611267693751
0.7677517927359512
0.3870904804999078
0.5556610784753314
0.48900964692182575
-0.026392961876834164
0.7677517927359511
0.8104706935466814
0.9472912455060042
0.8617697249402124
0.7677517927359511
0.8104706935466814
0.8104706935466814
0.910644414634843
-0.04747508741411506
0.6222403279304145
0.2645035789420453
1.0
0.8104706935466814
0.8176495644864684
-0.03645534198987398
0.9999999999999999
0.9106444146348432
0.2329993002830496
0.8931385445092181
0.30348258706467673
-0.029411764705882297
0.9424065235867131
-0.03412949405703837
0.8145611267693751
0.29718941035482493
0.8104706935466814
0.9472912455060042
0.8267326732673266
0.7677517927359512
0.6599120175960896
0.11535936195707014
-0.036289732546865856
0.4852941176470586
0.8595382307665287
0.29718941035482493
0.9472912455060042
0.9016948895210791
0.8104706935466814
0.8145611267693751
0.7947214076246333
0.6517412935323383
0.4801980198019802
0.6948266685335651
0.42660978915302783
0.6222403279304145
0.27172362779342263
0.3870904804999077
0.7220494175211181
0.808372034730701
-0.05216208177690465
0.8617697249402124
0.7019641181630337
0.5556610784753314
0.3448594232936683
0.5689213456924788
0.6222403279304143
0.6948266685335652
0.311882051526386
0.8617697249402123
0.9472912455060042
0.6654910329122694
0.7090881754598616
0.7677517927359511
0.856700536762031
-0.039603960396039896
0.485294117647059
0.8617697249402124
0.8567005367620307
0.26450357894204524
0.40372250232973284
0.1933075607099659
0.7019641181630341
0.38593895579153065
0.04769752648233769
0.48900964692182575
0.23299930028304966
0.30348258706467657
0.637837584203707
0.5689213456924791
0.7677517927359511
0.910644414634843
-0.034376945943400274
0.15642346935809756
0.8176495644864684
1.0
-0.03723781456904817
0.8104706935466814
0.7677517927359511
0.9472912455060042
0.8145611267693752
0.893138544509218
0.8617697249402124
0.8617697249402124
-0.03628973254686627
0.6948266685335651
0.7677517927359512
1.0
0.9106444146348429
0.4801980198019802
0.5689213456924789
0.5916127928867858
0.7854078736371103
0.3796898951007837
0.8655538201566795
0.6948266685335651
0.3841642228739002
0.5556610784753312
-0.036289732546865856
0.7677517927359512
0.5003755465095004
0.694826668533565
-0.02786150722076478
-0.01449275362318855
0.5940309649157424
0.5689213456924789
0.701964118163034
0.4852941176470587
0.7560463536367782
0.6033400814722575
0.887253987507441
0.9249438663133852
0.827446722763175
0.9249438663133852
0.8030881893788475
0.4043785510862519
0.808927170419376
0.8929915852902403
0.5511932811342813
0.44809919619375455
NaN
0.8610172965482917
0.701364646180834
0.8512867702404994
0.830350116618587
0.8108108108108107
0.7923762387269575
0.19434130845451117
0.8095291730684122
0.408248290463863
0.7944662191751706
0.4667223693681031
0.32720525646358045
0.8354228505635891
0.3931785497463924
0.8164512818923321
0.7515570749694647
0.6748856561845915
0.9096314506727602
0.8886975792384958
0.5766129032258064
0.28882438316400577
0.7709644749768259
0.4583333333333332
0.8270696104063152
0.907560850594341
0.8457947229473168
0.8439582569360882
0.7803297329407626
0.8681715770184416
0.8668049221229867
0.8467715093274216
0.645820909997338
0.3946735423817762
1.0
0.6376994044999099
0.9377487607237035
0.7247319878363923
0.8646528222349444
0.8505621104431813
0.7101056772549043
0.7697736589434625
0.43939901185048297
0.9377487607237035
0.6307530914435465
0.32824397594488725
0.8604676681052764
0.8877771160821921
0.8999767516130208
0.7181639971760346
0.6903452589658137
0.9578839776374274
0.9234152323875583
0.9274455370805118
0.828521185307153
0.7479367761642514
0.6956083436402521
0.7208517350662599
0.8505621104431813
0.7781971671619866
0.8464355178477616
0.7601051705101572
0.7131736996520209
0.7282142945699174
0.39969584898653887
0.5682048326754351
0.7562550522126619
0.8073049569600933
0.6635571976600191
0.9000830491653767
0.7460683640985993
0.7050059336110729
0.8499445215222557
0.9545522788447696
0.833136132748519
0.5144957554275266
0.5278870442575005
0.9229607771852859
0.7973336168297805
0.8291133584302747
0.6517412935323382
0.9233017539756868
0.662805253028996
1.0
0.9484716092610772
0.655701036904937
1.0
0.9212599250272093
0.8370009673537283
0.7178355253041223
0.7442960760708085
0.8856846603561204
0.8968569423123421
1.0
0.6403318985963519
0.6856725426479623
0.9081537389118832
0.5892907496310787
0.8668049221229869
0.911972222424676
0.7809133453790634
0.7791616034395658
0.9366430402938927
0.6388244181961961
0.5917176464269364
0.22866478019001188
0.8639686413176354
0.6718941270239283
-0.04222003309207484
0.6000738932318052
0.5948373904745222
0.3667054735320627
0.8612206052045573
0.5333964609104419
0.5616214895403009
0.7900996640990411
0.8098919459845706
0.7702510896764516
0.8192267068005062
0.772093882460984
0.7435223956449146
0.7765714239288282
0.794248128864174
0.8354228505635891
0.2888243831640058
0.63540869612309
0.5952902846213419
0.8434231117362788
0.9817757304141332
0.9058381447307262
0.5756658393137257
0.7830854948982335
0.6385542168674698
0.8676408228413366
0.6282671986627099
1.0
0.9353255970186647
0.7453709689231797
0.8065228615774371
NaN
0.840000490869678
1.0
0.9124428957748855
0.6232502388407514
0.7645568901281735
1.0
0.7920523158550336
0.6063874168221958
0.7418318309487704
0.7472951333183839
0.9748260358857235
0.7332976990477088
0.702387624662949
-0.027913801287570508
0.3113761843897638
0.47554798599061215
0.7384707399240608
0.7042801580024857
0.7530054617106681
NaN
0.8044625209301364
0.9422555789460493
0.8190374739886941
0.8022422809510461
0.8412519957855257
0.4229608457163435
0.561374448225248
0.8798826901281197
0.9470565128281039
0.9388064182955046
0.7068981244845601
1.0
0.5177402246166388
0.8733624684815949
0.4211470822229032
0.7929823205461077
0.40824829046386296
0.5716573742871036
0.6262242910851495
0.8270696104063153
0.6180983415033857
0.5748224888415605
0.6193980561017541
0.9233017539756868
1.0
1.0
0.8987193068679786
0.8055081053030357
0.7420700573549701
0.8262051978485747
0.5422819649901703
0.4920440040852311
1.0
0.8510156194516332
0.5278870442575005
0.8195674222168494
0.7894411216218769
0.3765950731287642
0.35384615384615375
0.9918051728109699
0.8989331499509894
0.76683455813477
0.8548133695449223
0.8476483133860268
0.9085935609187211
0.6582219898887984
0.7855226490017373
0.6668869722364966
0.5095246653650682
0.8966305847167659
0.7549466827956479
0.7435223956449146
0.606387416822196
0.8981304557712704
0.7957705823911192
1.0
0.8245297695452178
0.7970846295394488
0.8668049221229869
0.9351748346304901
0.5333964609104418
0.8022766331532105
0.7346442902865442
0.509524665365068
NaN
0.9340683550280892
0.7673851653457952
0.9233017539756868
1.0
0.49493401319706726
0.7575636878466513
0.803021117911201
0.6096289428314772
0.9295109937737857
0.8073049569600932
0.8374547159062866
0.5727094537277445
0.9752124645892352
0.22465678997564828
0.6445380308361562
0.758774016015357
0.8730694758591345
0.5375330767813827
1.0
1.0
0.9377487607237035
1.0
1.0
0.8944272573559776
0.6282671986627094
0.8054099377720443
0.7984424584451016
0.8672254814401404
0.7968552122674807
1.0
0.88734031489852
0.8095291730684123
0.8183141389745612
0.9999999999999999
0.5150465804932376
0.8139558886329391
0.5443310539518172
0.6400530098865546
0.826480859728863
0.5449556000515274
NaN
0.7477653085396385
0.9121138503093762
0.7651519333301743
0.6696514646643873
0.7772639445684193
1.0
0.7750497160234493
0.9516619028617729
0.9415257094909956
0.7840638072462215
0.9437980968647001
0.6434769623611261
0.8476483133860268
0.39969584898653887
0.6001583007613703
0.804462520930136
0.8168687822224147
NaN
0.9484716092610772
0.8333634913593195
0.804462520930136
0.8838638289810806
0.7812992055941762
0.38890637601133177
0.8795180722891567
0.9040983445450804
0.915047329574514
0.9087742551184915
0.6000738932318052
0.7900825811914799
0.6378375842037071
NaN
0.6965584059504113
0.5985168652141497
0.34458756122268486
0.8513927791482573
0.7466827503015684
0.7269952856990342
0.9156762107678472
0.8891294110270943
0.840000490869678
0.5853529667640398
0.7719376853734135
0.22866478019001188
0.980886191480084
0.6495354307270772
0.39969584898653887
0.8729877187685613
0.7177419354838712
0.5399123338305867
0.5867940742080572
0.8032557857498654
0.5245725233829933
0.6799281623287889
0.6482255130112541
0.9226115576488301
NaN
0.33714523731760365
0.8807680547718648
0.7619280485354495
0.8380704218750168
0.3931785497463924
0.7199869749897854
0.6658083635731744
0.7715923142673964
0.682355259968053
0.6558459849716556
0.8005237639712701
0.6843642527044695
0.7840638072462215
0.6015086877031721
0.7791616034395658
0.5783517448238058
0.9002484301685757
0.8212995661884698
0.6649157506205742
0.8656505801703734
0.8510535243692267
0.8964453318980865
1.0
0.9410889273006703
0.839274286614055
0.5171054326536041
0.6348110542727384
0.8254474530192252
0.6497751886315052
0.6920508953216324
0.6405386857014722
0.8073049569600933
0.8985949302856535
0.6357075495422951
0.570041743294763
0.9999999999999999
0.9918051728109699
0.6020920141499151
0.8262051978485749
0.8991328847513742
0.6129232710589607
0.7201730302839638
0.7140353456244342
0.894430598306982
0.8394582923214049
0.9141430984027726
0.718244820806201
0.8475837728976778
0.4517466859799137
0.6015086877031721
1.0
0.874292703917085
0.25265402795202085
0.8586097112760268
0.8107894412683783
0.8984034833091437
0.7469720262396254
0.49846136727515583
0.7664708171469319
0.9053040984696913
0.7929694244152633
0.8361950502960882
0.7193894617439544
0.7917193866449406
0.814497050857817
0.3931785497463924
0.6402635630742647
0.8347748818828015
0.9295109937737857
0.7071504769555487
0.6052309930793367
0.35469271895914223
0.6965650768273828
0.887253987507441
0.7437781206665794
0.908008214662535
1.0
0.8320813961150468
0.8513927791482573
0.9243992812095472
0.8985949302856535
0.756919785416418
0.8107894412683783
0.733062921868527
0.6434436379548207
0.3931785497463924
0.8031159079698392
0.929213672021413
0.9249438663133852
0.6278748169977577
0.8108108108108107
0.47554798599061227
0.9516619028617729
0.7412277684026433
0.8494623655913979
0.5502743336802748
0.7736373615319975
0.6232502388407514
0.680441990952158
0.7275160562067495
0.8941335554555848
0.8609226862038843
0.8127652395070574
0.8035595843202821
0.5875987910479192
0.3113761843897638
0.8712268043272735
0.6778928247671788
0.449482583298107
0.7668345581347701
0.6825996493722001
0.626586053875946
-0.029411764705882297
0.8116786209936906
0.8539125638299666
0.7264161118251908
0.6965650768273828
0.6920508953216324
0.8639686413176354
0.8850751002406304
0.4560334958046113
0.7601738857290906
0.9516619028617729
0.5461186812727501
0.5177402246166387
0.6524038016359736
0.28539089649269667
0.6142744817840842
0.7590361445783131
0.6337947496616874
0.7416810141625387
0.702387624662949
0.7488937126090662
0.7127827261614155
0.2052265338706785
0.8386442354028548
0.5466214258473078
0.6996510270012366
0.5710428086167039
0.6052309930793367
0.885636663651072
0.6970161701867521
0.8848031866043541
0.8437146647018987
0.47554798599061227
0.9879127256875219
0.8764961103241533
0.8215879003155863
0.7563162597011615
0.6751896352434635
0.40796190981659824
0.705552608323935
0.825142577973636
0.43007561540389017
0.8916407947926722
0.8999821858662898
0.5783517448238056
0.7018658160827212
0.7963842400508525
0.6668803530098731
0.509524665365068
0.6568233193288179
0.7147891544037495
0.5946452501638905
0.6981312309704908
0.7819186422925064
1.0
0.7489492189313941
0.7378770696894188
0.6117355427146395
0.8702109309037579
0.6499555709619098
0.8264931642658233
0.8510156194516332
0.7385489458759963
0.7011409661443173
0.633077514379505
0.5278870442575005
0.6975211807157176
0.3005573147563571
0.6524966115068561
0.9349399639727112
0.4354838709677419
0.737193764687571
0.3272052564635805
0.7500847573923255
0.6141955307958592
0.9233017539756868
0.9139425408692328
0.3870904804999076
0.7512024644730514
0.8240263003820347
0.8056962523390828
0.47894747207139954
0.8029040465969913
0.6649157506205742
0.8873403148985198
0.815944262629414
0.6048395077846518
0.7601051705101572
0.8675337497822928
0.8396081588843193
0.5789393039680018
0.5517319045136594
0.8625175942016627
NaN
0.23859169349525472
0.9443011903256159
0.4354838709677419
0.6348110542727387
0.5604210575036052
0.9199872022263551
0.6273454559618272
0.8646528222349444
0.5952902846213417
0.724904518975527
0.7984363177012488
0.9470638255749236
0.7931534387222716
0.7479935771591986
0.9277605779153765
0.7440306519624855
0.6215595646390117
0.7483512687244289
0.642061428796939
0.8901093925857462
0.6669863510802629
0.8991845604921839
0.8362191105514148
0.8505269159450352
0.5946468664455994
0.3931785497463924
0.5577140488722863
0.558549797566092
0.8073049569600933
0.7943385396989966
0.8660206364315697
0.7220742325353219
0.9446356567435208
0.9035741577615245
0.4343996643875884
0.5692307692307695
0.680352684920029
0.4339957305446016
1.0
0.9275834047515745
0.8850606333118557
0.7156505406734648
0.6147180932021926
0.7553474239415096
0.9013290592294166
0.804462520930136
0.6252487221724358
0.4373775593661407
0.6186914232283819
0.8011682579541737
0.8329251367213651
0.6642893444972634
0.8894116526620275
0.887253987507441
0.8134272241338664
0.7791616034395658
0.873288951505899
0.7697736589434625
0.7162688246742541
0.42622950819672123
1.0
0.8779411178526617
0.46257302031856273
0.8085490912783767
0.7827281187071173
0.6628811156201214
0.7510190101900611
0.8219773087825057
0.6794796243976703
0.5975565260708525
0.3272052564635805
0.754686510946925
-0.020646003475383312
0.7826004076815566
0.8073049569600932
0.7101056772549043
0.8291133584302747
0.34777440733801696
0.4110946684123242
0.5505422126507704
0.83821174714761
0.7601738857290906
0.5749792108382481
NaN
0.8000170474502938
0.8440193022737675
0.9017443536321915
0.6188850404657357
0.8989331499509894
0.940472460439371
0.7184968443450732
0.9241356665393828
0.6348110542727381
0.768918205728406
0.6781334945755169
0.8204873491535968
0.10590140958067627
0.3641228029172078
0.893986082682222
0.9118600106253131
0.8668049221229869
0.7324429805196407
0.6668869722364966
0.8048965555298343
0.8940610588954775
0.2728306913065852
0.6052309930793367
0.9018552851901238
0.8676155701575522
0.4353684160897004
0.7631215666320667
0.7673851653457952
0.8397456073633639
0.7293814432989691
0.9211285678581255
0.4667223693681031
0.7422223225093711
0.7690443728637827
1.0
0.8742938819112295
0.7641769399602913
0.6985706340349893
0.8348162370011619
0.6733613766669936
0.8262051978485749
0.38789840390974195
0.8833597396250862
0.8513859022473033
0.920641176138208
0.8131836107385008
0.691094740465088
0.6954293359771385
0.7143527441986708
0.5486661920508038
0.5766129032258065
0.691094740465088
0.9295109937737857
0.3946735423817762
0.8104706935466816
0.6355941741902489
0.9999999999999999
0.5593482769237752
0.9196283595206614
0.6649157506205742
0.9016281926820269
0.720220735895978
0.9351748346304901
0.716929223531124
0.8603224095910348
0.6919641352201232
0.7549466827956479
0.6649157506205742
0.8961596418188834
0.6920508953216324
0.736545896995572
0.38789840390974173
0.4982069578902443
0.830970848683383
NaN
NaN
0.7472951333183839
0.7898704284386804
0.5177402246166387
0.8856629371331712
0.8258193631497845
0.7095080832859952
0.5334077226303358
0.9351748346304901
1.0
0.8380032942284933
0.3272052564635805
0.7673851653457952
1.0
0.8012677826525394
0.882521986703745
0.9039460059044895
0.4082482904638631
0.4339957305446016
1.0
0.5476693366375764
0.646662117035299
0.8425452229674498
1.0
0.7677661299764982
0.4265675481368526
0.6559034620889873
0.6993392277612406
0.8764961103241533
0.7472951333183839
0.47554798599061227
1.0
0.9274455370805118
1.0
