0.865224923920576
0.7236458844706267
0.7761454331576282
0.8993657756617154
0.703056412438393
0.6826759051616736
0.7399094085707488
0.759997513610636
0.7375724957816883
0.7401196566580689
0.7651215176524513
0.8796363964846027
0.8218967700584009
0.7774802411502773
0.7260861301183882
0.7705280452682729
0.6542325850528005
0.7320003263674284
0.732233696691528
0.7755077658303465
0.745172377741185
0.712374944449864
0.7414221300063772
0.6808867071840424
0.6398046398046398
0.7809214257223717
0.7707793507793509
0.7103724414069242
0.9072342613398332
0.703233392122281
0.7396846846846846
0.7241386735572783
0.7450333921482386
0.7917875898286346
0.6804174303397348
0.0
0.7521184768020212
0.6863095238095238
0.7328256302521008
0.7151442132165023
0.7224034386393501
0.6632520325203252
0.7335813492063492
0.7614081880475324
0.7394731809443287
0.7490175504676836
0.890885870196215
0.7676931437260671
0.7713969404186796
0.8452130340888911
0.0
0.8680142487481938
0.7402198401423509
0.695647337292734
0.7576224768139662
0.7382909868608735
0.0
0.7963849424311543
0.7541880341880342
0.7304983311201235
0.804020791696087
0.7560130496145555
0.760416611449482
0.0
0.0
0.7916874063523425
0.8122686721226867
0.0
0.7670670999622692
0.7562545548267833
0.7319187702908634
0.6669559601932108
0.7778728933901348
0.7267691798941799
0.7634554334554334
0.7681635237190793
0.0
0.7013370293886005
0.7175189407622543
0.7546511756938203
0.8078231292517007
0.7281233653099793
0.6844329902633289
0.8076923076923078
0.8431469067435259
0.7474166956925578
0.7955166742205918
0.7064568999823587
0.7529497930441327
0.0
0.7655318808557906
0.7961615724374544
0.7769509043927648
0.795753672361133
0.7467649315938502
0.7633978551162817
0.7412739364751749
0.7255016546122891
0.7813768526385348
0.7773758606011985
0.6990844282918647
0.7428571428571429
0.7696374535454996
0.7314134762192839
0.8497978747978747
0.7015780300272474
0.7763273125342091
0.697295090205538
0.7672286596327161
0.8400721933646699
0.0
0.7363739662072865
0.7269613438982899
0.6705468025949953
0.7891104520308786
0.8172797216105265
0.790538484276767
0.7232928973277074
0.7114077113932614
0.7309698996655518
0.6885128864139358
0.7690429449348876
0.6490783117213322
0.7367472051929318
0.0
0.7209781010180163
0.8636887661655464
0.769902848423829
0.842881679723785
0.721448733105779
0.7642204178968885
0.0
0.7883403931791029
0.8348369212366603
0.7275335775335776
0.0
0.7695183427108363
0.7002023783938678
0.7755142743176249
0.7870692499441955
0.6827137647213685
0.7136807636807636
0.7644920538837003
0.8364901298629986
0.8024423760749148
0.7046666071056314
0.7846173420548671
0.6812886367981644
0.784450023573786
0.7662790390464901
0.8608997942258526
0.0
0.7310627153594077
0.8027879767373333
0.8199433579547629
0.734274373266771
0.7419151704397606
0.7047924581175432
0.748730931095817
0.6738787582451297
0.0
0.7454647748765395
0.7788567138567138
0.7766349125395409
0.7409746588693956
0.7721677559912855
0.7333786052083551
0.0
0.8010855211433804
0.0
0.7846319444444445
0.791287355507539
0.6882782435655445
0.0
0.7406522941922372
0.7092331556278425
0.7333700085740765
0.815973862998208
0.7250203430856228
0.7923094105871792
0.0
0.0
0.7291967291967292
0.7921608644072574
0.6916015019463294
0.8461241173143321
0.7223248462512265
0.7551693404634582
0.6425248525461745
0.7091338582677166
0.7244211566282064
0.6776651805905537
0.6900598077068665
0.7419405829191762
0.777182372209359
0.6212398712398711
0.8231582762557524
0.5984180769144133
0.7879206634692246
0.7661173512188872
0.7592738581869017
0.807996181312978
0.7421800841262343
0.0
0.7662574662574663
0.6488277992366664
0.7790348114533338
0.7557448673462012
0.7614554823811153
0.7913618358917974
0.0
0.6897258297258296
0.7827100435796087
0.7646464646464647
0.762320881067783
0.7492763046280085
0.7886204519069419
0.7763813813813814
0.8277875539913614
0.736111111111111
0.7658119658119658
0.9172468770545694
0.888204769771678
0.8106571446839697
0.7376571111199738
0.72629417469843
0.0
0.778242509124862
0.7444182152186274
0.7603663609211461
0.7389382222633946
0.7728134733592437
0.7386111111111111
0.8188686216107967
0.8222222222222223
0.662291243605535
0.7130597918179618
0.8493224932249323
0.703858024691358
0.791369489556904
0.7370731120731121
0.7074542331699551
0.7427948802824672
0.7924925389007424
0.7724985302763082
0.7617341938638886
0.841862304319084
0.7678586495836335
0.7517004237592473
0.7771265703137146
0.8907683220707142
0.7980068995453612
0.8394494529203267
0.6579909805862619
0.7771458647290133
0.7688381953186288
0.7644339992166079
0.716372855871613
0.7505689955132314
0.7608556071858824
0.7632752045175598
0.7636132502139104
0.854335004280316
0.7617461007819198
0.7347146149261016
0.7906886418089248
0.0
0.7624490606308788
0.7606401784014576
0.8338637127179066
0.7019679816289986
0.784633278598796
0.6505252678897154
0.7471309608039977
0.784825888179379
0.0
0.7821516507143847
0.6672606824321662
0.766879047635915
0.6263352102608527
0.7982903172776591
0.7813574087273304
0.7605912421465763
0.7707142966225753
0.0
0.8017676767676768
0.7775530694205394
0.7756011580225942
0.7482121647314917
0.7839251326600479
0.7307450479100414
0.0
0.7123673215898826
0.63998223998224
0.7306478455769186
0.8280802964213686
0.8411860835641324
0.7602203018651935
0.6521075766338925
0.0
0.5907148407148407
0.7386572051928666
0.7211434801287195
0.0
0.6739495798319327
0.7090937090937092
0.7899726286977575
0.7281743619759423
0.0
0.7438618769145086
0.7909260090524818
0.7417472660298268
0.7896582268469873
0.7319096144149881
0.7399410888500073
0.7984113712374582
0.756493838523291
0.8419489007724302
0.7138249502699631
0.734576476901193
0.0
0.8417288853710057
0.7370799831661019
0.7739092234827041
0.7501260832572983
0.7369716275236193
0.0
0.7596188747731397
0.6972460626254069
0.7252136752136753
0.7829514658782951
0.820771636012179
0.7241823033224307
0.7870857699805067
0.7266922094508302
0.7040741555995793
0.6751298810122339
0.0
0.7503402372196986
0.745407538725139
0.7359246038491323
0.7468907112708706
0.0
0.6566760001037049
0.7501095899260326
0.7886532471703841
0.7001149016820659
0.7457750582750582
0.7289535017883928
0.7591635654793549
0.772275521023337
0.6889562289562289
0.7296536796536796
0.7162688035827047
0.7333122053463531
0.7293313672145888
0.7539337583197233
0.8317214288478656
0.8635421151582996
0.7859777537447167
0.7361217811922037
0.6851291375954071
0.7099470510628713
0.8907425162458719
0.7230769230769232
0.0
0.7491466277175318
0.760908808708704
0.7396813402567878
0.7878435927216415
0.748087448949518
0.6494613985769647
0.7173260911495513
0.7827945475004299
0.7624838955808224
0.9017639722040743
0.6812629399585921
0.7956941447561204
0.7375214532852999
0.7636769299419902
0.0
0.7230517023959647
0.7022049505786939
0.7332054093567252
0.787355403924319
0.0
0.7230482636040471
0.7576897223902668
0.0
0.7345553150774219
0.6729107579802024
0.7736928231230998
0.7380212930054307
0.7434887334887336
0.7670891402503024
0.7159839644359769
0.7291650737823993
0.0
0.8787892222058026
0.7326347489888976
0.7518007662835249
0.6764510585392655
0.6604324083724161
0.7060122501611863
0.6475728475728476
0.7640630905372422
0.7272005338672005
0.6843085200523875
0.7604146383678415
0.7395483150352794
0.7596604783042867
0.7322867940343886
0.821121283297793
0.0
0.694433950697061
0.7197728005690535
0.7213484167007405
0.0
0.5966665924590188
0.7590897589283833
0.7672877145438122
0.6751089324618738
0.6767410015649452
0.7850850850850851
0.8698569729273188
0.8790834613415258
0.7559851183568297
0.8571971527526077
0.8083305527749971
0.6545314958121771
0.7693434343434342
0.0
0.7301755447941889
0.7845678079530245
0.7607955647955649
0.9523336643495531
0.7731824012612191
0.7492884714033359
0.7807616848799125
0.7514963489925166
0.7869372962645631
0.7303855494321123
0.7593500735492159
0.6737812167362648
0.7938645456505594
0.8111299344206886
0.6940356818812642
0.6969238779548058
0.6790953003189806
0.8806008806008806
0.8240072907544903
0.0
0.7187595304911647
0.7586242514635727
0.6994805194805195
0.725195509097948
0.7928676687297377
0.7174908424908425
0.7314094201640519
0.8215211648035331
0.7791375966832356
0.7631922398589065
0.7561891608666945
0.8101228003034758
0.767348627214599
0.7653682625715147
0.6850266362252664
0.7923639958857908
0.7594987897407252
0.7808996524166804
0.7505528871422911
0.691684822076979
0.0
0.0
0.7230994152046785
0.6617023890866808
0.7725388994045709
0.7362629733763755
0.7656479759294893
0.7567749727286893
0.749126559714795
0.7037622350875363
0.7263423109826745
0.7332603990212686
0.0
0.7657285877863211
0.843461545731028
0.8159035913026006
0.7772506852203246
0.741252365784979
0.7416122004357298
0.824301113480218
0.6853939232183777
0.7594545864322741
0.6511988561525612
0.7056683806610341
0.7523550724637681
0.787737836827835
0.7330932048844795
0.6817927170868346
0.7798081534772182
0.77836898234361
0.742909008395734
0.7427738011896428
0.7639351641509752
0.7668016691212568
0.7329005869050363
0.725667998679372
0.7193440919371601
0.736532146682451
0.7439945991423764
0.7375055285272003
0.7797556314116725
0.7360611959668564
0.7969328866585661
0.7816114542779085
0.7429595494111623
0.7009730502881188
0.8130873085839291
0.6941317941317942
0.778046421663443
0.7317490097977902
0.0
0.6985510785510786
0.8141300914964419
0.7012250712250713
0.8033743287303414
0.7609405600406474
0.7244539411206078
0.7071134626690183
0.6495594109349043
0.738486083556506
0.8451997461990873
0.8616402116402115
0.7605660860941175
0.7604688708326514
0.7550771048377068
0.7911510740027118
0.7748138663631622
0.7998550465854288
0.0
0.7199512494996284
0.7454333210770026
0.785594752091094
0.7279197410776358
0.682257742901128
0.7682218721820817
0.7029187930880115
0.7212145035258243
0.7655659155659156
0.7239655636265806
0.8856147706263325
0.7908978174603174
0.7882957231893402
0.792571898385852
0.7727057200741411
0.7964027549834959
0.8812672660017794
0.7281502972992335
0.7053344192201975
0.7656313813481344
0.8420360897982381
0.7527224546059511
0.7192283661355826
0.7762496649198312
0.7987457508584269
0.7449195626195854
0.807179186228482
0.7251263911655595
0.751062766438284
0.7515305336272906
0.7112852861927426
0.7570335177822205
0.7437637241985068
0.715918584339637
0.7351153814568449
0.7798206742235122
0.7670631544530996
0.8107776607776609
0.792114521186632
0.6720178598675801
0.6935333729451377
0.0
0.7112752873194906
0.787178899505288
0.8495261589063624
0.7772042285200179
0.8949073275448987
0.7332163557201316
0.706547619047619
0.7989583888800014
0.7263468013468014
0.766868140331003
0.7747677669552671
0.7422222222222222
0.0
0.7479114452798662
0.7061364439731354
0.7777437780497757
0.7754259538573264
0.7750903446968698
0.7079445066567128
0.7424394547888524
0.7800842299536637
0.7774349125053351
0.7278088042843139
0.7840430710704903
0.7624794052642154
0.7403981333805895
0.7304157846170547
0.712465823212181
0.7540329513429467
0.7721586417843764
0.6961962243110428
0.8314754127128273
0.7469831698382529
0.7572858433220223
0.7516964342871776
0.713330576233802
0.7302867383512545
0.7617024685424139
0.7902045962376262
0.7035371822757798
0.8033017325923505
0.7552756797128161
0.7545569400138189
0.7379013148911219
0.7285287649322737
0.7405423630461389
0.7564816884464483
0.6769081164058334
0.6900848478162948
0.7211582856569306
0.7560250013975068
0.8378070459176198
0.0
0.728451733405156
0.7668011538244001
0.9268617021276596
0.7562688536953243
0.831866586296966
0.7114391473941745
0.6893241777142706
0.716183574879227
0.7756990665787212
0.7530094933153578
0.799685936151855
0.7571847507331378
0.7815476190476192
0.7835841972355131
0.7317658492822967
0.7913265886512441
0.7428255528255527
0.7672568634229252
0.7160415788734372
0.0
0.7855006757051312
0.8050840916541002
0.7254549808429118
0.7441493691493691
0.7765977629754719
0.7581361128416052
0.0
0.7300030459945172
0.8266205076219805
0.7300158338662038
0.7411231821984655
0.862949487949488
0.7651909160105882
0.8224834553757977
0.8530090359258452
0.7130986820957892
0.9033947398910902
0.681395471445534
0.7566339066339066
0.7412398324052845
0.7452951972128904
0.7740756046064803
0.7453879453879454
0.7834402294775519
0.7853002070393375
0.0
0.7422593279736137
0.7173971861471862
0.8179178549643548
0.7776650913968433
0.80933890759808
0.8156691985332635
0.7448785782119115
0.7488815548221489
0.8273902578227746
0.6722027972027972
0.7355665839536808
0.7279584430370739
0.7355291014340719
0.728307949360581
0.752203373015873
0.7581391875746716
0.7106958330104111
0.0
0.7012725844461901
0.7613705738705739
0.7968357397159406
0.7585264764193244
0.7229347640947029
0.7482987920036837
0.0
0.7031977703619495
0.8011467859640788
0.716819382891277
0.741770623127255
0.6804280813980439
0.0
0.7778791737408036
0.7828675671479584
0.7025636118111157
0.6232771060357267
0.8618071032909742
0.7323549732277247
0.7442692799202256
0.7320455701603242
0.8330095553976151
0.7558923426847955
0.7742334739803094
0.0
0.7499397227245329
0.7361316742240501
0.8553652048710253
0.7352865497076023
0.7166485017544427
0.7679794045306204
0.7357142857142858
0.7953056268104987
0.7413722252197751
0.7697017116172818
0.7467857365355263
0.7949284135330648
0.6602383021874547
0.6328864430263645
0.7573213251454676
0.7347531470008928
0.7703713884307617
0.7094508301404853
0.705950691917011
0.7544466403162056
0.7003663003663004
0.7552617368655105
0.7642087932837492
0.654572940287226
0.7234393367779326
