4.000
3.750
2.800
3.400
2.400
1.333
4.600
3.800
4.200
2.600
4.400
4.200
5.000
5.000
5.000
3.400
5.000
4.000
3.200
5.000
4.400
3.600
3.600
0.800
1.400
3.200
3.800
4.200
3.000
3.600
3.000
3.000
3.000
4.800
2.500
2.250
3.500
3.500
3.000
3.000
3.667
1.667
3.600
3.800
3.400
3.400
3.800
2.800
3.750
4.400
3.750
2.750
3.750
2.250
3.800
3.200
3.800
4.800
4.000
1.400
4.200
1.800
4.200
2.000
2.600
3.250
5.000
3.000
3.750
4.250
4.750
3.250
3.750
3.250
3.800
5.000
3.600
3.800
2.000
3.400
4.200
3.400
3.000
3.000
3.250
2.750
2.600
3.400
3.600
3.600
4.800
4.000
3.600
3.400
2.400
4.222
3.000
3.000
2.750
4.000
1.750
1.750
4.500
3.250
5.000
3.000
2.800
2.667
4.000
4.400
4.250
4.176
3.000
2.500
3.800
4.600
1.400
2.800
2.800
4.200
1.000
4.200
2.750
2.500
3.500
4.750
3.000
3.500
4.000
2.000
3.200
3.600
3.800
5.000
4.000
3.000
2.500
3.000
4.000
2.000
3.000
2.625
3.200
4.000
3.200
2.400
4.400
3.600
2.400
3.600
4.600
4.400
4.400
4.600
4.400
2.600
3.600
4.200
3.200
2.000
2.800
1.600
3.400
4.000
2.600
2.800
3.000
3.600
5.000
3.400
4.000
4.000
3.500
4.500
3.200
3.800
3.200
4.000
3.250
3.000
4.250
1.500
4.250
4.250
0.750
3.000
3.500
3.750
4.000
1.750
1.750
3.750
4.000
2.000
3.400
1.400
4.800
2.000
3.400
2.400
3.400
4.800
2.600
2.400
2.600
2.800
4.400
3.200
2.400
4.000
3.250
4.000
2.750
4.000
3.600
3.600
4.400
3.800
4.200
3.600
4.600
3.600
3.250
4.000
4.500
2.500
3.750
4.000
1.500
3.750
3.455
5.000
3.750
4.000
2.500
0.250
1.750
5.000
3.833
3.750
3.250
2.750
3.000
4.400
3.200
4.600
3.600
4.400
3.400
4.056
3.500
5.000
3.000
3.750
4.000
4.000
4.750
3.750
3.800
4.000
3.500
3.000
3.176
4.200
3.400
4.600
4.000
4.000
3.250
3.643
3.600
4.000
1.000
3.400
1.750
3.000
3.250
2.750
3.400
3.600
3.200
3.200
2.800
2.400
3.400
3.600
3.800
3.400
4.800
3.800
3.333
2.500
3.500
1.900
3.000
3.600
2.400
3.200
2.000
3.800
3.000
3.692
3.000
3.000
2.750
3.250
3.250
3.750
3.600
3.500
5.000
3.750
3.000
4.000
3.333
3.333
4.667
3.333
2.600
2.400
3.857
1.800
3.600
2.400
3.000
2.000
1.600
4.000
3.600
3.800
4.400
3.000
3.800
3.000
4.250
1.273
1.000
3.000
4.000
3.500
4.000
3.250
2.000
1.000
3.000
2.600
2.600
4.600
3.200
3.000
4.750
2.750
4.500
2.750
2.200
3.000
2.400
3.000
3.000
4.000
2.588
3.600
4.667
3.333
2.333
3.333
3.000
2.250
2.500
3.250
4.000
4.500
3.500
4.750
2.000
3.600
2.769
3.400
4.000
3.500
2.000
4.000
2.800
1.400
4.000
3.200
1.800
3.400
4.733
1.600
3.200
4.800
1.400
2.600
3.500
3.750
3.250
1.750
3.000
3.500
3.250
0.500
2.250
4.000
3.250
4.250
2.400
2.400
4.000
3.000
3.400
3.800
4.000
3.200
3.500
2.500
4.500
4.500
3.600
2.800
4.800
0.800
4.091
2.250
5.000
3.750
3.667
2.667
3.333
3.000
3.444
3.800
3.000
3.600
3.750
5.000
3.000
3.250
3.400
3.800
3.600
3.400
3.600
2.400
2.400
2.400
4.500
0.889
3.250
4.750
4.750
4.000
3.500
5.000
3.600
3.000
3.800
3.000
1.800
4.800
3.800
3.600
4.000
4.600
3.800
4.800
2.000
3.200
2.200
4.000
4.200
2.000
1.200
4.000
3.000
0.800
2.800
3.000
3.800
4.400
2.600
1.400
3.200
1.600
3.000
3.273
4.000
3.250
3.250
5.000
3.500
3.417
1.750
2.700
2.750
3.750
3.750
4.111
3.600
4.000
4.200
3.750
3.800
4.400
3.600
4.600
1.667
4.000
4.333
3.000
3.500
3.500
2.000
3.750
2.000
4.333
1.800
2.667
3.800
3.200
2.800
2.200
4.333
2.000
3.000
2.333
3.250
2.250
3.500
2.250
0.750
4.000
3.500
5.000
3.750
3.750
4.250
4.500
4.000
3.250
0.750
2.750
4.000
3.400
2.200
3.400
3.400
2.600
3.400
3.600
3.250
5.000
4.250
3.400
4.250
3.250
4.250
3.750
3.667
4.333
3.909
3.933
3.750
3.750
4.250
4.250
3.500
4.750
3.250
2.750
3.000
3.800
3.400
3.857
4.000
3.400
3.200
3.000
3.200
3.600
1.600
3.800
2.600
1.600
2.000
3.600
4.500
4.000
3.000
2.500
3.500
3.000
3.769
3.400
1.800
3.000
3.000
3.400
4.250
3.250
4.000
4.000
4.000
3.625
4.250
3.500
4.000
3.200
3.400
4.000
3.400
2.800
3.600
4.800
3.800
2.400
1.600
3.200
3.800
4.200
5.000
3.400
1.000
3.333
4.000
3.333
3.200
4.000
3.800
2.200
3.750
3.000
1.250
3.250
3.333
2.000
3.000
2.667
3.667
3.667
4.333
1.333
2.200
1.200
4.400
3.400
4.200
3.000
3.400
4.800
2.750
4.000
1.000
4.250
3.000
3.500
4.250
4.000
1.750
3.067
3.250
3.750
2.250
2.500
3.750
3.250
4.000
4.000
3.444
2.750
4.600
2.800
4.800
0.600
2.750
2.750
3.250
3.250
2.500
2.250
1.500
3.000
3.800
4.308
3.400
3.200
3.500
3.750
1.750
1.250
3.400
1.200
3.800
3.200
3.500
4.750
3.500
2.000
2.800
1.400
2.000
4.800
3.800
4.600
1.400
3.600
3.000
1.600
4.000
2.400
3.500
0.750
5.000
5.000
4.000
3.000
1.333
3.667
3.091
3.800
4.400
4.800
3.000
2.667
4.000
3.000
4.000
5.000
3.400
3.400
3.857
2.750
4.000
1.500
3.750
2.750
4.000
1.500
1.800
4.000
3.000
3.600
3.400
3.000
2.600
3.200
3.500
3.250
3.750
3.250
5.000
5.000
0.300
0.600
4.200
3.600
5.000
2.750
5.000
3.750
5.000
1.250
5.000
4.250
3.400
1.600
5.000
3.600
5.000
2.600
5.000
3.200
4.800
5.000
5.000
2.200
5.000
4.250
5.000
2.500
2.800
2.800
2.800
2.800
5.000
4.800
2.400
4.200
5.000
5.000
5.000
3.750
3.800
2.000
2.000
1.583
1.778
2.000
2.000
2.000
3.200
3.800
4.400
5.000
5.000
3.500
4.000
3.500
4.400
3.800
2.600
3.000
5.000
5.000
3.667
2.333
2.500
5.000
3.824
4.000
4.400
0.200
5.000
5.000
4.000
1.600
5.000
4.600
5.000
2.375
2.600
2.600
2.600
2.200
1.700
3.400
2.000
4.000
3.250
4.500
2.600
2.000
1.800
1.556
4.500
4.000
4.500
5.000
4.200
1.600
0.500
1.400
1.600
4.400
1.800
2.200
2.600
2.400
1.600
3.000
2.000
2.000
3.800
4.000
3.000
4.400
4.800
4.800
2.500
2.000
0.750
0.727
0.000
1.250
1.250
1.250
0.500
3.250
1.333
1.000
1.400
1.333
5.000
4.000
3.000
4.400
2.000
2.167
1.400
1.200
1.200
2.200
1.250
5.000
4.000
4.000
3.200
2.000
2.200
3.200
1.500
4.750
0.500
0.067
1.600
2.600
4.875
5.000
2.000
1.400
1.400
3.600
0.800
3.800
2.000
1.600
3.000
3.615
3.750
0.500
4.000
4.000
3.333
1.500
4.400
4.857
2.875
0.800
5.000
2.200
0.200
0.400
0.200
1.800
1.600
1.300
1.200
1.200
0.200
1.200
3.000
3.500
3.500
2.000
4.400
5.000
0.000
3.200
3.250
0.000
1.000
3.667
3.000
4.200
5.000
4.091
1.800
2.000
2.800
1.000
3.800
4.000
1.400
1.800
5.000
0.400
4.400
1.000
3.000
1.200
3.200
2.600
4.600
3.400
2.000
4.000
4.200
3.800
3.400
3.800
4.400
4.200
4.600
1.200
1.200
0.800
3.200
4.000
2.600
4.400
4.200
3.200
3.400
4.000
4.800
0.200
1.800
2.600
2.800
5.000
0.250
3.750
1.750
3.500
3.400
1.400
1.400
1.000
1.800
4.600
0.400
3.600
3.250
0.778
1.250
0.750
1.500
1.000
3.750
3.250
4.000
3.000
1.667
3.333
2.250
0.500
2.750
2.000
0.833
3.750
4.000
3.250
2.750
1.000
3.500
3.750
4.400
0.400
0.400
4.200
2.500
0.250
0.250
0.250
3.800
2.600
2.600
2.000
1.800
0.000
1.200
3.800
3.600
1.800
1.200
3.200
2.200
0.800
1.600
2.800
0.583
3.200
0.800
3.800
0.000
0.667
5.000
4.333
4.214
1.800
0.400
2.000
2.800
0.800
0.800
0.400
0.250
0.750
0.750
1.000
0.000
0.800
3.400
2.769
2.800
3.200
4.200
2.400
4.400
1.800
0.800
1.400
2.250
0.250
3.250
4.500
4.200
0.800
0.800
0.800
0.250
3.500
2.750
4.250
0.500
0.500
0.000
0.500
0.600
2.200
3.200
4.400
3.000
2.250
2.583
0.000
0.000
1.800
0.000
1.400
0.000
0.400
0.000
0.000
3.000
2.000
2.200
1.200
0.000
1.000
1.533
1.667
1.000
0.308
0.000
0.200
4.200
2.600
3.000
3.800
0.750
0.250
0.750
3.000
0.400
0.400
0.400
4.200
3.500
3.500
3.000
3.750
3.400
3.400
3.600
3.800
1.000
1.400
3.400
3.600
2.800
4.000
3.200
3.400
2.333
2.667
3.000
4.667
3.200
1.600
3.000
0.200
0.800
1.200
0.800
0.800
0.750
0.000
0.250
3.250
4.000
3.000
3.333
3.333
2.000
3.000
3.750
4.000
3.000
2.000
3.750
0.000
0.400
0.400
3.200
0.400
2.000
0.000
0.000
0.000
0.500
4.500
0.500
0.500
0.500
4.000
3.750
4.250
3.750
2.750
3.250
3.000
0.800
0.400
0.400
0.400
0.250
0.250
0.750
0.250
4.800
0.800
0.000
3.000
0.750
3.750
2.500
0.000
0.250
0.000
3.500
3.250
0.400
0.800
1.800
1.600
1.200
4.200
0.200
0.200
0.500
0.000
4.500
0.000
2.500
0.750
4.000
2.750
3.400
3.400
0.400
0.400
3.200
2.400
3.000
0.400
0.500
3.929
3.000
1.750
0.000
0.400
2.200
2.600
3.500
0.500
3.500
0.000
0.000
0.000
1.000
2.000
1.200
0.600
0.800
4.000
0.500
2.500
2.750
3.250
2.000
0.800
0.000
0.400
0.600
0.800
0.800
0.800
0.400
3.000
0.400
0.000
0.000
0.000
0.400
0.000
3.600
0.231
3.200
0.000
0.500
0.300
1.250
0.000
2.750
5.000
0.750
1.250
0.000
0.000
0.750
3.750
2.333
5.000
0.000
3.200
0.750
0.500
2.500
1.750
4.000
0.000
1.333
4.600
4.000
1.200
4.200
3.800
3.000
0.200
3.000
2.200
1.400
0.000
2.800
3.800
3.800
4.400
0.000
3.000
0.500
2.750
1.750
0.000
0.000
1.000
1.800
1.600
2.333
2.000
0.333
1.000
0.000
0.000
3.000
1.500
0.400
0.400
2.800
0.167
0.500
3.250
0.000
0.000
0.000
0.000
0.400
0.000
1.000
1.250
0.250
4.250
0.118
1.000
0.400
0.000
0.000
2.500
0.750
3.000
1.600
2.600
2.600
0.000
0.000
0.000
4.250
0.000
0.000
1.000
0.000
3.500
2.400
2.600
0.600
0.100
0.000
3.750
0.000
0.000
0.400
0.400
2.600
2.000
1.750
3.750
0.000
0.750
0.000
0.000
4.000
0.000
0.800
3.400
3.100
0.000
2.750
2.000
0.250
2.692
3.333
3.000
0.667
3.500
4.429
5.000
3.200
0.333
3.333
3.333
1.000
0.188
2.200
0.000
0.000
0.400
0.000
0.250
2.250
0.250
0.800
2.600
1.200
3.200
1.400
0.364
0.200
2.750
3.200
0.600
3.800
3.400
1.500
2.500
0.000
5.000
4.333
1.333
0.333
3.333
4.200
0.800
1.000
0.000
2.800
1.500
0.000
0.000
0.600
1.200
0.000
0.000
3.000
0.000
0.600
1.000
1.750
0.000
0.000
0.000
1.000
0.000
3.500
0.000
0.000
0.000
2.750
2.500
3.400
2.200
1.800
0.000
0.750
0.000
0.000
0.000
0.000
0.000
0.000
0.800
4.200
4.250
4.800
4.800
4.000
4.800
3.750
4.800
4.000
4.800
4.800
4.200
4.500
4.000
4.000
4.000
3.800
5.000
4.800
4.800
4.400
3.500
4.800
3.000
5.000
4.400
3.000
3.400
3.600
4.600
4.400
4.200
4.800
4.200
3.600
4.400
4.600
4.600
4.000
4.800
4.400
5.000
5.000
4.000
4.800
3.600
5.000
4.200
5.000
4.200
4.857
4.667
4.000
4.400
4.400
4.600
3.800
2.800
4.600
4.600
3.250
4.000
4.250
5.000
4.800
4.400
4.200
3.400
4.250
4.750
5.000
4.250
4.600
3.200
4.800
4.600
3.200
4.000
4.000
5.000
4.800
4.200
4.000
4.800
3.800
5.000
4.200
4.000
4.900
4.400
4.200
4.400
1.000
4.200
3.200
5.000
4.600
4.000
5.000
5.000
4.600
4.200
3.800
4.800
4.600
5.000
4.400
4.400
4.400
5.000
3.571
3.600
3.600
4.400
4.800
4.000
4.400
5.000
4.600
2.400
1.400
4.600
4.500
3.750
5.000
4.000
4.400
4.800
4.200
3.800
3.800
4.200
4.200
3.600
4.250
4.000
4.750
4.600
4.400
4.400
4.200
3.400
4.000
3.600
4.400
4.000
3.800
5.000
4.600
3.200
4.000
0.000
3.800
5.000
4.200
4.200
4.600
5.000
4.400
1.800
2.800
5.000
4.857
4.000
5.000
3.800
3.400
4.400
4.600
4.800
3.800
0.000
5.000
4.600
5.000
4.600
3.500
3.750
3.750
5.000
3.600
4.600
4.000
5.000
4.800
4.400
4.600
4.800
4.400
4.200
4.400
4.800
4.800
4.800
4.800
4.800
5.000
4.800
5.000
4.600
3.400
3.600
4.800
4.200
5.000
4.000
5.000
5.000
4.200
4.400
4.200
5.000
5.000
4.400
4.000
5.000
4.800
4.000
5.000
4.400
4.375
3.600
4.750
4.500
4.500
4.500
4.600
5.000
4.600
4.600
3.750
5.000
3.750
4.250
4.600
4.600
0.000
4.000
4.600
4.600
5.000
4.200
4.800
4.400
4.400
4.800
4.800
4.600
5.000
4.600
4.600
4.600
4.800
4.800
4.400
5.000
4.200
5.000
5.000
4.800
4.800
4.000
5.000
3.400
4.000
4.400
4.400
4.600
4.500
3.200
4.857
4.000
4.111
4.600
4.200
5.000
4.000
4.200
4.800
5.000
4.400
3.800
3.600
5.000
4.800
4.600
4.200
4.400
4.833
4.800
5.000
2.800
3.200
3.800
4.000
0.000
4.800
4.200
3.600
4.800
4.200
3.200
1.600
4.200
4.400
5.000
4.000
4.400
4.200
5.000
4.000
4.200
5.000
4.000
5.000
4.600
5.000
4.800
3.800
3.400
5.000
2.600
3.400
3.200
3.800
5.000
4.000
4.400
3.400
4.200
4.600
4.000
4.000
4.000
0.000
2.800
4.400
4.200
4.600
4.167
4.200
3.200
4.200
4.600
3.200
4.600
4.800
4.400
4.400
4.667
4.400
4.800
3.800
4.800
4.000
4.600
4.600
5.000
4.750
4.800
4.750
4.833
4.800
4.600
4.714
4.600
4.200
4.800
3.600
4.600
5.000
4.600
4.600
4.600
4.200
4.600
4.200
4.200
4.250
4.500
4.000
5.000
4.200
4.600
4.000
5.000
4.500
4.500
4.250
4.750
4.250
3.750
4.000
4.500
5.000
3.600
4.400
5.000
3.000
4.000
4.200
4.200
4.571
4.600
4.200
4.600
4.800
4.600
4.800
4.800
4.400
5.000
4.600
4.000
4.200
5.000
4.500
4.600
5.000
4.250
4.000
3.250
5.000
5.000
3.600
5.000
4.500
5.000
4.750
3.200
4.000
4.600
3.800
4.200
3.800
4.000
4.600
4.400
4.600
4.400
4.400
3.250
3.750
4.250
4.250
4.200
4.800
3.400
4.600
4.600
4.800
3.800
4.600
4.800
4.200
4.000
4.000
4.750
3.500
4.400
3.800
4.000
4.600
5.000
4.600
4.400
4.800
4.600
4.800
4.000
4.400
4.800
4.400
4.800
4.200
4.600
4.800
4.400
4.200
4.800
4.800
4.800
4.200
4.600
3.600
3.600
4.400
4.600
4.600
4.800
4.800
4.400
4.600
4.400
4.000
4.800
4.400
4.400
4.400
2.000
4.400
4.800
4.800
4.400
4.000
4.000
4.200
4.250
3.800
4.400
4.400
4.600
4.800
3.800
4.000
3.400
4.400
5.000
5.000
4.200
4.600
4.200
4.400
4.400
4.400
4.600
4.400
4.400
4.600
2.800
4.600
4.800
4.250
4.800
3.600
5.000
4.400
4.400
4.200
4.600
0.000
2.400
4.400
4.200
2.800
4.800
4.800
3.400
4.600
4.000
4.400
4.400
4.600
4.000
3.400
4.200
5.000
4.400
4.200
4.200
3.800
3.600
4.400
4.600
3.200
4.400
4.600
4.800
3.800
4.800
4.600
4.800
4.200
4.400
4.800
4.600
2.500
4.800
4.400
5.000
3.800
4.400
4.400
4.400
3.400
5.000
3.800
4.600
4.600
4.800
5.000
4.200
4.400
4.200
4.800
5.000
4.800
5.000
4.800
4.000
5.000
5.000
4.400
4.600
4.400
4.600
4.200
4.000
4.600
3.600
4.400
3.600
4.800
4.400
4.600
5.000
4.800
4.600
4.600
4.400
4.800
4.800
4.800
4.200
4.400
4.600
4.200
4.400
4.200
5.000
5.000
3.200
5.000
3.400
5.000
5.000
5.000
4.200
3.800
4.600
3.200
3.400
4.000
5.000
3.800
4.400
4.400
4.600
4.400
4.800
4.200
4.600
5.000
4.400
4.200
4.400
3.000
4.800
4.200
4.400
4.200
4.800
4.600
4.400
4.600
3.800
4.600
4.800
4.800
3.800
4.200
4.400
4.400
4.600
4.600
4.600
4.400
4.600
4.400
4.600
4.400
5.000
4.600
4.600
5.000
4.800
5.000
5.000
4.200
4.400
4.000
4.800
3.600
3.750
4.750
3.500
4.500
3.000
3.800
0.000
4.800
4.800
4.200
4.600
5.000
4.800
5.000
3.800
4.800
5.000
3.800
4.600
4.600
5.000
4.400
4.800
4.400
4.200
4.200
5.000
4.600
4.200
3.800
5.000
4.600
3.600
4.800
5.000
5.000
5.000
4.800
5.000
4.800
0.800
4.400
0.800
3.600
3.400
1.400
4.600
1.400
3.600
2.000
5.000
3.600
4.400
4.800
4.600
1.400
2.600
2.000
2.800
3.500
3.200
4.000
4.250
3.750
5.000
4.000
4.000
3.500
2.500
2.000
4.400
3.600
4.200
3.400
4.000
4.000
4.800
3.600
3.400
3.600
3.400
3.750
4.250
4.250
3.250
3.846
1.200
3.200
4.000
3.400
3.200
3.800
3.200
4.000
3.333
3.667
2.000
2.600
3.000
2.400
2.600
4.400
2.800
3.000
4.200
3.200
3.200
3.000
2.600
2.500
4.500
3.750
3.250
0.800
3.200
4.000
2.200
2.800
3.600
2.600
3.800
3.200
5.000
4.000
1.200
5.000
3.800
3.800
3.400
2.200
4.200
2.818
3.200
3.000
2.400
3.600
3.875
3.000
4.400
2.800
1.600
3.200
5.000
3.800
4.400
3.800
3.800
5.000
3.200
4.200
3.000
3.000
3.800
2.667
2.333
3.000
1.333
3.800
3.400
2.000
3.400
4.000
2.800
3.200
3.600
3.800
3.600
4.200
4.000
4.750
3.750
3.250
3.533
2.750
2.500
1.250
1.750
4.250
4.000
5.000
4.250
4.750
2.750
3.250
3.500
3.600
3.200
3.400
4.600
3.333
3.333
3.000
4.000
3.500
3.500
1.750
3.000
3.400
3.600
3.600
2.000
3.600
1.600
4.600
4.400
3.800
2.600
3.600
3.000
2.400
1.200
3.400
3.000
4.500
3.500
1.500
3.000
2.000
3.400
2.200
1.800
4.000
3.500
3.500
2.750
2.600
2.200
4.600
3.000
3.500
4.750
1.500
4.750
3.750
3.500
3.400
1.500
3.400
3.200
2.200
2.400
3.000
3.000
1.800
2.400
3.533
4.000
4.250
4.750
3.333
5.000
4.333
3.000
3.000
3.000
3.800
1.846
3.000
3.000
3.200
1.000
3.000
2.647
3.250
3.250
3.750
3.250
3.000
4.750
4.600
3.929
3.400
1.750
3.200
3.800
0.800
4.600
3.200
2.200
4.400
4.400
3.333
4.000
3.000
1.333
4.200
3.200
3.200
3.000
3.250
4.250
2.250
3.500
2.200
3.400
3.000
3.000
2.500
1.750
2.750
4.250
1.800
2.800
3.000
5.000
3.250
4.000
3.750
1.250
3.250
2.000
3.333
3.000
3.400
5.000
4.400
3.400
3.750
5.000
3.750
4.000
3.250
2.250
1.500
3.000
2.250
3.750
4.000
4.750
5.000
3.750
1.500
3.067
3.500
2.750
3.500
3.250
3.750
3.800
4.000
3.200
4.800
2.200
2.200
4.600
3.250
3.250
1.333
2.500
3.250
3.750
2.250
2.750
2.500
4.750
3.500
3.250
3.250
3.000
1.500
2.000
3.000
3.000
4.750
4.778
3.200
3.600
3.200
3.200
4.400
4.364
3.800
4.400
4.500
4.000
1.500
3.000
5.000
3.600
2.800
1.800
3.400
2.600
2.200
4.800
3.000
2.000
3.500
3.750
3.500
3.333
4.250
4.000
2.000
1.600
3.600
3.400
4.250
4.750
1.750
3.250
3.000
2.400
3.600
3.400
3.250
3.500
3.250
3.786
0.800
2.400
3.200
4.923
3.800
2.600
4.000
3.000
3.200
3.200
3.400
3.200
3.400
2.600
4.571
3.400
2.250
3.500
2.750
4.750
2.500
3.250
4.500
3.500
3.167
4.500
4.750
2.750
3.200
2.600
4.400
3.000
0.944
2.400
3.800
3.800
4.000
3.800
3.800
4.200
4.400
4.200
2.600
3.056
4.750
3.500
3.250
1.500
3.400
3.750
2.600
2.800
2.400
3.200
4.000
3.600
3.400
2.400
3.400
3.600
3.400
3.400
4.818
3.200
1.400
3.000
4.200
3.200
1.800
3.800
4.600
2.800
4.250
3.000
0.750
4.000
3.600
2.200
2.800
3.200
1.250
3.000
3.250
3.000
2.200
3.000
4.600
3.600
4.000
3.000
3.750
3.714
5.000
3.200
3.200
1.600
3.333
4.000
3.000
1.333
3.600
4.200
1.800
3.231
3.000
3.000
3.750
5.000
3.400
3.200
3.400
2.800
2.800
3.600
2.800
3.000
4.600
3.200
3.000
3.800
3.000
4.500
3.750
3.000
4.727
3.800
3.000
4.600
4.400
1.000
2.000
2.800
1.500
3.250
1.750
1.750
5.000
3.600
3.200
3.000
2.750
4.500
1.000
3.750
3.000
4.500
1.500
3.000
2.000
4.000
3.200
3.000
3.500
4.000
3.000
3.250
3.400
2.000
2.800
4.000
3.600
3.400
2.800
3.200
2.200
3.200
3.400
3.000
4.750
3.250
1.000
4.250
5.000
1.600
5.000
3.800
3.500
4.750
3.000
3.500
3.500
3.000
4.500
3.250
4.250
3.250
3.750
4.250
1.200
2.600
5.000
3.000
3.600
3.000
4.800
1.800
4.000
3.800
2.400
2.800
3.200
3.000
3.400
3.800
3.500
3.250
1.500
3.692
2.800
3.200
2.400
2.000
3.800
3.400
3.000
4.600
3.250
3.750
3.500
4.500
3.667
3.333
1.000
1.000
4.000
5.000
5.000
3.400
3.500
3.500
1.250
3.500
3.750
2.250
4.750
3.250
3.250
3.250
3.750
3.250
4.800
3.800
3.400
2.000
3.600
4.400
4.600
3.600
3.750
3.500
2.500
3.250
3.333
3.333
3.000
2.667
2.200
3.200
4.600
3.200
5.000
3.600
3.200
3.200
4.600
3.800
3.800
3.400
3.400
3.400
3.600
3.600
2.600
2.200
3.600
3.800
3.800
4.000
1.733
4.000
2.800
3.200
1.800
3.000
3.750
3.750
3.250
2.909
3.400
3.600
2.200
2.600
3.800
1.600
3.800
3.400
2.500
3.750
3.167
2.500
4.250
2.750
2.750
3.250
1.800
4.200
3.200
3.200
2.750
1.750
3.500
3.750
4.800
3.400
0.800
4.000
4.000
3.750
3.250
1.250
3.500
4.750
1.000
2.500
3.438
4.000
3.600
4.200
2.600
3.200
4.400
3.000
3.250
2.000
3.250
4.500
3.400
3.000
1.800
1.000
2.750
3.250
3.750
2.750
1.000
3.600
3.200
1.600
3.000
3.200
4.600
2.800
4.200
3.200
4.000
3.000
2.200
2.800
2.600
5.000
2.000
3.250
3.750
3.500
2.750
2.750
3.250
2.250
3.250
3.000
4.000
2.000
3.182
3.000
3.750
3.000
4.600
2.600
3.200
4.400
1.250
2.500
5.000
5.000
4.750
5.000
3.800
3.800
2.600
2.400
2.750
4.250
2.615
4.250
0.500
1.600
2.200
5.000
5.000
4.200
4.600
3.867
4.667
1.667
3.750
2.333
2.500
5.000
0.500
3.750
3.800
5.000
3.200
2.800
4.600
3.600
3.000
5.000
5.000
3.200
4.800
1.583
5.000
5.000
4.200
5.000
4.200
5.000
4.000
4.000
4.909
4.909
3.000
0.800
2.400
4.200
3.400
5.000
3.750
2.750
5.000
4.000
2.400
3.600
1.600
4.200
1.750
5.000
1.500
5.000
1.000
1.000
2.375
3.800
3.200
3.200
1.800
4.400
3.500
3.750
4.750
4.000
3.200
1.556
2.200
3.938
5.000
5.000
4.000
1.600
0.636
4.750
3.500
3.000
2.200
1.400
1.400
1.714
1.714
1.714
3.200
4.000
5.000
5.000
3.833
0.600
0.600
2.917
4.200
4.400
2.000
2.600
1.600
2.000
4.200
2.000
4.800
4.400
5.000
3.000
4.250
4.250
3.800
2.400
2.167
1.600
2.000
2.000
1.600
1.800
4.400
4.000
2.200
4.400
3.600
3.600
3.600
0.500
0.800
3.600
0.600
1.200
1.000
2.600
2.000
2.200
2.400
3.600
2.400
1.917
2.200
4.800
0.200
1.643
1.750
4.250
2.250
4.000
4.200
4.800
3.200
3.000
4.000
4.400
4.400
4.600
3.800
4.800
4.857
5.000
2.533
2.250
2.000
0.750
1.000
1.000
2.200
1.000
2.000
0.600
0.143
2.000
1.600
0.800
1.600
2.200
3.400
4.000
2.600
4.800
2.500
5.000
1.750
1.000
5.000
1.400
4.600
4.000
3.800
3.200
4.000
4.000
4.800
0.600
4.750
2.200
3.000
0.000
5.000
2.200
0.400
4.800
4.800
4.800
4.800
3.800
3.800
3.000
4.000
5.000
5.000
5.000
4.200
3.800
1.400
3.000
4.400
3.600
3.800
3.000
2.800
1.400
0.667
4.000
4.250
3.750
4.133
4.000
1.600
3.600
1.200
1.600
4.000
4.000
3.400
3.200
0.533
1.000
1.000
0.600
0.400
0.400
3.400
1.200
3.600
5.000
3.000
3.000
4.000
1.200
0.538
0.600
1.600
1.400
2.600
3.600
0.250
0.250
3.750
3.500
3.765
2.750
2.250
2.750
3.800
4.800
3.600
1.200
3.000
0.400
2.400
3.600
0.000
0.500
3.941
0.500
3.750
4.000
4.000
3.000
4.200
4.500
2.000
5.000
3.000
3.800
0.000
0.000
0.250
4.000
3.250
0.750
1.500
0.500
1.500
3.500
3.000
3.800
4.800
0.200
0.800
0.800
0.800
4.200
3.800
0.600
0.400
5.000
0.800
1.200
2.800
3.200
5.000
4.400
0.000
1.000
0.250
0.000
1.750
3.750
0.400
0.400
0.400
0.600
4.000
1.400
0.400
0.400
0.400
0.400
1.200
4.800
0.600
0.800
0.600
2.000
0.800
0.800
0.133
3.200
3.200
0.600
0.600
0.000
1.400
4.000
3.800
2.200
0.267
3.600
3.400
3.111
0.600
0.400
0.000
1.200
3.500
4.250
3.000
4.500
5.000
5.000
5.000
3.750
2.800
0.200
0.400
3.800
1.286
4.600
0.600
2.000
5.000
3.800
1.800
0.000
2.400
2.400
0.400
0.000
4.200
3.800
0.000
0.000
4.000
0.800
1.400
1.500
0.750
2.500
2.500
3.500
3.400
3.400
3.800
3.800
4.250
2.812
1.500
0.500
0.000
0.000
0.800
0.000
0.200
0.850
3.400
0.400
1.750
3.250
0.750
4.250
3.000
4.000
0.000
0.000
1.000
0.500
3.750
4.250
1.800
3.200
3.600
0.000
2.600
3.200
0.400
3.800
2.400
2.800
4.600
0.000
0.250
3.923
2.750
0.000
3.000
3.800
4.000
4.600
2.600
3.600
3.600
2.800
4.750
3.750
1.154
1.000
2.750
1.250
2.750
0.000
0.000
0.000
2.750
3.750
2.800
2.600
2.400
2.200
0.000
0.200
0.000
2.800
4.000
0.000
0.000
0.750
5.000
0.000
3.400
3.200
3.500
1.750
1.250
0.833
0.000
3.750
2.750
0.000
5.000
3.800
0.200
3.800
3.400
1.400
3.800
0.800
0.400
0.000
0.000
0.000
0.200
0.000
0.000
3.800
2.250
2.250
2.750
4.500
2.400
2.800
3.200
1.600
0.400
0.000
2.600
0.400
0.600
1.000
3.800
4.600
4.250
0.000
1.500
3.500
2.800
0.000
0.000
0.000
0.333
0.333
3.333
4.333
1.600
0.800
0.800
0.200
0.000
0.000
0.000
1.333
3.000
2.600
2.800
0.800
1.000
0.000
0.000
0.250
1.000
3.400
0.600
0.000
0.500
3.750
5.000
1.750
2.667
2.333
0.400
0.000
0.000
1.000
0.800
1.400
0.000
3.000
4.000
0.000
0.200
3.200
5.000
4.400
0.750
2.000
2.000
0.000
2.800
3.000
3.091
3.538
2.750
2.500
2.500
2.250
3.600
1.200
0.200
1.000
0.400
2.800
0.800
0.000
3.500
3.000
3.000
2.800
0.000
0.000
2.200
2.000
3.750
4.000
4.750
3.500
0.800
0.800
4.000
1.200
1.750
3.000
0.500
0.250
0.000
0.000
0.000
4.500
3.800
3.200
3.200
0.800
1.500
2.750
1.500
3.750
3.200
0.800
0.000
0.000
2.400
1.400
3.200
2.200
2.533
3.400
0.000
0.800
0.000
3.200
0.000
0.000
0.000
3.000
2.800
0.000
0.000
0.417
0.000
0.400
2.500
1.000
2.000
0.000
0.500
0.000
2.500
2.000
2.600
0.000
3.600
0.000
0.600
2.818
3.000
0.000
1.600
1.250
3.533
3.800
3.250
4.000
4.000
0.000
1.000
3.400
3.600
2.600
1.400
2.000
3.200
3.600
0.000
0.000
0.000
2.800
0.000
0.000
0.000
3.800
0.643
0.000
2.250
1.250
3.400
0.000
0.200
0.500
0.000
1.000
4.400
4.000
0.000
1.000
0.000
0.000
0.000
0.000
0.000
0.000
1.800
2.400
1.200
0.600
0.250
3.250
3.750
1.250
0.400
1.800
4.000
3.250
2.500
0.750
3.250
2.500
1.200
0.083
0.000
3.800
3.400
0.000
0.800
0.000
1.000
1.000
0.000
3.500
3.750
4.500
4.000
0.250
0.200
0.400
0.000
0.000
0.000
0.000
0.800
0.000
0.000
0.000
4.500
5.000
4.250
4.500
5.000
5.000
4.667
5.000
5.000
5.000
4.000
3.500
4.750
3.750
4.250
5.000
4.333
4.500
5.000
5.000
4.000
5.000
4.750
5.000
5.000
5.000
4.750
4.500
4.750
5.000
4.500
4.250
4.750
4.250
5.000
5.000
4.500
5.000
5.000
5.000
4.250
5.000
5.000
4.000
4.500
4.750
4.800
4.250
5.000
5.000
5.000
5.000
5.000
4.750
4.250
4.750
5.000
4.250
5.000
5.000
4.500
4.500
3.000
5.000
4.750
4.000
4.800
4.800
4.500
5.000
5.000
5.000
5.000
4.750
5.000
5.000
5.000
5.000
4.800
4.600
3.000
4.750
4.571
5.000
4.714
5.000
5.000
5.000
4.833
5.000
5.000
4.000
3.500
5.000
4.500
4.750
5.000
4.250
5.000
5.000
4.500
3.750
5.000
4.667
4.667
4.000
4.250
5.000
4.667
4.500
4.750
4.429
5.000
4.200
4.750
5.000
4.750
4.429
4.250
3.500
4.500
5.000
3.000
4.500
5.000
5.000
4.000
5.000
4.571
5.000
5.000
4.800
5.000
5.000
4.250
4.429
4.571
4.750
5.000
5.000
5.000
3.000
4.250
5.000
4.000
5.000
4.000
4.000
4.400
4.250
5.000
3.400
4.750
3.400
4.800
4.750
4.750
3.000
4.250
5.000
3.250
4.750
4.500
4.667
4.167
4.500
4.500
4.500
5.000
4.500
3.250
4.667
4.750
4.750
5.000
4.800
4.250
4.500
3.500
4.500
5.000
4.667
4.750
4.000
4.000
4.500
4.429
4.250
4.400
4.600
3.833
5.000
5.000
5.000
4.000
3.714
4.333
5.000
5.000
5.000
5.000
5.000
4.500
5.000
5.000
4.167
4.500
4.167
4.500
4.250
5.000
4.200
4.000
4.500
3.500
4.167
5.000
3.750
4.500
4.750
3.250
3.250
5.000
5.000
5.000
5.000
3.250
5.000
5.000
4.250
5.000
5.000
4.500
4.750
5.000
5.000
4.500
4.500
5.000
4.500
4.750
4.250
4.250
5.000
4.750
5.000
4.000
4.750
5.000
4.250
4.167
4.750
4.250
5.000
4.500
4.500
4.250
3.833
4.000
4.750
4.750
4.167
4.571
4.000
5.000
4.750
4.250
4.250
3.750
4.500
4.750
5.000
5.000
4.500
4.500
4.250
5.000
4.750
4.750
4.714
5.000
4.000
4.667
4.250
5.000
5.000
4.667
4.800
4.750
4.571
4.333
4.667
5.000
3.714
4.250
1.500
4.750
5.000
4.500
5.000
5.000
5.000
4.750
4.167
5.000
4.600
4.714
3.750
5.000
5.000
5.000
5.000
4.667
4.800
3.000
4.500
5.000
5.000
4.500
4.500
4.167
5.000
4.750
5.000
5.000
3.750
4.429
5.000
3.833
5.000
5.000
4.000
4.000
4.429
4.750
4.250
4.000
4.800
4.800
4.000
4.000
4.667
5.000
4.750
5.000
4.750
5.000
4.400
5.000
5.000
5.000
5.000
4.714
3.714
4.250
4.750
4.000
4.000
5.000
4.600
5.000
5.000
5.000
3.750
5.000
4.750
4.167
4.500
5.000
5.000
4.571
4.250
4.000
5.000
3.000
2.750
5.000
5.000
5.000
4.000
4.500
4.500
5.000
2.750
4.750
5.000
4.167
4.250
4.500
4.750
4.500
4.750
2.500
5.000
4.833
5.000
4.333
4.750
3.000
4.500
4.500
5.000
4.571
5.000
3.500
4.167
5.000
5.000
5.000
4.000
4.750
3.500
4.000
4.750
4.750
4.750
4.400
5.000
4.400
4.667
4.500
4.500
4.500
4.667
3.750
3.750
5.000
5.000
4.667
4.250
4.250
5.000
4.750
5.000
4.500
3.000
5.000
5.000
4.250
4.000
5.000
5.000
4.429
4.250
4.429
4.250
4.714
5.000
5.000
4.800
4.750
4.500
4.250
4.250
5.000
4.750
5.000
4.000
3.833
5.000
3.250
3.250
4.000
3.250
4.000
3.333
4.750
0.500
4.750
3.750
4.000
1.500
2.500
4.250
3.500
4.250
5.000
3.750
2.750
3.500
3.500
3.500
4.250
2.750
2.250
3.750
3.000
2.750
2.500
2.250
2.500
3.500
1.250
0.000
2.000
0.750
4.250
0.000
4.000
3.250
4.333
5.000
3.500
4.750
3.000
3.000
3.750
2.750
2.250
2.500
4.250
4.000
4.500
3.750
3.250
4.250
3.750
1.000
1.000
3.750
4.000
2.750
3.750
1.500
3.250
4.000
4.500
2.000
1.500
4.000
3.750
2.333
2.500
4.500
3.000
2.750
3.000
3.000
1.750
4.000
4.000
3.750
0.500
2.500
1.500
2.800
3.400
0.000
1.600
4.000
3.250
3.500
3.500
2.500
2.250
3.333
2.250
3.250
4.000
3.750
3.500
5.000
0.500
3.500
2.000
2.500
3.500
3.250
4.500
2.750
3.250
2.000
4.000
0.750
2.500
4.250
2.000
2.250
2.750
3.500
2.250
4.000
2.000
0.750
4.000
3.500
2.000
2.500
2.500
4.000
2.750
2.250
3.500
1.000
4.500
2.500
2.500
2.750
3.750
4.000
3.750
1.750
0.750
2.750
4.500
3.750
3.500
3.750
4.000
2.200
3.200
2.800
2.800
4.500
2.000
1.000
2.750
3.750
4.250
2.250
3.500
0.500
3.250
0.000
2.000
2.250
2.250
4.000
3.000
3.500
3.250
4.000
0.500
1.750
4.000
3.250
3.000
4.250
2.750
3.000
3.750
2.000
1.600
1.000
3.800
2.250
3.000
1.750
1.750
3.400
4.000
4.400
2.600
2.250
2.750
3.250
2.750
4.500
3.250
4.250
2.000
3.250
2.750
3.750
2.250
3.250
3.750
3.750
3.750
1.500
3.750
3.000
3.500
3.500
3.250
4.000
4.750
3.750
3.750
2.500
2.250
3.667
3.750
3.250
4.000
4.000
1.250
4.500
4.250
3.250
2.500
4.250
3.000
2.250
3.000
2.250
3.333
2.750
0.000
4.750
2.000
3.000
4.500
0.750
2.000
3.750
3.750
4.750
0.500
5.000
4.750
3.250
4.500
4.750
4.500
4.750
3.000
2.500
4.500
3.750
2.500
3.500
4.750
4.500
4.000
4.000
4.000
4.750
4.250
3.500
3.750
4.500
4.000
4.000
5.000
3.500
4.250
4.000
4.250
4.250
4.500
4.000
5.000
5.000
3.333
2.750
3.500
2.000
4.000
3.500
4.750
3.500
4.000
3.500
3.750
4.750
4.500
4.000
3.500
3.000
3.000
4.750
4.250
4.250
5.000
5.000
4.750
4.750
5.000
3.250
4.500
5.000
4.500
4.250
3.750
4.000
3.500
4.250
4.750
4.000
3.000
3.500
3.750
4.500
4.000
3.250
4.750
4.250
4.000
5.000
4.750
4.250
4.250
4.750
4.000
4.000
5.000
3.000
3.250
4.750
4.000
2.250
3.750
4.250
4.750
3.750
4.750
4.750
4.000
3.500
4.500
3.250
3.500
3.750
4.000
3.750
4.000
3.750
3.750
4.500
4.000
3.750
4.000
3.500
1.750
3.750
4.000
3.500
3.000
5.000
4.750
5.000
4.750
2.750
4.500
3.750
4.750
4.250
3.500
4.500
4.250
4.000
4.250
4.250
3.750
4.500
3.250
3.250
4.500
4.500
4.250
4.000
3.250
4.000
4.250
4.250
3.500
3.500
4.500
3.750
3.750
4.500
4.750
4.250
3.750
4.500
3.500
4.000
3.750
4.500
4.500
4.000
4.750
2.500
3.750
3.500
4.500
4.000
4.000
4.250
3.750
2.250
3.000
4.500
4.000
4.750
4.750
4.667
4.000
4.333
4.667
4.667
4.333
4.250
4.000
4.250
4.750
3.750
3.250
3.500
4.250
4.000
3.250
5.000
4.000
3.500
3.000
4.000
4.000
4.000
4.000
4.000
4.750
4.750
4.000
4.500
4.000
3.000
3.750
3.750
5.000
3.500
4.500
5.000
4.750
3.750
5.000
4.250
4.750
4.500
3.750
4.750
4.000
3.500
4.000
4.000
3.750
4.000
4.500
5.000
4.250
4.250
4.500
3.500
3.750
2.750
2.750
3.250
3.250
4.500
3.750
3.000
3.500
4.750
3.500
4.750
4.750
4.500
4.250
4.750
4.750
4.750
5.000
3.750
5.000
4.750
4.250
5.000
5.000
5.000
4.000
5.000
5.000
4.000
5.000
5.000
4.000
3.750
3.750
3.250
5.000
5.000
5.000
4.000
5.000
3.500
4.000
3.750
4.250
4.500
4.750
5.000
5.000
5.000
5.000
4.750
4.250
4.000
5.000
3.750
4.500
4.750
5.000
5.000
4.250
5.000
5.000
5.000
5.000
5.000
5.000
5.000
4.750
4.750
4.750
5.000
5.000
4.400
4.800
4.600
4.600
3.500
3.500
4.750
4.250
3.750
5.000
5.000
5.000
4.500
4.250
4.750
4.250
4.000
4.000
3.750
4.000
5.000
5.000
4.250
5.000
4.750
4.250
5.000
5.000
4.750
5.000
5.000
5.000
4.333
3.750
4.250
4.750
5.000
4.000
5.000
4.500
3.667
3.667
4.333
5.000
4.500
4.000
4.750
4.500
5.000
5.000
4.500
5.000
4.333
5.000
5.000
5.000
4.750
4.500
5.000
4.750
5.000
5.000
4.500
5.000
4.250
4.750
4.500
5.000
4.000
5.000
5.000
4.750
4.000
4.500
4.500
4.500
5.000
4.000
4.250
5.000
3.750
4.750
4.750
4.000
4.250
4.250
4.500
4.250
4.250
4.500
4.750
3.750
4.500
4.500
4.750
4.500
4.000
5.000
4.500
4.500
5.000
3.750
3.750
5.000
4.250
4.750
4.250
4.500
4.750
4.000
5.000
4.750
5.000
4.250
4.750
5.000
4.500
4.500
5.000
3.250
5.000
5.000
5.000
5.000
5.000
4.750
4.750
4.750
4.250
4.000
4.750
4.500
5.000
5.000
5.000
4.250
4.000
4.500
4.500
5.000
3.750
5.000
4.500
4.750
5.000
4.250
4.250
5.000
4.500
3.500
4.000
5.000
4.500
5.000
4.250
5.000
4.600
5.000
4.400
5.000
4.750
5.000
5.000
5.000
4.250
4.750
5.000
5.000
4.250
4.250
5.000
4.750
3.250
5.000
4.750
4.750
4.250
4.750
4.750
4.250
4.500
4.000
4.500
3.250
4.500
4.250
4.500
4.250
3.500
4.500
5.000
3.750
4.000
5.000
5.000
4.667
4.500
5.000
4.500
5.000
4.000
4.500
4.000
3.750
2.200
4.500
4.750
4.750
4.000
5.000
0.500
4.500
5.000
4.250
4.750
5.000
4.750
3.250
4.750
4.250
4.750
4.750
4.500
5.000
5.000
4.500
3.000
3.400
4.500
3.800
2.833
4.750
4.750
4.500
5.000
4.250
5.000
3.600
0.500
2.200
5.000
5.000
4.667
4.750
4.250
5.000
5.000
4.750
4.500
4.750
4.500
2.500
1.750
2.750
2.250
5.000
3.750
4.000
4.000
4.750
5.000
5.000
4.500
4.250
5.000
5.000
4.750
4.500
5.000
5.000
4.800
5.000
3.400
5.000
5.000
5.000
5.000
3.750
5.000
4.600
4.750
4.800
4.000
3.750
4.714
5.000
4.600
3.200
4.500
4.000
3.000
4.600
2.250
4.000
4.400
2.833
2.750
4.750
5.000
5.000
5.000
3.750
4.250
4.750
5.000
4.500
4.400
5.000
4.750
4.600
3.750
4.750
4.750
5.000
2.250
4.500
4.750
4.750
4.800
4.250
2.500
5.000
5.000
5.000
3.500
4.250
4.250
4.000
0.250
4.250
5.000
3.750
3.750
5.000
2.750
4.750
1.750
4.500
3.500
4.500
4.750
5.000
5.000
4.750
4.000
5.000
5.000
4.500
5.000
4.750
5.000
5.000
4.750
4.250
4.250
4.750
5.000
4.500
3.500
2.750
3.750
3.500
5.000
4.500
4.750
5.000
4.400
4.250
4.500
4.750
4.250
3.800
4.500
4.500
4.250
5.000
4.250
4.500
4.500
4.750
4.750
4.750
2.500
4.500
3.500
4.400
4.250
3.750
4.750
4.750
4.750
4.250
5.000
2.833
5.000
5.000
4.750
4.750
3.500
5.000
4.750
4.000
5.000
4.250
4.800
5.000
4.667
5.000
4.250
4.000
5.000
0.250
5.000
3.600
4.250
4.750
4.250
5.000
5.000
5.000
4.714
3.750
4.600
4.500
4.750
2.000
5.000
3.750
5.000
5.000
4.750
5.000
4.750
4.000
5.000
4.714
3.250
4.750
4.000
3.000
4.500
4.500
5.000
5.000
4.750
3.750
4.000
4.500
4.000
4.750
4.250
4.750
4.000
2.750
5.000
2.250
3.750
5.000
3.500
4.750
4.714
3.500
3.250
5.000
5.000
5.000
3.750
4.000
5.000
4.250
3.750
4.000
3.500
4.800
4.000
5.000
4.250
5.000
4.800
4.750
4.500
4.000
5.000
4.600
4.750
5.000
5.000
4.500
4.500
5.000
3.500
4.750
3.500
4.500
4.250
5.000
2.500
4.250
4.250
4.400
4.750
4.800
3.750
5.000
4.750
4.750
4.200
5.000
4.600
4.750
4.750
4.500
3.250
4.400
4.500
4.500
4.000
4.333
5.000
5.000
5.000
4.750
4.750
5.000
4.000
4.750
4.500
4.500
4.250
4.750
5.000
4.750
4.250
3.600
3.600
2.750
5.000
3.750
4.200
3.500
4.000
5.000
5.000
5.000
5.000
5.000
5.000
4.750
4.250
5.000
4.500
3.250
5.000
4.500
4.500
4.800
5.000
4.500
5.000
4.750
5.000
4.750
5.000
4.000
4.750
5.000
3.750
4.750
2.250
5.000
4.500
4.500
4.667
5.000
4.250
4.667
5.000
4.750
5.000
4.000
4.500
2.250
3.750
5.000
3.000
4.750
4.750
4.500
1.000
3.250
3.500
