0.3468634686346863
0.38827838827838823
0.7272727272727273
0.4272445820433437
0.36
0.40601503759398494
0.38367346938775515
0.4484848484848485
0.341296928327645
0.8689655172413793
0.8717948717948718
0.8888888888888888
0.47058823529411764
0.5528455284552846
0.4
0.31999999999999995
0.8933333333333333
0.368421052631579
0.4575163398692811
0.3146853146853147
0.9428571428571428
0.950354609929078
0.3866666666666667
0.5
0.9428571428571428
0.4067796610169492
0.3627906976744186
0.44285714285714284
0.23605150214592274
0.3214285714285714
0.47953216374269003
0.4326923076923077
0.3483606557377049
0.44221105527638194
0.3502824858757062
0.2836879432624113
0.2945736434108527
0.20588235294117652
0.2362204724409449
0.49246231155778897
0.5251396648044693
0.26206896551724135
0.11965811965811968
0.5375494071146245
0.3966480446927374
0.3870967741935484
0.368421052631579
0.29333333333333333
0.45296167247386765
0.303448275862069
0.2834645669291339
0.295774647887324
0.3675675675675676
0.34782608695652173
0.4418604651162791
0.4273504273504274
0.10526315789473684
0.40866873065015474
0.0948905109489051
0.11428571428571432
0.22857142857142854
0.13793103448275867
0.24827586206896557
0.1728395061728395
0.26206896551724135
0.18834080717488788
0.53125
0.4
0.11378555798687084
0.3035714285714286
0.30379746835443033
0.339622641509434
0.30534351145038163
0.07095926412614983
0.23834196891191706
0.303030303030303
0.2016129032258065
0.24852071005917165
0.28828828828828834
0.28037383177570097
0.3913043478260869
0.31481481481481477
0.2666666666666667
0.31404958677685946
0.2931034482758621
0.29357798165137616
0.13297872340425532
0.43999999999999995
0.5853658536585367
0.4
0.5
0.6909090909090909
0.3870967741935484
0.4375
0.3902439024390244
0.7619047619047619
0.31999999999999995
0.4545454545454546
0.5945945945945945
0.5
0.8636363636363636
0.3793103448275862
0.8181818181818181
0.8888888888888888
0.8717948717948718
0.5789473684210527
0.31932773109243695
0.7647058823529411
0.31999999999999995
0.5633802816901409
0.5
0.43999999999999995
0.6129032258064516
0.5633802816901409
0.8372093023255813
0.8444444444444444
0.4421052631578948
0.31390134529147984
0.6355140186915889
0.5157232704402516
0.42639593908629436
0.5
0.31924882629107976
0.524822695035461
0.4565217391304348
0.5416666666666667
0.5606060606060606
0.7472527472527473
0.5263157894736843
0.5384615384615384
0.33175355450236965
0.3418803418803419
0.40601503759398494
0.24285714285714288
0.3589743589743589
0.3969465648854962
0.6055045871559632
0.6888888888888889
0.449438202247191
0.6813186813186813
0.64
0.5314685314685315
0.5135135135135135
0.7378640776699029
0.28800000000000003
0.4584717607973422
0.36363636363636365
0.5041095890410958
0.603921568627451
0.5849802371541502
0.4296296296296296
0.421875
0.4918032786885246
0.29670329670329665
0.4426229508196722
0.4571428571428572
0.15568862275449102
0.1132075471698113
0.5300546448087431
0.42533936651583715
0.43790849673202614
0.3661971830985915
0.365979381443299
0.32820512820512826
0.43965517241379315
0.17647058823529416
0.3571428571428571
0.4242424242424242
0.5
0.5691699604743083
0.5483870967741935
0.5176470588235293
0.42105263157894735
0.4535637149028078
0.3917525773195877
0.30687830687830686
0.44166666666666665
0.2869955156950673
0.39145907473309605
0.3813559322033898
0.3165467625899281
0.4444444444444444
0.31055900621118016
0.32171581769436997
0.410958904109589
0.7642276422764227
0.41666666666666663
0.4342105263157895
0.43137254901960786
0.48430493273542596
0.369811320754717
0.3850267379679144
0.4554455445544554
0.4457831325301205
0.5789473684210527
0.379182156133829
0.41880341880341876
0.3744292237442922
0.3369565217391305
0.02631578947368418
0.4193548387096774
0.3373493975903614
0.26106194690265483
0.2748091603053435
0.3190184049079755
0.5142857142857142
0.23163841807909602
0.32835820895522383
0.34838709677419355
0.8048780487804879
0.3931623931623932
0.8148148148148149
0.5
0.49523809523809526
0.3661971830985915
0.3132530120481928
0.4112149532710281
0.3482142857142857
0.4347826086956522
0.3152173913043478
0.5365853658536586
0.359375
0.55
0.7901234567901234
0.7901234567901234
0.4461538461538461
0.45112781954887216
0.33999999999999997
0.7901234567901234
0.5454545454545454
0.46464646464646464
0.4040404040404041
0.39743589743589747
0.5172413793103448
0.4884488448844885
0.5826330532212884
0.5580246913580247
0.5310173697270472
0.5210526315789474
0.45833333333333337
0.6201117318435754
0.5787781350482315
0.584070796460177
0.6153846153846154
0.5382059800664452
0.36363636363636365
0.4782608695652174
0.493573264781491
0.4864864864864865
0.4156862745098039
0.5189504373177842
0.631578947368421
0.6204986149584488
0.5511811023622047
0.5012165450121655
0.4772727272727273
0.44147157190635455
0.50920245398773
0.47058823529411764
0.37209302325581395
0.5365853658536586
0.5763688760806917
0.4527472527472527
0.4861878453038674
0.45038167938931295
0.5064599483204134
0.5390428211586902
0.4852459016393442
0.46153846153846156
0.47470817120622566
0.5382262996941896
0.5732087227414331
0.5071428571428571
0.4558823529411765
0.4819277108433735
0.45138888888888884
0.5393939393939393
0.505800464037123
0.5225806451612903
0.4104477611940298
0.32599118942731276
0.4913494809688581
0.2792792792792793
0.45818181818181813
0.5215419501133787
0.48414985590778103
0.4818481848184818
0.5073529411764706
0.5206185567010309
0.4263565891472868
0.4341637010676157
0.5401459854014599
0.5084745762711864
0.47773279352226716
0.17877094972067042
0.37614678899082565
0.42105263157894735
0.37037037037037035
0.24489795918367352
0.33175355450236965
0.2421052631578947
0.4247787610619469
0.3891402714932126
0.3232323232323232
0.24365482233502533
0.17582417582417587
0.43220338983050843
0.5338345864661654
0.5078125
0.38367346938775515
0.38181818181818183
0.31000000000000005
0.5
0.35922330097087374
0.37037037037037035
0.43881856540084385
0.3627906976744186
0.49586776859504134
0.3783783783783784
0.2666666666666667
0.3033175355450237
0.31000000000000005
0.4651162790697675
0.33333333333333337
0.25316455696202533
0.2290076335877863
0.19047619047619047
0.17105263157894735
0.0
0.4444444444444444
0.19999999999999996
0.16666666666666663
0.16666666666666663
0.28125
0.4
0.2222222222222222
0.1589403973509934
0.09090909090909094
0.23913043478260865
0.31818181818181823
0.2857142857142857
0.29268292682926833
0.25
0.19999999999999996
0.19999999999999996
0.24444444444444446
0.2777777777777778
0.19999999999999996
0.24137931034482762
0.2666666666666667
0.19999999999999996
0.2093023255813954
0.30188679245283023
0.4781609195402299
0.27801911381407474
0.6068601583113457
0.49572649572649574
0.5823529411764705
0.5205479452054795
0.43356643356643354
0.6066838046272494
0.5699745547073791
0.4968152866242038
0.5075528700906344
0.48051948051948057
0.417910447761194
0.5700245700245701
0.4810126582278481
0.592039800995025
0.5053763440860215
0.6010928961748634
0.5308641975308642
0.6595174262734584
0.5695364238410596
0.3650793650793651
0.5416666666666667
0.6202898550724638
0.5686274509803921
0.6870229007633588
0.4954682779456193
0.5089058524173028
0.6353591160220995
0.5454545454545454
0.4040404040404041
0.40963855421686746
0.3842364532019704
0.023809523809523836
0.3601532567049809
0.4260869565217391
0.3879310344827587
0.5038167938931297
0.44067796610169496
0.3870967741935484
0.4444444444444444
0.4696969696969697
0.40909090909090906
0.3419354838709677
0.43171806167400884
0.42168674698795183
0.3355263157894737
0.3571428571428571
0.3846153846153846
0.40764331210191085
0.38636363636363635
0.37583892617449666
0.46706586826347307
0.4195804195804196
0.35460992907801414
0.3448275862068966
0.33333333333333337
0.3826086956521739
0.5753424657534247
0.34328358208955223
0.42211055276381915
0.45977011494252873
0.703448275862069
0.35856573705179284
0.8
0.43333333333333335
0.4277456647398844
0.3820224719101124
0.5432098765432098
0.8256880733944953
0.9026548672566371
0.819672131147541
0.5443786982248521
0.5217391304347826
0.5396825396825398
0.5476190476190477
0.5172413793103448
0.5434782608695652
0.6195652173913043
0.875
0.6901408450704225
0.48920863309352514
0.875
0.5934065934065934
0.9026548672566371
0.617283950617284
0.8200000000000001
0.6067415730337078
0.75
0.5800000000000001
0.47161572052401746
0.09009009009009006
0.21052631578947367
0.4545454545454546
0.06349206349206349
0.15503875968992253
0.15873015873015872
0.0993788819875776
0.13186813186813184
0.19801980198019797
0.27586206896551724
0.31746031746031744
1.0
0.19999999999999996
0.17582417582417587
0.25806451612903225
0.41666666666666663
0.2295081967213115
0.19047619047619047
0.13913043478260867
0.2222222222222222
0.4
0.33333333333333337
0.19999999999999996
0.202247191011236
0.3157894736842105
0.1875
0.48
0.9523809523809523
0.12727272727272732
0.22784810126582278
0.14634146341463417
0.45783132530120485
0.31081081081081086
0.4329896907216495
0.4347826086956522
0.44609665427509293
0.42677824267782427
0.49122807017543857
0.4832214765100671
0.5952380952380952
0.5025125628140703
0.4347826086956522
0.4285714285714286
0.4114832535885168
0.41025641025641024
0.472972972972973
0.5702479338842975
0.6219512195121951
0.19148936170212771
0.6163522012578616
0.5565217391304348
0.4347826086956522
0.5508982035928144
0.34782608695652173
0.5957446808510638
0.4807692307692307
0.6813186813186813
0.5185185185185186
0.4369747899159664
0.7515923566878981
0.4642857142857143
0.3165137614678899
0.3664921465968587
0.33720930232558144
0.39520958083832336
0.31864406779661014
0.3557692307692307
0.37142857142857144
0.4672897196261683
0.452054794520548
0.4065040650406504
0.4
0.39743589743589747
0.38787878787878793
0.3942307692307693
0.3620689655172413
0.42603550295857984
0.3302180685358256
0.4342105263157895
0.33333333333333337
0.4720496894409938
0.3708609271523179
0.39520958083832336
0.4027777777777778
0.35922330097087374
0.46153846153846156
0.43971631205673756
0.4154589371980676
0.36641221374045807
0.3970588235294118
0.34224598930481287
0.3545454545454545
0.29824561403508776
0.4893617021276596
0.5
0.5037783375314862
0.4717948717948718
0.48375451263537905
0.37037037037037035
0.49446494464944646
0.4180327868852459
0.39655172413793105
0.26595744680851063
0.44635193133047213
0.47619047619047616
0.12643678160919536
0.33333333333333337
0.3783783783783784
0.48571428571428577
0.4482758620689655
0.267379679144385
0.26
0.26455026455026454
0.3004694835680751
0.44715447154471544
0.42500000000000004
0.4434782608695652
0.3207547169811321
0.47619047619047616
0.10465116279069764
0.34545454545454546
0.25380710659898476
0.3157894736842105
0.3649373881932021
0.35460992907801414
0.4025974025974026
0.5043478260869565
0.4156626506024096
0.5064377682403434
0.4122137404580153
0.4144144144144144
0.35593220338983056
0.49523809523809526
0.5170068027210885
0.5241379310344827
0.5025125628140703
0.3969465648854962
0.5165562913907285
0.5167464114832536
0.3930635838150289
0.49696969696969695
0.42168674698795183
0.4640883977900553
0.4226804123711341
0.5201793721973094
0.4699453551912568
0.49
0.6347305389221557
0.47457627118644063
0.47435897435897434
0.45128205128205123
0.46616541353383456
0.4696969696969697
0.5303030303030303
0.3229461756373938
0.6363636363636364
0.40727272727272723
0.5596330275229358
0.20140515222482436
0.5104895104895104
0.4782608695652174
0.48571428571428577
0.44594594594594594
0.4714285714285714
0.4145077720207254
0.5745454545454545
0.6220472440944882
0.1869158878504673
0.38926174496644295
0.41463414634146345
0.29104477611940294
0.5549738219895288
0.40287769784172667
0.5289256198347108
0.5232558139534884
0.6274509803921569
0.6030534351145038
0.583941605839416
0.5741626794258373
0.46557377049180326
0.6234817813765182
0.43122676579925645
0.6532663316582914
0.6012269938650308
0.4534883720930233
0.33773087071240104
