0.07380073800738007
0.18315018315018317
0.47058823529411764
0.2910216718266254
0.08666666666666667
0.06015037593984962
0.0653061224489796
0.1333333333333333
0.05460750853242324
0.45517241379310347
0.5897435897435898
0.6013071895424836
0.07843137254901966
0.19512195121951215
0.05405405405405406
0.053333333333333344
0.6
0.052631578947368474
0.10457516339869277
0.04195804195804198
0.6428571428571428
0.6524822695035462
0.06666666666666665
0.09090909090909094
0.6428571428571428
0.05649717514124297
0.07441860465116279
0.11428571428571432
0.025751072961373356
0.049107142857142905
0.10526315789473684
0.15384615384615385
0.069672131147541
0.1306532663316583
0.09039548022598876
0.05673758865248224
0.20155038759689925
0.05882352941176472
0.07874015748031493
0.09045226130653261
0.1005586592178771
0.05517241379310345
0.06837606837606836
0.14229249011857703
0.03910614525139666
0.07741935483870965
0.052631578947368474
0.07999999999999996
0.06968641114982577
0.06896551724137934
0.11023622047244097
0.07042253521126762
0.0972972972972973
0.06324110671936756
0.10465116279069764
0.05982905982905984
0.10526315789473684
0.037151702786377694
0.025547445255474477
0.023809523809523836
0.06857142857142862
0.028735632183908066
0.08275862068965523
0.04115226337448563
0.096551724137931
0.04484304932735428
0.3125
0.27692307692307694
0.021881838074398252
0.1071428571428571
0.05063291139240511
0.09433962264150941
0.10687022900763354
0.031537450722733285
0.11398963730569944
0.19393939393939397
0.040322580645161255
0.059171597633136064
0.10810810810810811
0.11214953271028039
0.14492753623188404
0.09259259259259256
0.09999999999999998
0.0826446280991735
0.10344827586206895
0.11009174311926606
0.02659574468085102
0.36
0.3414634146341463
0.2857142857142857
0.23809523809523814
0.36363636363636365
0.32258064516129037
0.3125
0.24390243902439024
0.4285714285714286
0.31999999999999995
0.18181818181818177
0.43243243243243246
0.4375
0.4545454545454546
0.1724137931034483
0.5909090909090908
0.4
0.8717948717948718
0.4736842105263158
0.16806722689075626
0.7647058823529411
0.31999999999999995
0.5633802816901409
0.3571428571428571
0.19999999999999996
0.6129032258064516
0.5633802816901409
0.41860465116279066
0.8
0.10526315789473684
0.053811659192825156
0.3738317757009346
0.16352201257861632
0.13197969543147203
0.19999999999999996
0.07511737089201875
0.18439716312056742
0.4130434782608695
0.27083333333333337
0.19696969696969702
0.46153846153846156
0.21052631578947367
0.4871794871794872
0.07582938388625593
0.14529914529914534
0.12030075187969924
0.050000000000000044
0.15384615384615385
0.10687022900763354
0.3669724770642202
0.4222222222222223
0.1348314606741573
0.39560439560439564
0.4
0.18181818181818177
0.17567567567567566
0.38834951456310685
0.07999999999999996
0.13953488372093026
0.09090909090909094
0.09863013698630141
0.09411764705882353
0.18181818181818177
0.09629629629629632
0.109375
0.14754098360655743
0.09890109890109888
0.09836065573770492
0.1071428571428571
0.10778443113772451
0.06289308176100628
0.08196721311475408
0.09954751131221717
0.13725490196078427
0.0938967136150235
0.061855670103092786
0.09230769230769231
0.10344827586206895
0.05882352941176472
0.11224489795918369
0.2525252525252525
0.14406779661016944
0.12648221343873522
0.12903225806451613
0.10196078431372546
0.06477732793522262
0.06047516198704106
0.12371134020618557
0.10582010582010581
0.1166666666666667
0.06726457399103136
0.1708185053380783
0.11864406779661019
0.15107913669064743
0.1286549707602339
0.08695652173913049
0.08042895442359255
0.1643835616438356
0.3902439024390244
0.19444444444444442
0.19736842105263153
0.1568627450980392
0.18834080717488788
0.10566037735849054
0.07486631016042777
0.2178217821782178
0.07228915662650603
0.24561403508771928
0.10408921933085502
0.23076923076923073
0.0547945205479452
0.07608695652173914
0.02631578947368418
0.12903225806451613
0.08433734939759041
0.10176991150442483
0.04580152671755722
0.12269938650306744
0.30000000000000004
0.05649717514124297
0.14925373134328357
0.05161290322580647
0.5365853658536586
0.18803418803418803
0.5185185185185186
0.5
0.2857142857142857
0.14084507042253525
0.06024096385542166
0.16822429906542058
0.1875
0.2028985507246377
0.10869565217391308
0.36585365853658536
0.078125
0.275
0.37037037037037035
0.5185185185185186
0.16923076923076918
0.16541353383458646
0.09999999999999998
0.5185185185185186
0.303030303030303
0.24242424242424243
0.18181818181818177
0.1282051282051282
0.11724137931034484
0.08580858085808585
0.11764705882352944
0.08395061728395059
0.08933002481389574
0.08947368421052626
0.18333333333333335
0.07821229050279332
0.135048231511254
0.10619469026548678
0.19780219780219777
0.20598006644518274
0.1385281385281385
0.06719367588932801
0.08740359897172234
0.18243243243243246
0.10196078431372546
0.0991253644314869
0.13003095975232193
0.16620498614958445
0.13385826771653542
0.09245742092457421
0.12878787878787878
0.08695652173913049
0.10429447852760731
0.07672634271099743
0.1209302325581395
0.12543554006968638
0.09798270893371763
0.05714285714285716
0.08287292817679559
0.04961832061068705
0.07751937984496127
0.07052896725440805
0.09836065573770492
0.07925407925407923
0.2645914396887159
0.09785932721712542
0.12461059190031154
0.09999999999999998
0.125
0.08433734939759041
0.10416666666666663
0.1515151515151515
0.07888631090487241
0.09677419354838712
0.09701492537313428
0.1409691629955947
0.08304498269896199
0.10810810810810811
0.10909090909090913
0.08163265306122447
0.09798270893371763
0.10561056105610556
0.1029411764705882
0.0670103092783505
0.11627906976744184
0.08540925266903909
0.1970802919708029
0.09745762711864403
0.17813765182186236
0.07821229050279332
0.12844036697247707
0.19298245614035092
0.12962962962962965
0.04081632653061229
0.06635071090047395
0.08421052631578951
0.15929203539823011
0.12669683257918551
0.07070707070707072
0.030456852791878153
0.09890109890109888
0.2457627118644068
0.12030075187969924
0.15625
0.0653061224489796
0.12727272727272732
0.13
0.125
0.12621359223300976
0.12962962962962965
0.18565400843881852
0.13023255813953494
0.09917355371900827
0.12612612612612617
0.06153846153846154
0.07582938388625593
0.12
0.11627906976744184
0.11111111111111116
0.05063291139240511
0.10687022900763354
0.031746031746031744
0.03947368421052633
0.0
0.38888888888888884
0.09999999999999998
0.05555555555555558
0.05555555555555558
0.0625
0.24
0.11111111111111116
0.026490066225165587
0.042424242424242475
0.15217391304347827
0.18181818181818177
0.11428571428571432
0.14634146341463417
0.16666666666666663
0.09999999999999998
0.09999999999999998
0.06666666666666665
0.19444444444444442
0.09999999999999998
0.06896551724137934
0.06666666666666665
0.09999999999999998
0.046511627906976716
0.07547169811320753
0.096551724137931
0.034752389226759384
0.11609498680738783
0.10826210826210825
0.12941176470588234
0.1150684931506849
0.0699300699300699
0.09768637532133673
0.11195928753180662
0.13375796178343946
0.10876132930513593
0.09090909090909094
0.08955223880597019
0.10810810810810811
0.09282700421940926
0.1094527363184079
0.11827956989247312
0.11475409836065575
0.08024691358024694
0.11796246648793562
0.19867549668874174
0.13492063492063489
0.1071428571428571
0.1855072463768116
0.14379084967320266
0.14249363867684484
0.12688821752265866
0.10178117048346058
0.11602209944751385
0.1393939393939394
0.09090909090909094
0.06024096385542166
0.059113300492610876
0.023809523809523836
0.08429118773946365
0.07826086956521738
0.08620689655172409
0.2442748091603053
0.05649717514124297
0.07526881720430112
0.11695906432748537
0.13636363636363635
0.13636363636363635
0.058064516129032295
0.04405286343612336
0.15662650602409633
0.03289473684210531
0.08571428571428574
0.07692307692307687
0.05095541401273884
0.09090909090909094
0.08053691275167785
0.10778443113772451
0.05594405594405594
0.08510638297872342
0.08275862068965523
0.17543859649122806
0.10434782608695647
0.3013698630136986
0.05970149253731338
0.1507537688442211
0.16091954022988508
0.5655172413793104
0.13545816733067728
0.656
0.16666666666666663
0.11560693641618502
0.2471910112359551
0.2098765432098766
0.6788990825688073
0.7433628318584071
0.6721311475409837
0.21301775147928992
0.23913043478260865
0.19047619047619047
0.34523809523809523
0.12068965517241381
0.19565217391304346
0.4565217391304348
0.7321428571428572
0.5774647887323944
0.15827338129496404
0.7321428571428572
0.2637362637362637
0.7433628318584071
0.5061728395061729
0.56
0.2696629213483146
0.3125
0.19999999999999996
0.20087336244541487
0.05405405405405406
0.14035087719298245
0.4545454545454546
0.0444444444444444
0.15503875968992253
0.06349206349206349
0.037267080745341574
0.04395604395604391
0.1188118811881188
0.13793103448275867
0.2857142857142857
1.0
0.07999999999999996
0.06593406593406592
0.22580645161290325
0.41666666666666663
0.09836065573770492
0.0714285714285714
0.05217391304347829
0.0888888888888889
0.4
0.1333333333333333
0.07999999999999996
0.0674157303370787
0.1578947368421053
0.125
0.24
0.9523809523809523
0.054545454545454564
0.15189873417721522
0.06504065040650409
0.10441767068273089
0.07207207207207211
0.09621993127147765
0.09782608695652173
0.17100371747211895
0.09205020920502094
0.11695906432748537
0.17449664429530198
0.19047619047619047
0.1507537688442211
0.09782608695652173
0.1071428571428571
0.1435406698564593
0.1709401709401709
0.1351351351351351
0.20661157024793386
0.30487804878048785
0.06382978723404253
0.3144654088050315
0.13913043478260867
0.09782608695652173
0.26347305389221554
0.05217391304347829
0.35460992907801414
0.13461538461538458
0.25274725274725274
0.2222222222222222
0.23529411764705888
0.3184713375796179
0.1785714285714286
0.07339449541284404
0.0732984293193717
0.046511627906976716
0.08383233532934131
0.07457627118644072
0.06730769230769229
0.05714285714285716
0.20560747663551404
0.136986301369863
0.11382113821138207
0.11612903225806448
0.11538461538461542
0.10909090909090913
0.08653846153846156
0.06896551724137934
0.11834319526627224
0.05607476635514019
0.07894736842105265
0.045454545454545414
0.11180124223602483
0.11920529801324509
0.10778443113772451
0.09722222222222221
0.10679611650485432
0.08205128205128209
0.11347517730496459
0.06763285024154586
0.06106870229007633
0.02941176470588236
0.04278074866310155
0.08181818181818179
0.052631578947368474
0.1063829787234043
0.1515151515151515
0.1511335012594458
0.10256410256410253
0.10830324909747291
0.04629629629629628
0.11070110701107017
0.15573770491803274
0.07758620689655171
0.21276595744680848
0.128755364806867
0.10989010989010994
0.03448275862068961
0.03508771929824561
0.16216216216216217
0.1071428571428571
0.08620689655172409
0.213903743315508
0.040000000000000036
0.20105820105820105
0.04694835680751175
0.12195121951219512
0.125
0.17391304347826086
0.047169811320754707
0.10989010989010994
0.023255813953488413
0.0636363636363636
0.050761421319796995
0.10526315789473684
0.07155635062611809
0.07801418439716312
0.1428571428571429
0.19999999999999996
0.12650602409638556
0.1802575107296137
0.16793893129770987
0.12612612612612617
0.1694915254237288
0.10476190476190472
0.20408163265306123
0.19310344827586212
0.21105527638190957
0.2137404580152672
0.1854304635761589
0.15311004784688997
0.09826589595375723
0.18181818181818177
0.06024096385542166
0.19889502762430944
0.134020618556701
0.18834080717488788
0.16393442622950816
0.20999999999999996
0.16766467065868262
0.1581920903954802
0.2692307692307693
0.15384615384615385
0.16541353383458646
0.13636363636363635
0.28787878787878785
0.06798866855524077
0.15454545454545454
0.043636363636363584
0.17431192660550454
0.051522248243559665
0.13286713286713292
0.09565217391304348
0.08571428571428574
0.06756756756756754
0.15714285714285714
0.09326424870466321
0.16000000000000003
0.17322834645669294
0.03738317757009346
0.06711409395973156
0.1382113821138211
0.06343283582089554
0.19895287958115182
0.07194244604316546
0.14049586776859502
0.22093023255813948
0.1725490196078432
0.1297709923664122
0.17518248175182483
0.11483253588516751
0.1573770491803279
0.15384615384615385
0.044609665427509326
0.21105527638190957
0.20858895705521474
0.06976744186046513
0.05277044854881263
