0.0
0.08163265306122448
0.2608695652173913
0.15555555555555556
0.020833333333333332
0.0
0.023809523809523808
0.08333333333333333
0.02127659574468085
0.2777777777777778
0.4117647058823529
0.4117647058823529
0.0
0.11764705882352941
0.0
0.019230769230769232
0.375
0.0
0.037037037037037035
0.0
0.4
0.4666666666666667
0.0
0.045454545454545456
0.4
0.0
0.0
0.041666666666666664
0.0
0.013513513513513514
0.038461538461538464
0.09375
0.025974025974025976
0.1
0.0
0.0
0.05
0.0
0.0
0.02857142857142857
0.03125
0.0
0.0
0.046511627906976744
0.01694915254237288
0.0
0.0
0.0
0.0
0.0
0.0
0.0
0.0
0.0
0.0
0.0
0.0
0.0
0.0
0.0
0.0
0.0
0.0
0.0
0.0
0.0
0.0
0.0
0.0
0.0
0.0
0.0
0.0
0.0
0.0
0.034482758620689655
0.0
0.0
0.0
0.0
0.0
0.0
0.0
0.0
0.0
0.0
0.0
0.0
0.0
0.07142857142857142
0.15789473684210525
0.2
0.0
0.0
0.0
0.6
0.0
0.07692307692307693
0.16666666666666666
0.2
0.25
0.0
0.42857142857142855
0.1
0.75
0.0
0.05555555555555555
0.25
0.0
0.4
0.0
0.0
0.21428571428571427
0.4
0.0
0.4
0.0
0.0
0.2222222222222222
0.14814814814814814
0.07692307692307693
0.05555555555555555
0.022727272727272728
0.12
0.2
0.05555555555555555
0.08
0.2
0.10526315789473684
0.23076923076923078
0.0
0.06818181818181818
0.038461538461538464
0.0
0.0
0.0
0.15
0.21428571428571427
0.0
0.2
0.15789473684210525
0.07407407407407407
0.1
0.1875
0.041666666666666664
0.058823529411764705
0.0
0.05454545454545454
0.05128205128205128
0.10526315789473684
0.022727272727272728
0.06451612903225806
0.08823529411764706
0.0
0.02631578947368421
0.08333333333333333
0.0
0.0
0.05263157894736842
0.0
0.05357142857142857
0.02702702702702703
0.013333333333333334
0.0
0.05128205128205128
0.0
0.03225806451612903
0.10344827586206896
0.02857142857142857
0.05405405405405406
0.03636363636363636
0.0
0.0
0.036585365853658534
0.0
0.11864406779661017
0.14285714285714285
0.125
0.1568627450980392
0.04878048780487805
0.11764705882352941
0.06060606060606061
0.11538461538461539
0.0847457627118644
0.15555555555555556
0.3
0.17142857142857143
0.19230769230769232
0.1111111111111111
0.2857142857142857
0.06818181818181818
0.1111111111111111
0.14285714285714285
0.03225806451612903
0.09090909090909091
0.045454545454545456
0.22857142857142856
0.0
0.08333333333333333
0.0
0.11428571428571428
0.07272727272727272
0.075
0.0
0.0
0.15789473684210525
0.0
0.0
0.0
0.4444444444444444
0.058823529411764705
0.3333333333333333
0.125
0.13333333333333333
0.0
0.0
0.0
0.08571428571428572
0.0
0.0
0.18181818181818182
0.0
0.09090909090909091
0.3333333333333333
0.3333333333333333
0.045454545454545456
0.045454545454545456
0.0
0.3333333333333333
0.0
0.06666666666666667
0.0
0.0
0.075
0.0
0.11538461538461539
0.03333333333333333
0.06779661016949153
0.029850746268656716
0.08571428571428572
0.03773584905660377
0.11627906976744186
0.06666666666666667
0.075
0.14634146341463414
0.029411764705882353
0.06172839506172839
0.015625
0.175
0.0
0.05084745762711865
0.061224489795918366
0.1956521739130435
0.07894736842105263
0.028985507246376812
0.022727272727272728
0.0
0.0392156862745098
0.03225806451612903
0.0
0.18421052631578946
0.03571428571428571
0.0125
0.04918032786885246
0.011363636363636364
0.028169014084507043
0.015384615384615385
0.061224489795918366
0.0379746835443038
0.09523809523809523
0.07142857142857142
0.14285714285714285
0.043478260869565216
0.09090909090909091
0.03773584905660377
0.02127659574468085
0.12
0.06097560975609756
0.041666666666666664
0.0425531914893617
0.08333333333333333
0.0
0.0
0.045454545454545456
0.06756756756756757
0.05172413793103448
0.0625
0.06521739130434782
0.04225352112676056
0.07317073170731707
0.0
0.16279069767441862
0.07692307692307693
0.07692307692307693
0.0
0.09090909090909091
0.08333333333333333
0.125
0.0
0.02857142857142857
0.0
0.05555555555555555
0.08823529411764706
0.0
0.0
0.0
0.10810810810810811
0.046511627906976744
0.07692307692307693
0.02564102564102564
0.058823529411764705
0.0
0.17142857142857143
0.029411764705882353
0.125
0.05128205128205128
0.09375
0.05263157894736842
0.06060606060606061
0.0
0.02702702702702703
0.0
0.03333333333333333
0.0
0.0
0.0
0.0
0.0
0.0
0.0
0.0
0.0
0.0
0.0
0.0
0.0
0.0
0.0
0.0
0.0
0.0
0.0
0.0
0.0
0.0
0.0
0.0
0.0
0.0
0.0
0.0
0.0
0.0
0.028985507246376812
0.042105263157894736
0.11538461538461539
0.017543859649122806
0.07692307692307693
0.03571428571428571
0.02127659574468085
0.06451612903225806
0.1
0.046511627906976744
0.03773584905660377
0.0196078431372549
0.023809523809523808
0.1724137931034483
0.0684931506849315
0.0967741935483871
0.05454545454545454
0.11764705882352941
0.0
0.09090909090909091
0.09523809523809523
0.0
0.07272727272727272
0.1590909090909091
0.06818181818181818
0.22807017543859648
0.058823529411764705
0.017857142857142856
0.12962962962962962
0.06
0.027777777777777776
0.0
0.0
0.0
0.02
0.0
0.0
0.0
0.0
0.0
0.0
0.0
0.0
0.0
0.0
0.1111111111111111
0.0
0.0
0.0
0.0
0.030303030303030304
0.0
0.03571428571428571
0.0
0.0
0.0
0.0
0.0
0.09090909090909091
0.0
0.11764705882352941
0.034482758620689655
0.5
0.04878048780487805
0.5333333333333333
0.0
0.0
0.0
0.12
0.5833333333333334
0.6153846153846154
0.5714285714285714
0.16
0.0
0.10526315789473684
0.2222222222222222
0.0
0.0
0.3103448275862069
0.6666666666666666
0.5
0.0
0.6666666666666666
0.0
0.6153846153846154
0.4
0.4166666666666667
0.07692307692307693
0.23076923076923078
0.0
0.2
0.0
0.0
0.4
0.0
0.09523809523809523
0.0
0.0
0.0
0.0
0.0
0.1
1.0
0.0
0.0
0.0
0.3333333333333333
0.0
0.0
0.0
0.0
0.16666666666666666
0.0
0.0
0.0
0.0
0.0
0.0
0.5
0.0
0.0
0.0
0.020833333333333332
0.02531645569620253
0.02040816326530612
0.0
0.16279069767441862
0.0
0.0
0.037037037037037035
0.1
0.027777777777777776
0.0
0.0
0.02564102564102564
0.0
0.0
0.175
0.16
0.0
0.10344827586206896
0.125
0.0
0.10344827586206896
0.0
0.15384615384615385
0.0
0.20689655172413793
0.14705882352941177
0.047619047619047616
0.24
0.06666666666666667
0.02666666666666667
0.0
0.0
0.0
0.02040816326530612
0.0
0.0
0.058823529411764705
0.0
0.0
0.0
0.0
0.0
0.0
0.0
0.037037037037037035
0.0
0.0
0.0
0.0
0.0
0.0
0.0
0.02857142857142857
0.0
0.0
0.0
0.0
0.0
0.0
0.0
0.0
0.11627906976744186
0.023809523809523808
0.06896551724137931
0.03389830508474576
0.11904761904761904
0.0
0.09302325581395349
0.0
0.0
0.0
0.10526315789473684
0.09523809523809523
0.0
0.0
0.0
0.09090909090909091
0.0
0.07142857142857142
0.0
0.034482758620689655
0.0
0.07692307692307693
0.046511627906976744
0.06060606060606061
0.0
0.09523809523809523
0.0
0.0
0.0
0.0
0.033707865168539325
0.017543859649122806
0.0
0.18181818181818182
0.14
0.11428571428571428
0.043478260869565216
0.05263157894736842
0.041666666666666664
0.05555555555555555
0.08695652173913043
0.08333333333333333
0.16129032258064516
0.045454545454545456
0.12
0.12121212121212122
0.08928571428571429
0.09375
0.0
0.09375
0.02631578947368421
0.15151515151515152
0.06666666666666667
0.1724137931034483
0.23076923076923078
0.10344827586206896
0.23809523809523808
0.11764705882352941
0.043478260869565216
0.041666666666666664
0.18181818181818182
0.0
0.09090909090909091
0.0
0.1
0.023809523809523808
0.075
0.02631578947368421
0.0
0.0
0.045454545454545456
0.0
0.10810810810810811
0.09090909090909091
0.0
0.0
0.0
0.01098901098901099
0.03571428571428571
0.0
0.05
0.04
0.12121212121212122
0.027777777777777776
0.08333333333333333
0.029411764705882353
0.06818181818181818
0.05555555555555555
0.0
0.06666666666666667
0.0
0.0
0.016666666666666666
