0.4
0.8
0.8
0.8
0.5
0.1
0.4
0.4
0.4
0.6
0.7
0.7
0.3
0.4
0.2
0.5
0.6
0.4
0.3
0.4
0.6
0.7
0.3
0.3
0.6
0.4
0.5
0.3
0.4
0.4
0.2
0.4
0.3333333333333333
0.3333333333333333
0.13333333333333333
0.0
0.13333333333333333
0.0
0.13333333333333333
0.2
0.2
0.0
0.0
0.3333333333333333
0.3333333333333333
0.13333333333333333
0.13333333333333333
0.06666666666666667
0.13333333333333333
0.06666666666666667
0.13333333333333333
0.0
0.13333333333333333
0.26666666666666666
0.13333333333333333
0.13333333333333333
0.06666666666666667
0.2
0.5
0.5
0.5
0.5
0.5
0.5
0.25
0.25
0.25
0.25
0.5
0.5
0.0
0.25
0.5
0.75
0.5
0.75
0.25
0.5
0.25
0.25
0.75
0.25
0.25
0.5
0.5
0.25
0.5
0.6
0.8
0.6
1.0
0.8
0.2
0.2
0.2
0.8
0.2
0.8
0.6
0.4
0.8
0.6
0.8
0.8
0.8
0.6
0.6
0.4
0.2
1.0
0.4
0.4
0.8
1.0
0.6
0.6
0.4444444444444444
0.5555555555555556
0.7777777777777778
0.8888888888888888
0.7777777777777778
0.4444444444444444
0.5555555555555556
0.6666666666666666
0.6666666666666666
0.3333333333333333
0.6666666666666666
0.7777777777777778
0.4444444444444444
0.5555555555555556
0.3333333333333333
0.7777777777777778
0.5555555555555556
0.4444444444444444
0.2222222222222222
0.3333333333333333
0.6666666666666666
0.6666666666666666
0.2222222222222222
0.7777777777777778
0.6666666666666666
0.7777777777777778
0.7777777777777778
0.5555555555555556
0.7777777777777778
0.4
0.3
0.7
0.35
0.4
0.3
0.6
0.4
0.2
0.2
0.45
0.15
0.05
0.65
0.25
0.5
0.3
0.4
0.1
0.35
0.1
0.2
0.3
0.35
0.35
0.5
0.3
0.2
0.6
0.23076923076923078
0.6923076923076923
0.6153846153846154
0.7692307692307693
0.7692307692307693
0.6153846153846154
0.6153846153846154
0.46153846153846156
0.6923076923076923
0.7692307692307693
0.7692307692307693
0.5384615384615384
0.6153846153846154
0.5384615384615384
0.3076923076923077
0.8461538461538461
0.6923076923076923
0.5384615384615384
0.5384615384615384
0.46153846153846156
0.3076923076923077
0.5384615384615384
0.8461538461538461
0.3076923076923077
0.5384615384615384
0.0
0.5384615384615384
0.6923076923076923
0.5384615384615384
0.2222222222222222
0.2222222222222222
0.6666666666666666
0.6666666666666666
0.3333333333333333
0.1111111111111111
0.6666666666666666
0.3333333333333333
0.5555555555555556
0.2222222222222222
0.6666666666666666
0.2222222222222222
0.1111111111111111
0.1111111111111111
0.6666666666666666
0.2222222222222222
0.3333333333333333
0.6666666666666666
0.1111111111111111
0.4444444444444444
0.5555555555555556
0.5555555555555556
0.4444444444444444
0.4444444444444444
0.1111111111111111
0.5555555555555556
0.3333333333333333
0.4444444444444444
0.0
0.3333333333333333
0.3333333333333333
0.23809523809523808
0.5238095238095238
0.47619047619047616
0.6190476190476191
0.5238095238095238
0.3333333333333333
0.38095238095238093
0.47619047619047616
0.38095238095238093
0.38095238095238093
0.5238095238095238
0.19047619047619047
0.5714285714285714
0.42857142857142855
0.42857142857142855
0.23809523809523808
0.47619047619047616
0.38095238095238093
0.7142857142857143
0.42857142857142855
0.47619047619047616
0.3333333333333333
0.38095238095238093
0.42857142857142855
0.42857142857142855
0.23809523809523808
0.6190476190476191
0.42857142857142855
0.6190476190476191
0.28
0.4
0.4
0.28
0.24
0.28
0.28
0.32
0.44
0.28
0.32
0.2
0.12
0.36
0.52
0.28
0.32
0.24
0.12
0.08
0.16
0.44
0.32
0.2
0.32
0.52
0.28
0.16
0.36
0.44
0.4
0.0
0.35
0.3
0.3
0.1
0.3
0.05
0.4
0.3
0.1
0.0
0.05
0.35
0.4
0.4
0.35
0.2
0.1
0.55
0.15
0.3
0.45
0.25
0.4
0.25
0.2
0.3
0.05
0.55
0.3333333333333333
0.3333333333333333
0.6666666666666666
0.3333333333333333
0.3333333333333333
0.0
0.3333333333333333
0.0
0.0
0.0
0.3333333333333333
0.0
0.0
0.3333333333333333
0.6666666666666666
0.6666666666666666
0.6666666666666666
0.3333333333333333
0.0
0.0
0.0
0.0
0.3333333333333333
0.3333333333333333
0.0
0.0
0.3333333333333333
0.0
0.0
0.3333333333333333
0.3157894736842105
0.5789473684210527
0.6842105263157895
0.3157894736842105
0.631578947368421
0.5263157894736842
0.3684210526315789
0.42105263157894735
0.5789473684210527
0.21052631578947367
0.3157894736842105
0.3157894736842105
0.2631578947368421
0.6842105263157895
0.631578947368421
0.5263157894736842
0.3684210526315789
0.3684210526315789
0.21052631578947367
0.47368421052631576
0.47368421052631576
0.10526315789473684
0.5789473684210527
0.5263157894736842
0.3157894736842105
0.6842105263157895
0.47368421052631576
0.21052631578947367
0.5263157894736842
0.3157894736842105
0.14285714285714285
0.14285714285714285
0.21428571428571427
0.0
0.21428571428571427
0.42857142857142855
0.35714285714285715
0.21428571428571427
0.21428571428571427
0.2857142857142857
0.2857142857142857
0.21428571428571427
0.07142857142857142
0.2857142857142857
0.21428571428571427
0.5
0.35714285714285715
0.07142857142857142
0.2857142857142857
0.14285714285714285
0.35714285714285715
0.14285714285714285
0.42857142857142855
0.0
0.07142857142857142
0.07142857142857142
0.14285714285714285
0.07142857142857142
0.42857142857142855
0.07142857142857142
0.75
0.75
0.875
0.875
0.875
0.375
0.5
0.25
0.75
0.75
0.875
0.875
0.875
0.25
0.75
0.875
0.375
0.375
1.0
0.75
0.75
0.5
0.75
0.5
0.875
0.75
0.75
0.625
0.625
0.125
0.875
1.0
0.6666666666666666
1.0
1.0
1.0
0.6666666666666666
0.6666666666666666
0.0
0.6666666666666666
0.0
1.0
1.0
0.0
0.0
1.0
1.0
0.0
0.3333333333333333
0.6666666666666666
0.3333333333333333
0.6666666666666666
0.3333333333333333
0.0
0.3333333333333333
0.6666666666666666
0.0
0.0
0.6666666666666666
0.3333333333333333
0.3333333333333333
0.3333333333333333
0.4375
0.375
0.4375
0.125
0.625
0.3125
0.375
0.25
0.4375
0.5
0.125
0.125
0.3125
0.1875
0.25
0.6875
0.375
0.0
0.5
0.6875
0.125
0.375
0.0
0.5
0.25
0.5625
0.5625
0.125
0.625
0.3125
0.375
0.4166666666666667
0.08333333333333333
0.3333333333333333
0.4166666666666667
0.4166666666666667
0.16666666666666666
0.25
0.08333333333333333
0.3333333333333333
0.16666666666666666
0.16666666666666666
0.16666666666666666
0.16666666666666666
0.0
0.3333333333333333
0.25
0.25
0.08333333333333333
0.08333333333333333
0.08333333333333333
0.16666666666666666
0.25
0.25
0.4166666666666667
0.16666666666666666
0.4166666666666667
0.08333333333333333
0.08333333333333333
0.0
0.25
0.25
0.45
0.2
0.45
0.35
0.45
0.15
0.4
0.1
0.25
0.05
0.4
0.45
0.0
0.1
0.1
0.35
0.0
0.15
0.1
0.1
0.15
0.25
0.2
0.25
0.1
0.45
0.0
0.15
0.05
0.1
0.4
0.5714285714285714
0.14285714285714285
0.6428571428571429
0.8571428571428571
0.6428571428571429
0.2857142857142857
0.42857142857142855
0.21428571428571427
0.6428571428571429
0.5
0.2857142857142857
0.6428571428571429
0.2857142857142857
0.42857142857142855
0.7142857142857143
0.6428571428571429
0.5
0.14285714285714285
0.5
0.42857142857142855
0.7142857142857143
0.42857142857142855
0.6428571428571429
0.7142857142857143
0.5714285714285714
0.5
0.42857142857142855
0.14285714285714285
0.2857142857142857
0.42857142857142855
0.2857142857142857
0.6666666666666666
0.16666666666666666
0.5833333333333334
0.5
0.75
0.4166666666666667
0.16666666666666666
0.08333333333333333
0.25
0.25
0.6666666666666666
0.5833333333333334
0.0
0.08333333333333333
0.3333333333333333
0.5833333333333334
0.3333333333333333
0.16666666666666666
0.5
0.3333333333333333
0.6666666666666666
0.5
0.6666666666666666
0.5
0.6666666666666666
0.6666666666666666
0.16666666666666666
0.5
0.25
0.25
0.25
