0.0
0.36363636363636365
0.5454545454545454
0.6363636363636364
0.09090909090909091
0.0
0.09090909090909091
0.18181818181818182
0.09090909090909091
0.45454545454545453
0.6363636363636364
0.6363636363636364
0.0
0.18181818181818182
0.0
0.09090909090909091
0.5454545454545454
0.0
0.09090909090909091
0.0
0.5454545454545454
0.6363636363636364
0.0
0.09090909090909091
0.5454545454545454
0.0
0.0
0.09090909090909091
0.0
0.05263157894736842
0.05263157894736842
0.15789473684210525
0.10526315789473684
0.15789473684210525
0.0
0.0
0.05263157894736842
0.0
0.0
0.05263157894736842
0.05263157894736842
0.0
0.0
0.10526315789473684
0.05263157894736842
0.0
0.0
0.0
0.0
0.0
0.0
0.0
0.0
0.0
0.0
0.0
0.0
0.0
0.0
0.0
0.0
0.0
0.0
0.0
0.0
0.0
0.0
0.0
0.0
0.0
0.0
0.0
0.0
0.0
0.0
0.3333333333333333
0.0
0.0
0.0
0.0
0.0
0.0
0.0
0.0
0.0
0.0
0.0
0.0
0.0
0.25
0.75
0.5
0.0
0.0
0.0
0.75
0.0
0.25
0.25
0.25
0.5
0.0
0.75
0.25
0.75
0.0
0.25
0.25
0.0
1.0
0.0
0.0
0.75
1.0
0.0
0.5
0.0
0.0
0.4444444444444444
0.4444444444444444
0.3333333333333333
0.1111111111111111
0.1111111111111111
0.3333333333333333
0.3333333333333333
0.1111111111111111
0.2222222222222222
0.3333333333333333
0.2222222222222222
0.3333333333333333
0.0
0.3333333333333333
0.1111111111111111
0.0
0.0
0.0
0.3333333333333333
0.3333333333333333
0.0
0.3333333333333333
0.3333333333333333
0.2222222222222222
0.3333333333333333
0.3333333333333333
0.2222222222222222
0.125
0.0
0.125
0.08333333333333333
0.16666666666666666
0.041666666666666664
0.16666666666666666
0.125
0.0
0.041666666666666664
0.16666666666666666
0.0
0.0
0.125
0.0
0.125
0.041666666666666664
0.041666666666666664
0.0
0.08333333333333333
0.0
0.041666666666666664
0.125
0.041666666666666664
0.08333333333333333
0.08333333333333333
0.0
0.0
0.125
0.0
0.5
0.42857142857142855
0.5
0.5714285714285714
0.14285714285714285
0.42857142857142855
0.14285714285714285
0.42857142857142855
0.35714285714285715
0.5
0.42857142857142855
0.42857142857142855
0.35714285714285715
0.21428571428571427
0.7142857142857143
0.21428571428571427
0.2857142857142857
0.35714285714285715
0.07142857142857142
0.14285714285714285
0.14285714285714285
0.5714285714285714
0.0
0.35714285714285715
0.0
0.2857142857142857
0.2857142857142857
0.42857142857142855
0.0
0.0
0.375
0.0
0.0
0.0
0.5
0.125
0.375
0.125
0.25
0.0
0.0
0.0
0.375
0.0
0.0
0.25
0.0
0.125
0.375
0.375
0.125
0.125
0.0
0.375
0.0
0.125
0.0
0.0
0.12
0.0
0.24
0.08
0.16
0.08
0.12
0.08
0.2
0.12
0.12
0.24
0.04
0.2
0.04
0.28
0.0
0.12
0.12
0.36
0.12
0.08
0.04
0.0
0.08
0.08
0.0
0.28
0.08
0.04
0.09090909090909091
0.030303030303030304
0.06060606060606061
0.030303030303030304
0.09090909090909091
0.09090909090909091
0.12121212121212122
0.12121212121212122
0.21212121212121213
0.06060606060606061
0.12121212121212122
0.06060606060606061
0.030303030303030304
0.18181818181818182
0.15151515151515152
0.06060606060606061
0.06060606060606061
0.09090909090909091
0.0
0.0
0.06060606060606061
0.15151515151515152
0.09090909090909091
0.09090909090909091
0.09090909090909091
0.09090909090909091
0.09090909090909091
0.0
0.21212121212121213
0.18181818181818182
0.1111111111111111
0.0
0.1111111111111111
0.1111111111111111
0.14814814814814814
0.0
0.037037037037037035
0.0
0.07407407407407407
0.1111111111111111
0.0
0.0
0.0
0.14814814814814814
0.07407407407407407
0.1111111111111111
0.037037037037037035
0.07407407407407407
0.0
0.2222222222222222
0.037037037037037035
0.14814814814814814
0.07407407407407407
0.1111111111111111
0.07407407407407407
0.07407407407407407
0.0
0.037037037037037035
0.0
0.07407407407407407
0.0
0.0
0.0
0.0
0.0
0.0
0.0
0.0
0.0
0.0
0.0
0.0
0.0
0.0
0.0
0.0
0.0
0.0
0.0
0.0
0.0
0.0
0.0
0.0
0.0
0.0
0.0
0.0
0.0
0.0
0.06451612903225806
0.25806451612903225
0.1935483870967742
0.03225806451612903
0.12903225806451613
0.06451612903225806
0.03225806451612903
0.12903225806451613
0.1935483870967742
0.06451612903225806
0.06451612903225806
0.03225806451612903
0.03225806451612903
0.3225806451612903
0.16129032258064516
0.1935483870967742
0.0967741935483871
0.1935483870967742
0.0
0.16129032258064516
0.12903225806451613
0.0
0.12903225806451613
0.22580645161290322
0.0967741935483871
0.41935483870967744
0.0967741935483871
0.03225806451612903
0.22580645161290322
0.0967741935483871
0.07692307692307693
0.0
0.0
0.0
0.07692307692307693
0.0
0.0
0.0
0.0
0.0
0.0
0.0
0.0
0.0
0.0
0.23076923076923078
0.0
0.0
0.0
0.0
0.07692307692307693
0.0
0.07692307692307693
0.0
0.0
0.0
0.0
0.0
0.15384615384615385
0.0
0.4
0.1
0.8
0.2
0.8
0.0
0.0
0.0
0.3
0.7
0.8
0.8
0.4
0.0
0.2
0.6
0.0
0.0
0.9
0.8
0.8
0.0
0.8
0.0
0.8
0.8
0.5
0.1
0.3
0.0
0.7
0.0
0.0
1.0
0.0
1.0
0.0
0.0
0.0
0.0
0.0
0.5
1.0
0.0
0.0
0.0
1.0
0.0
0.0
0.0
0.0
0.5
0.0
0.0
0.0
0.0
0.0
0.0
0.5
0.0
0.0
0.0
0.058823529411764705
0.11764705882352941
0.058823529411764705
0.0
0.4117647058823529
0.0
0.0
0.058823529411764705
0.17647058823529413
0.058823529411764705
0.0
0.0
0.058823529411764705
0.0
0.0
0.4117647058823529
0.23529411764705882
0.0
0.17647058823529413
0.29411764705882354
0.0
0.17647058823529413
0.0
0.23529411764705882
0.0
0.35294117647058826
0.29411764705882354
0.058823529411764705
0.35294117647058826
0.11764705882352941
0.11764705882352941
0.0
0.0
0.0
0.09090909090909091
0.0
0.0
0.09090909090909091
0.0
0.0
0.0
0.0
0.0
0.0
0.0
0.09090909090909091
0.0
0.0
0.0
0.0
0.0
0.0
0.0
0.09090909090909091
0.0
0.0
0.0
0.0
0.0
0.0
0.0
0.0
0.18518518518518517
0.037037037037037035
0.14814814814814814
0.07407407407407407
0.18518518518518517
0.0
0.14814814814814814
0.0
0.0
0.0
0.14814814814814814
0.14814814814814814
0.0
0.0
0.0
0.14814814814814814
0.0
0.07407407407407407
0.0
0.037037037037037035
0.0
0.1111111111111111
0.07407407407407407
0.07407407407407407
0.0
0.14814814814814814
0.0
0.0
0.0
0.0
0.1111111111111111
0.06666666666666667
0.0
0.4
0.4666666666666667
0.26666666666666666
0.06666666666666667
0.13333333333333333
0.06666666666666667
0.13333333333333333
0.13333333333333333
0.13333333333333333
0.3333333333333333
0.06666666666666667
0.2
0.26666666666666666
0.3333333333333333
0.2
0.0
0.2
0.06666666666666667
0.3333333333333333
0.13333333333333333
0.3333333333333333
0.4
0.2
0.3333333333333333
0.26666666666666666
0.06666666666666667
0.06666666666666667
0.26666666666666666
0.0
0.21428571428571427
0.0
0.21428571428571427
0.14285714285714285
0.21428571428571427
0.07142857142857142
0.0
0.0
0.07142857142857142
0.0
0.2857142857142857
0.21428571428571427
0.0
0.0
0.0
0.07142857142857142
0.07142857142857142
0.0
0.14285714285714285
0.07142857142857142
0.2857142857142857
0.07142857142857142
0.21428571428571427
0.07142857142857142
0.21428571428571427
0.14285714285714285
0.0
0.14285714285714285
0.0
0.0
0.07142857142857142
