0.0
0.020833333333333332
0.19047619047619047
0.11363636363636363
0.0
0.0
0.0
0.0
0.0
0.1875
0.3333333333333333
0.3333333333333333
0.0
0.0
0.0
0.0
0.2857142857142857
0.0
0.0
0.0
0.3076923076923077
0.38461538461538464
0.0
0.0
0.3076923076923077
0.0
0.0
0.0
0.0
0.0
0.0
0.0
0.0
0.0
0.0
0.0
0.0
0.0
0.0
0.0
0.0
0.0
0.0
0.0
0.0
0.0
0.0
0.0
0.0
0.0
0.0
0.0
0.0
0.0
0.0
0.0
0.0
0.0
0.0
0.0
0.0
0.0
0.0
0.0
0.0
0.0
0.0
0.0
0.0
0.0
0.0
0.0
0.0
0.0
0.0
0.0
0.0
0.0
0.0
0.0
0.0
0.0
0.0
0.0
0.0
0.0
0.0
0.0
0.0
0.0
0.0
0.0
0.0
0.0
0.0
0.3333333333333333
0.0
0.0
0.0
0.0
0.0
0.0
0.2
0.0
0.5
0.0
0.0
0.0
0.0
0.25
0.0
0.0
0.07142857142857142
0.25
0.0
0.0
0.0
0.0
0.058823529411764705
0.0
0.0
0.0
0.0
0.0
0.07692307692307693
0.0
0.0
0.07692307692307693
0.0
0.09090909090909091
0.0
0.0
0.0
0.0
0.0
0.0
0.05555555555555555
0.0
0.0
0.0
0.058823529411764705
0.0
0.0
0.07142857142857142
0.0
0.018867924528301886
0.0
0.0
0.0
0.05
0.0
0.014084507042253521
0.0
0.0
0.0
0.0
0.0
0.0
0.0
0.0
0.016666666666666666
0.0
0.0
0.0
0.0
0.0
0.0
0.03333333333333333
0.0
0.0
0.0
0.0
0.0
0.0
0.0
0.045454545454545456
0.06521739130434782
0.05970149253731343
0.09259259259259259
0.0
0.05454545454545454
0.0
0.05
0.046875
0.07692307692307693
0.2
0.07894736842105263
0.07407407407407407
0.07407407407407407
0.10256410256410256
0.0
0.08333333333333333
0.1111111111111111
0.0
0.0
0.0
0.1282051282051282
0.0
0.041666666666666664
0.0
0.08108108108108109
0.0
0.04597701149425287
0.0
0.0
0.0
0.0
0.0
0.0
0.125
0.0
0.0
0.0
0.0
0.0
0.0
0.0
0.0
0.0
0.0
0.0
0.0
0.0
0.0
0.0
0.0
0.0
0.0
0.0
0.0
0.0
0.0
0.0
0.0
0.0
0.0
0.0
0.0
0.0
0.02857142857142857
0.0
0.0
0.0
0.025
0.045454545454545456
0.0
0.0
0.0
0.06818181818181818
0.0
0.0
0.0
0.057692307692307696
0.0
0.0
0.0
0.0
0.0
0.0
0.0
0.0
0.0
0.0
0.0
0.0
0.0
0.0
0.020833333333333332
0.0
0.04878048780487805
0.01639344262295082
0.0
0.0
0.0
0.0
0.0
0.019230769230769232
0.0
0.0
0.0
0.02857142857142857
0.0
0.0
0.0
0.0
0.0
0.0
0.0
0.0
0.0
0.0
0.021739130434782608
0.025
0.0
0.0
0.0
0.0
0.0
0.0
0.0
0.0
0.0
0.0
0.0
0.0
0.0
0.02564102564102564
0.0
0.0
0.0
0.0
0.0
0.0
0.0
0.0
0.0
0.0
0.0
0.0
0.0
0.0
0.0
0.0
0.0
0.0
0.0
0.0
0.0
0.0
0.0
0.0
0.0
0.0
0.0
0.0
0.0
0.0
0.0
0.0
0.0
0.0
0.0
0.0
0.0
0.0
0.0
0.0
0.0
0.0
0.0
0.0
0.0
0.0
0.0
0.004366812227074236
0.0
0.0
0.0
0.0
0.0
0.0
0.0
0.0
0.0
0.0
0.0
0.028985507246376812
0.0
0.0
0.0
0.016666666666666666
0.0
0.03333333333333333
0.0
0.0
0.01639344262295082
0.019230769230769232
0.0
0.06944444444444445
0.0
0.0
0.015873015873015872
0.0
0.0
0.0
0.0
0.0
0.0
0.0
0.0
0.0
0.0
0.0
0.0
0.0
0.0
0.0
0.0
0.0
0.0
0.0
0.0
0.0
0.0
0.0
0.0
0.0
0.0
0.0
0.0
0.0
0.0
0.0
0.029411764705882353
0.0
0.375
0.0
0.42857142857142855
0.0
0.0
0.0
0.0
0.45454545454545453
0.5
0.46153846153846156
0.0
0.0
0.0
0.10344827586206896
0.0
0.0
0.20689655172413793
0.5454545454545454
0.4
0.0
0.5454545454545454
0.0
0.5
0.3157894736842105
0.2727272727272727
0.0
0.0
0.0
0.08108108108108109
0.0
0.0
0.0
0.0
0.0
0.0
0.0
0.0
0.0
0.0
0.0
0.0
0.0
0.0
0.0
0.0
0.0
0.0
0.0
0.0
0.0
0.0
0.0
0.0
0.0
0.0
0.0
0.0
0.0
0.0
0.0
0.0
0.0
0.0
0.0
0.022222222222222223
0.0
0.0
0.0
0.0
0.0
0.0
0.0
0.0
0.0
0.0
0.023255813953488372
0.041666666666666664
0.0
0.037037037037037035
0.0
0.0
0.037037037037037035
0.0
0.08333333333333333
0.0
0.03333333333333333
0.05714285714285714
0.0
0.038461538461538464
0.0
0.0
0.0
0.0
0.0
0.0
0.0
0.0
0.0
0.0
0.0
0.0
0.0
0.0
0.0
0.0
0.0
0.0
0.0
0.0
0.0
0.0
0.0
0.0
0.0
0.0
0.0
0.0
0.0
0.0
0.0
0.0
0.0
0.0
0.0
0.017241379310344827
0.0
0.0
0.0
0.0
0.0
0.0
0.0
0.0
0.0
0.0
0.0
0.0
0.0
0.0
0.0
0.0
0.0
0.0
0.0
0.0
0.0
0.0
0.0
0.0
0.0
0.0
0.0
0.0
0.0
0.0
0.05555555555555555
0.0
0.0
0.0
0.0
0.0
0.0
0.0
0.0
0.0
0.0
0.0
0.0
0.0
0.0
0.0
0.0
0.0
0.0
0.0
0.0
0.0
0.0
0.0
0.0
0.0
0.0
0.043478260869565216
0.0
0.0
0.0
0.0
0.0
0.0
0.0
0.0
0.0
0.0
0.0
0.0
0.0
0.0
0.0
0.0
0.0
0.0
0.0
0.0
0.0
0.0
0.0
0.0
0.0
0.0
0.0
0.0
0.0
0.0
0.0
0.0
