0.0
0.2
0.5
0.6
0.0
0.0
0.0
0.0
0.0
0.4
0.6
0.6
0.0
0.0
0.0
0.0
0.5
0.0
0.0
0.0
0.5
0.6
0.0
0.0
0.5
0.0
0.0
0.0
0.0
0.0
0.0
0.05263157894736842
0.05263157894736842
0.05263157894736842
0.0
0.0
0.0
0.0
0.0
0.0
0.0
0.0
0.0
0.05263157894736842
0.0
0.0
0.0
0.0
0.0
0.0
0.0
0.0
0.0
0.0
0.0
0.0
0.0
0.0
0.0
0.0
0.0
0.0
0.0
0.0
0.0
0.0
0.0
0.0
0.0
0.0
0.0
0.0
0.0
0.0
0.0
0.0
0.0
0.0
0.0
0.0
0.0
0.0
0.0
0.0
0.0
0.0
0.0
0.0
0.0
0.0
0.3333333333333333
0.0
0.0
0.0
0.0
0.6666666666666666
0.0
0.0
0.0
0.0
0.0
0.0
0.6666666666666666
0.0
0.6666666666666666
0.0
0.0
0.0
0.0
1.0
0.0
0.0
0.6666666666666666
1.0
0.0
0.3333333333333333
0.0
0.0
0.25
0.125
0.125
0.0
0.0
0.125
0.25
0.0
0.125
0.25
0.0
0.25
0.0
0.125
0.0
0.0
0.0
0.0
0.25
0.125
0.0
0.125
0.25
0.0
0.125
0.25
0.0
0.08
0.0
0.0
0.0
0.12
0.0
0.12
0.0
0.0
0.0
0.08
0.0
0.0
0.0
0.0
0.08
0.0
0.0
0.0
0.0
0.0
0.0
0.08
0.0
0.0
0.04
0.0
0.0
0.0
0.0
0.35714285714285715
0.35714285714285715
0.42857142857142855
0.5
0.0
0.35714285714285715
0.0
0.35714285714285715
0.2857142857142857
0.42857142857142855
0.35714285714285715
0.35714285714285715
0.2857142857142857
0.21428571428571427
0.5
0.07142857142857142
0.2857142857142857
0.35714285714285715
0.0
0.07142857142857142
0.07142857142857142
0.5
0.0
0.2857142857142857
0.0
0.2857142857142857
0.07142857142857142
0.35714285714285715
0.0
0.0
0.14285714285714285
0.0
0.0
0.0
0.2857142857142857
0.0
0.14285714285714285
0.0
0.0
0.0
0.0
0.0
0.14285714285714285
0.0
0.0
0.0
0.0
0.0
0.14285714285714285
0.14285714285714285
0.0
0.0
0.0
0.14285714285714285
0.0
0.0
0.0
0.0
0.0
0.0
0.07692307692307693
0.038461538461538464
0.0
0.0
0.07692307692307693
0.0
0.038461538461538464
0.038461538461538464
0.07692307692307693
0.15384615384615385
0.0
0.038461538461538464
0.0
0.19230769230769232
0.0
0.038461538461538464
0.038461538461538464
0.19230769230769232
0.038461538461538464
0.0
0.0
0.0
0.0
0.0
0.0
0.038461538461538464
0.0
0.0
0.0
0.0
0.0
0.0
0.06060606060606061
0.030303030303030304
0.09090909090909091
0.06060606060606061
0.09090909090909091
0.030303030303030304
0.030303030303030304
0.0
0.0
0.09090909090909091
0.030303030303030304
0.0
0.0
0.06060606060606061
0.0
0.0
0.0
0.06060606060606061
0.030303030303030304
0.030303030303030304
0.0
0.0
0.0
0.0
0.09090909090909091
0.09090909090909091
0.03571428571428571
0.0
0.0
0.03571428571428571
0.0
0.0
0.0
0.0
0.03571428571428571
0.0
0.0
0.0
0.0
0.07142857142857142
0.0
0.0
0.0
0.0
0.0
0.03571428571428571
0.0
0.0
0.03571428571428571
0.0
0.0
0.0
0.0
0.0
0.0
0.0
0.0
0.0
0.0
0.0
0.0
0.0
0.0
0.0
0.0
0.0
0.0
0.0
0.0
0.0
0.0
0.0
0.0
0.0
0.0
0.0
0.0
0.0
0.0
0.0
0.0
0.0
0.0
0.0
0.0
0.0
0.0
0.11428571428571428
0.05714285714285714
0.0
0.02857142857142857
0.0
0.0
0.0
0.05714285714285714
0.02857142857142857
0.0
0.0
0.0
0.14285714285714285
0.02857142857142857
0.05714285714285714
0.02857142857142857
0.08571428571428572
0.0
0.08571428571428572
0.05714285714285714
0.0
0.05714285714285714
0.08571428571428572
0.0
0.22857142857142856
0.02857142857142857
0.0
0.11428571428571428
0.02857142857142857
0.0
0.0
0.0
0.0
0.0
0.0
0.0
0.0
0.0
0.0
0.0
0.0
0.0
0.0
0.0
0.08333333333333333
0.0
0.0
0.0
0.0
0.0
0.0
0.0
0.0
0.0
0.0
0.0
0.0
0.08333333333333333
0.0
0.2
0.0
0.7
0.1
0.7
0.0
0.0
0.0
0.1
0.6
0.7
0.7
0.1
0.0
0.0
0.4
0.0
0.0
0.7
0.7
0.7
0.0
0.7
0.0
0.7
0.7
0.4
0.0
0.0
0.0
0.5
0.0
0.0
1.0
0.0
1.0
0.0
0.0
0.0
0.0
0.0
0.0
1.0
0.0
0.0
0.0
1.0
0.0
0.0
0.0
0.0
0.0
0.0
0.0
0.0
0.0
0.0
0.0
0.0
0.0
0.0
0.0
0.0
0.0625
0.0
0.0
0.1875
0.0
0.0
0.0
0.0625
0.0
0.0
0.0
0.0
0.0
0.0
0.1875
0.125
0.0
0.125
0.125
0.0
0.125
0.0
0.1875
0.0
0.1875
0.1875
0.0
0.1875
0.0
0.0625
0.0
0.0
0.0
0.0
0.0
0.0
0.0
0.0
0.0
0.0
0.0
0.0
0.0
0.0
0.0
0.0
0.0
0.0
0.0
0.0
0.0
0.0
0.0
0.0
0.0
0.0
0.0
0.0
0.0
0.0
0.0
0.037037037037037035
0.0
0.07407407407407407
0.0
0.037037037037037035
0.0
0.037037037037037035
0.0
0.0
0.0
0.037037037037037035
0.037037037037037035
0.0
0.0
0.0
0.037037037037037035
0.0
0.037037037037037035
0.0
0.0
0.0
0.037037037037037035
0.0
0.0
0.0
0.037037037037037035
0.0
0.0
0.0
0.0
0.037037037037037035
0.0
0.0
0.26666666666666666
0.13333333333333333
0.13333333333333333
0.0
0.06666666666666667
0.0
0.0
0.06666666666666667
0.06666666666666667
0.13333333333333333
0.0
0.06666666666666667
0.06666666666666667
0.13333333333333333
0.06666666666666667
0.0
0.06666666666666667
0.0
0.13333333333333333
0.06666666666666667
0.13333333333333333
0.13333333333333333
0.06666666666666667
0.13333333333333333
0.13333333333333333
0.0
0.0
0.13333333333333333
0.0
0.06666666666666667
0.0
0.06666666666666667
0.06666666666666667
0.06666666666666667
0.0
0.0
0.0
0.0
0.0
0.13333333333333333
0.06666666666666667
0.0
0.0
0.0
0.0
0.0
0.0
0.0
0.0
0.13333333333333333
0.0
0.06666666666666667
0.0
0.06666666666666667
0.0
0.0
0.06666666666666667
0.0
0.0
0.0
