0.5
0.3
0.375
0.9
0.05555555555555555
0.058823529411764705
0.20833333333333334
0.5263157894736842
0.4117647058823529
0.2222222222222222
0.3333333333333333
0.6666666666666666
0.5833333333333334
0.4838709677419355
0.36363636363636365
0.5
0.35714285714285715
0.3333333333333333
0.36363636363636365
0.5882352941176471
0.42857142857142855
0.23076923076923078
0.23076923076923078
0.25
0.16666666666666666
0.8571428571428571
0.47058823529411764
0.2777777777777778
0.625
0.27586206896551724
0.35714285714285715
0.3333333333333333
0.2631578947368421
0.5
0.4444444444444444
0.2222222222222222
0.2857142857142857
0.36363636363636365
0.625
0.26666666666666666
0.35714285714285715
0.2
0.4
0.3076923076923077
0.3157894736842105
0.21052631578947367
0.6153846153846154
0.3125
0.625
0.6060606060606061
0.38095238095238093
0.5714285714285714
0.6071428571428571
0.17647058823529413
0.3157894736842105
0.2777777777777778
0.29411764705882354
0.25
0.42857142857142855
0.3333333333333333
0.38461538461538464
0.47368421052631576
0.56
0.36363636363636365
0.3181818181818182
0.75
0.5
0.3076923076923077
0.5555555555555556
0.5217391304347826
0.4782608695652174
0.35714285714285715
0.35714285714285715
0.3333333333333333
0.4
0.42857142857142855
0.6538461538461539
0.42857142857142855
0.1
0.6111111111111112
0.5483870967741935
0.4642857142857143
0.2727272727272727
0.26666666666666666
0.8421052631578947
0.16666666666666666
0.36363636363636365
0.11764705882352941
0.27586206896551724
0.5625
0.6956521739130435
0.3793103448275862
0.42857142857142855
0.4
0.1
0.5
0.5
0.4
0.3
0.6666666666666666
0.2
0.20833333333333334
0.125
0.3
0.6666666666666666
0.35
0.2777777777777778
0.5384615384615384
0.2
0.55
0.5185185185185185
0.3684210526315789
0.2857142857142857
0.18181818181818182
0.23076923076923078
0.5454545454545454
0.6153846153846154
0.1875
0.38461538461538464
0.2
0.16666666666666666
0.631578947368421
0.06666666666666667
0.08333333333333333
0.35294117647058826
0.21428571428571427
0.6666666666666666
0.2222222222222222
0.4583333333333333
0.17647058823529413
0.41379310344827586
0.2857142857142857
0.3684210526315789
0.8148148148148148
0.4117647058823529
0.18181818181818182
0.391304347826087
0.38235294117647056
0.6470588235294118
0.56
0.2631578947368421
0.13333333333333333
0.3
0.5384615384615384
0.4782608695652174
0.2631578947368421
0.5
0.45
0.5185185185185185
0.4
0.6
0.3333333333333333
0.6071428571428571
0.7692307692307693
0.37037037037037035
0.35294117647058826
0.35714285714285715
0.3333333333333333
0.47619047619047616
0.17647058823529413
0.5263157894736842
0.4642857142857143
0.35
0.52
0.4375
0.3333333333333333
0.3333333333333333
0.5517241379310345
0.4
0.3333333333333333
0.5833333333333334
0.3
0.375
0.39285714285714285
0.13333333333333333
0.3076923076923077
0.3333333333333333
0.6
0.19230769230769232
0.5555555555555556
0.42857142857142855
0.44
0.13333333333333333
0.38461538461538464
0.25
0.6153846153846154
0.59375
0.36363636363636365
0.13333333333333333
0.24
0.17647058823529413
0.375
0.35
0.2
0.5
0.3333333333333333
0.7916666666666666
0.125
0.6
0.2692307692307692
0.56
0.7407407407407407
0.07142857142857142
0.21428571428571427
0.2222222222222222
0.0
0.64
0.5909090909090909
0.2777777777777778
0.5263157894736842
0.375
0.2631578947368421
0.68
0.55
0.2692307692307692
0.7222222222222222
0.4444444444444444
0.38461538461538464
0.7619047619047619
0.5454545454545454
0.2857142857142857
0.7241379310344828
0.6
0.375
0.4375
0.4666666666666667
0.7857142857142857
0.5185185185185185
0.17391304347826086
0.25
0.4090909090909091
0.6538461538461539
0.16666666666666666
0.5333333333333333
0.4444444444444444
0.2
0.2727272727272727
0.84
0.3684210526315789
0.4782608695652174
0.2857142857142857
0.38095238095238093
0.4
0.5555555555555556
0.38095238095238093
0.2608695652173913
0.5238095238095238
0.1
0.375
0.47619047619047616
0.68
0.8
0.55
0.1111111111111111
0.9047619047619048
0.375
0.5
0.3548387096774194
0.4
0.4375
0.23076923076923078
0.5555555555555556
0.47619047619047616
0.3333333333333333
0.23076923076923078
0.7916666666666666
0.34782608695652173
0.5217391304347826
0.2857142857142857
0.6666666666666666
0.13333333333333333
0.5757575757575758
0.17391304347826086
0.43478260869565216
0.6086956521739131
0.375
0.4444444444444444
0.1
0.42857142857142855
0.15
0.5483870967741935
0.38095238095238093
0.16666666666666666
0.2222222222222222
0.6111111111111112
0.3684210526315789
0.13333333333333333
0.42857142857142855
0.375
0.52
0.47368421052631576
0.3076923076923077
0.4166666666666667
0.0
0.3157894736842105
0.8095238095238095
0.4
0.7
0.38095238095238093
0.3076923076923077
0.6
0.2
0.2222222222222222
0.4
0.3181818181818182
0.7142857142857143
0.47058823529411764
0.4117647058823529
0.8
0.5
0.4230769230769231
0.5714285714285714
0.4074074074074074
0.3125
0.45
0.5652173913043478
0.3157894736842105
0.7142857142857143
0.29411764705882354
0.5666666666666667
0.16666666666666666
0.5217391304347826
0.8947368421052632
0.3333333333333333
0.5555555555555556
0.1875
0.1875
0.3181818181818182
0.2916666666666667
0.0625
0.4782608695652174
0.5862068965517241
0.4230769230769231
0.44
0.23076923076923078
0.21428571428571427
0.2631578947368421
0.5
0.5
0.3125
0.45454545454545453
0.32142857142857145
0.2631578947368421
0.05263157894736842
0.2857142857142857
0.3
0.3
0.25
0.45454545454545453
0.6153846153846154
0.3333333333333333
0.2727272727272727
0.18181818181818182
0.375
0.45454545454545453
0.45454545454545453
0.3181818181818182
0.6
0.5862068965517241
0.6296296296296297
0.2
0.5294117647058824
0.30434782608695654
0.45161290322580644
0.2
0.25
0.5882352941176471
0.6111111111111112
0.5
0.6071428571428571
0.7142857142857143
0.5833333333333334
0.09090909090909091
0.6896551724137931
0.4
0.8
0.4166666666666667
0.6875
0.36363636363636365
0.3076923076923077
0.6
0.21428571428571427
0.3
0.18181818181818182
0.6190476190476191
0.35294117647058826
0.3448275862068966
0.5625
0.8275862068965517
0.38095238095238093
0.2777777777777778
0.4444444444444444
0.4
0.3888888888888889
0.2962962962962963
0.5
0.5909090909090909
0.14285714285714285
0.5925925925925926
0.36
0.42105263157894735
0.06666666666666667
0.3125
0.2
0.21052631578947367
0.21739130434782608
0.4
0.1875
0.2
0.3333333333333333
0.7083333333333334
0.4090909090909091
0.7083333333333334
0.6521739130434783
0.26666666666666666
0.2
0.35294117647058826
0.76
0.3157894736842105
0.46153846153846156
0.5555555555555556
0.18181818181818182
0.3333333333333333
0.2727272727272727
0.6206896551724138
0.8
0.23076923076923078
0.42857142857142855
0.2857142857142857
0.3684210526315789
0.5357142857142857
0.6
0.2857142857142857
0.4838709677419355
0.43478260869565216
0.3333333333333333
0.14285714285714285
0.3333333333333333
0.25
0.36
0.20689655172413793
0.6111111111111112
0.7777777777777778
0.2857142857142857
0.5833333333333334
0.2222222222222222
0.23076923076923078
0.13636363636363635
0.45161290322580644
0.5714285714285714
0.4782608695652174
0.68
0.35
0.2962962962962963
0.46153846153846156
0.6
0.5
0.5
0.2
0.7272727272727273
0.2857142857142857
0.10526315789473684
0.6153846153846154
0.6538461538461539
0.2222222222222222
0.53125
0.15
0.5454545454545454
0.6785714285714286
0.4
0.3333333333333333
0.25
0.09090909090909091
0.6923076923076923
0.25
0.10526315789473684
0.6666666666666666
0.2631578947368421
0.43478260869565216
0.375
0.07692307692307693
0.23529411764705882
0.3
0.23529411764705882
0.18181818181818182
0.3333333333333333
0.7727272727272727
0.5185185185185185
0.36363636363636365
0.1875
0.46153846153846156
0.6071428571428571
0.34782608695652173
0.35714285714285715
0.07692307692307693
0.3333333333333333
0.25
0.6666666666666666
0.38461538461538464
0.2
0.7894736842105263
0.47619047619047616
0.5416666666666666
0.13333333333333333
0.6818181818181818
0.7391304347826086
0.2222222222222222
0.4117647058823529
0.2857142857142857
0.4166666666666667
0.1875
0.4090909090909091
0.2857142857142857
0.23529411764705882
0.48
0.4
0.07142857142857142
0.5263157894736842
0.5789473684210527
0.3333333333333333
0.2727272727272727
0.3076923076923077
0.3157894736842105
0.25
0.6842105263157895
0.16666666666666666
0.5384615384615384
0.4230769230769231
0.18181818181818182
0.29411764705882354
0.23529411764705882
0.5
0.7272727272727273
0.6
0.1111111111111111
0.2857142857142857
0.5
0.46875
0.48
0.6551724137931034
0.14285714285714285
0.07692307692307693
0.2631578947368421
0.6
0.21428571428571427
0.2
0.47058823529411764
0.2222222222222222
0.3076923076923077
0.4
0.4666666666666667
0.6956521739130435
0.6538461538461539
0.5294117647058824
0.5
0.4642857142857143
0.15
0.5263157894736842
0.3548387096774194
0.4375
0.625
0.6
0.21428571428571427
0.23529411764705882
0.5833333333333334
0.36363636363636365
0.5714285714285714
0.68
0.3870967741935484
0.25
0.42857142857142855
0.36
0.5714285714285714
0.5238095238095238
0.09090909090909091
0.13333333333333333
0.3181818181818182
0.4090909090909091
0.36
0.6470588235294118
0.15
0.2608695652173913
0.25
0.3333333333333333
0.21428571428571427
0.6296296296296297
0.46153846153846156
0.6521739130434783
0.43478260869565216
0.2
0.35
0.18181818181818182
0.32
0.6956521739130435
0.4
0.29411764705882354
0.29411764705882354
0.35294117647058826
0.1111111111111111
0.5909090909090909
0.6363636363636364
0.3333333333333333
0.29411764705882354
0.52
0.56
0.46153846153846156
0.5263157894736842
0.15789473684210525
0.6875
0.3333333333333333
0.2777777777777778
0.45454545454545453
0.76
0.20689655172413793
0.5
0.3
0.42857142857142855
0.42105263157894735
0.42105263157894735
0.13333333333333333
0.36363636363636365
0.6470588235294118
0.17647058823529413
0.6071428571428571
0.52
0.2692307692307692
0.65
0.29411764705882354
0.4117647058823529
0.6666666666666666
0.2631578947368421
0.26666666666666666
0.21052631578947367
0.6521739130434783
0.5
0.1
0.3333333333333333
0.48
0.37037037037037035
0.2857142857142857
0.5862068965517241
0.3125
0.05555555555555555
0.35294117647058826
0.8571428571428571
0.38461538461538464
0.5
0.42857142857142855
0.48
0.09090909090909091
0.35
0.34615384615384615
0.14285714285714285
0.6190476190476191
0.29411764705882354
0.6470588235294118
0.75
0.65625
0.4666666666666667
0.4375
0.26666666666666666
0.6
0.1
0.2222222222222222
0.7222222222222222
0.3333333333333333
0.3157894736842105
0.5517241379310345
0.4
0.25
0.6521739130434783
0.3076923076923077
0.7142857142857143
0.2777777777777778
0.4666666666666667
0.5
0.47368421052631576
0.4375
0.4074074074074074
0.7692307692307693
0.2777777777777778
0.09090909090909091
0.2608695652173913
0.0625
0.7272727272727273
0.1724137931034483
0.64
0.43478260869565216
0.375
0.375
0.8235294117647058
0.1875
0.2916666666666667
0.4666666666666667
0.6
0.25
0.5925925925925926
0.25
0.15384615384615385
0.35294117647058826
0.35714285714285715
0.42105263157894735
0.6363636363636364
0.4444444444444444
0.2727272727272727
0.5925925925925926
0.43478260869565216
0.09090909090909091
0.52
0.375
0.45454545454545453
0.2777777777777778
0.3076923076923077
0.3548387096774194
0.6363636363636364
0.3181818181818182
0.18181818181818182
0.6153846153846154
0.375
0.36666666666666664
0.42857142857142855
0.6521739130434783
0.2857142857142857
0.4444444444444444
0.8666666666666667
0.45
0.3888888888888889
0.6363636363636364
0.2857142857142857
0.23076923076923078
0.375
0.42857142857142855
0.6206896551724138
0.35294117647058826
0.23529411764705882
0.3076923076923077
0.5909090909090909
0.2727272727272727
0.21428571428571427
0.6521739130434783
0.2727272727272727
0.44
0.3
0.3333333333333333
0.5384615384615384
0.29411764705882354
0.3333333333333333
0.3157894736842105
0.3
0.4444444444444444
0.6666666666666666
0.3333333333333333
0.3333333333333333
0.7777777777777778
0.6666666666666666
0.6
0.6
0.3333333333333333
0.5714285714285714
0.625
0.75
0.3333333333333333
0.5714285714285714
0.42857142857142855
0.6
0.6666666666666666
0.5
0.6666666666666666
0.5
0.6666666666666666
0.7777777777777778
0.6
0.5
0.8333333333333334
0.5714285714285714
0.6666666666666666
0.5
0.5
0.6
0.3333333333333333
0.6666666666666666
0.6666666666666666
0.6666666666666666
0.6666666666666666
0.5
0.8571428571428571
0.42857142857142855
0.5
0.5
0.6
0.5
0.3333333333333333
0.6
0.6666666666666666
0.6666666666666666
0.6666666666666666
0.6666666666666666
0.6666666666666666
0.6666666666666666
0.6666666666666666
0.8333333333333334
0.8
0.6666666666666666
0.7272727272727273
0.5714285714285714
0.6
0.6
0.6666666666666666
0.5
0.6
0.6
0.5
0.14285714285714285
0.5
0.5
0.3333333333333333
0.5
0.6
1.0
0.5555555555555556
0.42857142857142855
0.5
0.5
0.6666666666666666
0.3333333333333333
0.3333333333333333
0.8333333333333334
0.42857142857142855
0.6
0.5714285714285714
0.5
0.6666666666666666
0.5
0.4
0.5
0.7777777777777778
0.42857142857142855
0.4
0.3333333333333333
0.3333333333333333
0.6666666666666666
0.3333333333333333
0.6666666666666666
0.6666666666666666
0.42857142857142855
0.7777777777777778
0.6666666666666666
0.5
0.7
0.5
0.2857142857142857
0.25
0.42857142857142855
0.5714285714285714
0.3333333333333333
0.5
0.6666666666666666
0.4
0.16666666666666666
0.5
0.5
0.4
0.4
0.625
0.25
0.5
0.5
0.5
0.4444444444444444
0.6
0.5
0.5
0.0
0.5
0.5
0.5
0.5
0.5555555555555556
0.3333333333333333
0.3333333333333333
0.2
0.3333333333333333
0.3333333333333333
0.2222222222222222
0.2857142857142857
0.8333333333333334
0.6
0.5
0.3333333333333333
0.16666666666666666
0.3333333333333333
0.5
0.3333333333333333
0.16666666666666666
0.5555555555555556
0.3333333333333333
0.8333333333333334
0.6666666666666666
0.3333333333333333
0.625
0.5714285714285714
0.25
0.5
0.0
0.5
0.5
0.5
0.2
0.5
0.3333333333333333
0.3333333333333333
0.6666666666666666
0.3333333333333333
0.5714285714285714
0.5
0.2
0.3333333333333333
0.4
0.6666666666666666
0.3333333333333333
0.5
0.16666666666666666
0.625
0.5
0.5
0.4
0.42857142857142855
0.5
0.5714285714285714
0.6666666666666666
0.3333333333333333
0.3333333333333333
0.3333333333333333
0.6
0.6666666666666666
0.5
0.5
0.5
0.0
0.5
0.45454545454545453
0.8333333333333334
0.5555555555555556
0.42857142857142855
0.42857142857142855
0.4
0.0
0.4
0.42857142857142855
0.0
0.5
0.3333333333333333
0.5
0.6666666666666666
0.4
0.16666666666666666
0.5
0.5714285714285714
0.3333333333333333
0.5
0.3333333333333333
0.7142857142857143
0.3333333333333333
0.5
0.3333333333333333
0.3333333333333333
0.3333333333333333
0.5
0.42857142857142855
0.16666666666666666
0.375
0.4
0.5
0.5
0.2
0.42857142857142855
0.5714285714285714
0.2857142857142857
0.4
0.3333333333333333
0.2
0.2857142857142857
0.2
0.3333333333333333
0.16666666666666666
0.3333333333333333
0.2
0.375
0.375
0.3333333333333333
0.3333333333333333
0.4444444444444444
0.4
0.5555555555555556
0.3333333333333333
0.3333333333333333
0.3333333333333333
0.3333333333333333
0.2857142857142857
0.0
0.25
0.2
0.5
0.14285714285714285
0.42857142857142855
0.5
0.42857142857142855
0.3333333333333333
0.6
0.5
0.0
0.5
0.16666666666666666
0.25
0.2857142857142857
0.2
0.2
0.4
0.6
0.42857142857142855
0.16666666666666666
0.5
0.3333333333333333
0.3333333333333333
0.3333333333333333
0.2857142857142857
0.375
0.125
0.3333333333333333
0.2
0.18181818181818182
0.5
0.3333333333333333
0.5
0.375
0.375
0.375
0.2
0.25
0.6
0.2857142857142857
0.3333333333333333
0.3333333333333333
0.2857142857142857
0.5
0.7142857142857143
0.2
0.6
0.14285714285714285
0.0
0.4
0.4444444444444444
0.5
0.5
0.42857142857142855
0.14285714285714285
0.5
0.2857142857142857
0.4
0.4
0.3333333333333333
0.42857142857142855
0.5
0.2857142857142857
0.25
0.375
0.14285714285714285
0.25
0.0
0.2
0.4
0.5
0.3333333333333333
0.2857142857142857
0.3333333333333333
0.0
0.0
0.3333333333333333
0.4
0.4
0.0
0.3333333333333333
0.14285714285714285
0.25
0.42857142857142855
0.14285714285714285
0.625
0.1111111111111111
0.2
0.3333333333333333
0.2857142857142857
0.3333333333333333
0.2
0.25
0.8333333333333334
0.7142857142857143
0.23076923076923078
0.3333333333333333
0.4
0.4
0.5
0.3157894736842105
0.125
0.4
0.4
0.3333333333333333
0.0
0.4
0.2857142857142857
0.36363636363636365
0.5
0.4444444444444444
0.25
0.2857142857142857
0.16666666666666666
0.0
0.0
0.14285714285714285
0.0
0.0
0.0
0.4
0.0
0.0
0.16666666666666666
0.125
0.3333333333333333
0.3333333333333333
0.0
0.16666666666666666
0.14285714285714285
0.2857142857142857
0.0
0.2857142857142857
0.16666666666666666
0.4
0.5
0.375
0.14285714285714285
0.5
0.4
0.0
0.3333333333333333
0.75
0.3333333333333333
0.3333333333333333
0.2857142857142857
0.2857142857142857
0.42857142857142855
0.375
0.4444444444444444
0.3333333333333333
0.2857142857142857
0.25
0.2
0.3
0.3333333333333333
0.5
0.5
0.5
0.25
0.14285714285714285
0.125
0.2
0.25
0.5
0.2857142857142857
0.2857142857142857
0.16666666666666666
0.4
0.25
0.3333333333333333
0.3333333333333333
0.5
0.0
0.3333333333333333
0.4
0.0
0.0
0.2777777777777778
0.5
0.0
0.3333333333333333
0.5
0.14285714285714285
0.16666666666666666
0.125
0.1111111111111111
0.25
0.42857142857142855
0.4
0.0
0.2857142857142857
0.2222222222222222
0.2
0.14285714285714285
0.2
0.0
0.0
0.0
0.0
0.0
0.2
0.2
0.2857142857142857
0.4
0.125
0.25
0.2
0.14285714285714285
0.0
0.25
0.2222222222222222
0.4
0.2857142857142857
0.4
0.0
0.2857142857142857
0.16666666666666666
0.4
0.2
0.2857142857142857
0.14285714285714285
0.3
0.2
0.375
0.0
0.2222222222222222
0.0
0.0
0.3076923076923077
0.125
0.0
0.16666666666666666
0.36363636363636365
0.5
0.0
0.14285714285714285
0.08333333333333333
0.4
0.25
0.0
0.2222222222222222
0.0
0.14285714285714285
0.2857142857142857
0.09090909090909091
0.3333333333333333
0.1
0.125
0.3333333333333333
0.25
0.3
0.16666666666666666
0.375
0.3333333333333333
0.2
0.2222222222222222
0.2727272727272727
0.25
0.0
0.3333333333333333
0.5
0.16666666666666666
0.3333333333333333
0.3333333333333333
0.18181818181818182
0.0
0.16666666666666666
0.0
0.0
0.2222222222222222
0.25
0.4
0.25
0.1111111111111111
0.2857142857142857
0.5
0.5
0.2727272727272727
0.25
0.0
0.0
0.25
0.14285714285714285
0.4
0.3333333333333333
0.14285714285714285
0.1111111111111111
0.2
0.2222222222222222
0.0
0.0
0.0
0.3333333333333333
0.0
0.08333333333333333
0.0
0.2727272727272727
0.0
0.0
0.2222222222222222
0.16666666666666666
0.0
0.0
0.16666666666666666
0.25
0.14285714285714285
0.3333333333333333
0.0
0.4
0.23076923076923078
0.1111111111111111
0.2222222222222222
0.0
0.3333333333333333
0.0
0.25
0.14285714285714285
0.0
0.1111111111111111
0.14285714285714285
0.2857142857142857
0.25
0.0
0.0
0.3333333333333333
0.4
0.0
0.2222222222222222
0.0
0.14285714285714285
0.0
0.14285714285714285
0.0
0.375
0.2
0.16666666666666666
0.0
0.2222222222222222
0.25
0.13333333333333333
0.16666666666666666
0.0
0.0
0.25
0.18181818181818182
0.14285714285714285
0.3333333333333333
0.16666666666666666
0.14285714285714285
0.2
0.0
0.0
0.125
0.3333333333333333
0.125
0.2222222222222222
0.125
0.0
0.0
0.3333333333333333
0.2
0.0
0.0
0.0
0.3333333333333333
0.0
0.0
0.0
0.125
0.16666666666666666
0.0
0.0
0.0
0.0
0.0
0.0
0.2222222222222222
0.4
0.16666666666666666
0.0
0.14285714285714285
0.0
0.0
0.0
0.14285714285714285
0.0
0.0
0.0
0.0
0.0
0.14285714285714285
0.25
0.3333333333333333
0.0
0.0
0.0
0.125
0.16666666666666666
0.16666666666666666
0.16666666666666666
0.2
0.0
0.25
0.0
0.0
0.25
0.0
0.0
0.1111111111111111
0.16666666666666666
0.25
0.08333333333333333
0.0
0.0
0.0
0.0
0.0
0.1111111111111111
0.2
0.14285714285714285
0.14285714285714285
0.16666666666666666
0.1111111111111111
0.14285714285714285
0.125
0.2
0.0
0.16666666666666666
0.16666666666666666
0.0
0.0
0.0
0.0
0.125
0.0
0.14285714285714285
0.16666666666666666
0.0
0.09090909090909091
0.1111111111111111
0.4
0.0
0.16666666666666666
0.0
0.0
0.125
0.25
0.0
0.125
0.0
0.23529411764705882
0.14285714285714285
0.0
0.058823529411764705
0.08333333333333333
0.14285714285714285
0.0
0.0
0.14285714285714285
0.0
0.0
0.0
0.0
0.0
0.0
0.0
0.0
0.0
0.0
0.0
0.25
0.0
0.0
0.1111111111111111
0.0
0.0
0.14285714285714285
0.0
0.3333333333333333
0.0
0.1111111111111111
0.0
0.0
0.0
0.23529411764705882
0.16666666666666666
0.0
0.16666666666666666
0.0
0.0
0.0
0.0
0.0
0.0
0.0
0.0
0.2
0.0
0.3333333333333333
0.3181818181818182
0.34615384615384615
0.4444444444444444
0.2391304347826087
0.3333333333333333
0.3076923076923077
0.2857142857142857
0.3783783783783784
0.5454545454545454
0.3333333333333333
0.25
0.8333333333333334
0.6451612903225806
0.2631578947368421
0.2878787878787879
0.14814814814814814
0.6818181818181818
0.30952380952380953
0.25
0.358974358974359
0.21428571428571427
0.5652173913043478
0.05263157894736842
0.5454545454545454
0.22448979591836735
0.0
0.27586206896551724
0.5161290322580645
0.3
0.46938775510204084
0.34375
0.2857142857142857
0.2916666666666667
0.3333333333333333
0.39285714285714285
0.20930232558139536
0.5675675675675675
0.2112676056338028
0.3088235294117647
0.3
0.5185185185185185
0.875
0.23943661971830985
0.35714285714285715
0.08571428571428572
1.0
0.25
0.5555555555555556
0.40476190476190477
0.3
0.6818181818181818
0.4583333333333333
0.38095238095238093
0.041666666666666664
0.5555555555555556
0.2631578947368421
0.05555555555555555
0.18604651162790697
0.5405405405405406
0.3793103448275862
0.43333333333333335
0.5
0.4074074074074074
0.5555555555555556
0.5185185185185185
0.22727272727272727
0.26666666666666666
0.4117647058823529
0.4716981132075472
0.6818181818181818
0.42857142857142855
0.40816326530612246
0.08333333333333333
0.28888888888888886
0.3584905660377358
0.23076923076923078
0.16666666666666666
0.35294117647058826
0.5
0.3333333333333333
0.4186046511627907
0.3584905660377358
0.25757575757575757
0.21739130434782608
0.7692307692307693
0.40625
0.05555555555555555
0.4166666666666667
0.5675675675675675
0.2571428571428571
0.4117647058823529
0.15789473684210525
0.35
0.05555555555555555
1.0
0.65
0.2619047619047619
1.0
0.6206896551724138
0.2571428571428571
0.2777777777777778
0.2777777777777778
0.34615384615384615
0.7096774193548387
1.0
0.36363636363636365
0.14285714285714285
0.25
0.47058823529411764
0.2857142857142857
0.25
0.3
0.4583333333333333
0.6216216216216216
0.2962962962962963
0.2903225806451613
0.1111111111111111
0.38461538461538464
0.1
0.0
0.15
0.391304347826087
0.08571428571428572
0.4594594594594595
0.23529411764705882
0.375
0.37735849056603776
0.42424242424242425
0.37037037037037035
0.30612244897959184
0.19696969696969696
0.3
0.37037037037037035
0.4716981132075472
0.22448979591836735
0.2916666666666667
0.23809523809523808
0.4117647058823529
0.375
0.6111111111111112
0.32558139534883723
0.36363636363636365
0.2653061224489796
0.4117647058823529
0.7307692307692307
0.15384615384615385
0.7647058823529411
0.5405405405405406
0.37735849056603776
0.5483870967741935
0.0
0.3333333333333333
0.8823529411764706
0.410958904109589
0.42857142857142855
0.25925925925925924
1.0
0.3088235294117647
0.2727272727272727
0.5
0.47058823529411764
0.875
0.4838709677419355
0.25
0.07142857142857142
0.0
0.23809523809523808
0.4117647058823529
0.2777777777777778
0.14814814814814814
0.0
0.5
0.5925925925925926
0.6818181818181818
0.4339622641509434
0.14814814814814814
0.058823529411764705
0.375
0.7058823529411765
0.5714285714285714
0.5294117647058824
0.14285714285714285
0.95
0.15
0.2
0.5
0.5263157894736842
0.39285714285714285
0.25
0.058823529411764705
0.23255813953488372
0.42857142857142855
0.21311475409836064
0.3018867924528302
0.35
0.8333333333333334
0.5
0.5135135135135135
0.32653061224489793
0.25
0.14814814814814814
0.35714285714285715
0.36363636363636365
1.0
0.5151515151515151
0.5
0.6086956521739131
0.27586206896551724
0.08571428571428572
0.0
0.6111111111111112
0.5555555555555556
0.43333333333333335
0.2878787878787879
0.7692307692307693
0.4794520547945205
0.2
0.5294117647058824
0.32142857142857145
0.14285714285714285
0.40425531914893614
0.391304347826087
0.3
0.36363636363636365
0.5185185185185185
0.5405405405405406
1.0
0.5483870967741935
0.4166666666666667
0.2857142857142857
0.8823529411764706
0.23076923076923078
0.32432432432432434
0.2
0.3125
0.0
0.5636363636363636
0.4827586206896552
0.35
0.85
0.21428571428571427
0.5
0.15492957746478872
0.19672131147540983
0.6551724137931034
0.75
0.5405405405405406
0.2222222222222222
0.8333333333333334
0.17391304347826086
0.36363636363636365
0.40425531914893614
0.4864864864864865
0.2727272727272727
1.0
0.2777777777777778
0.5555555555555556
0.8181818181818182
0.65
0.5517241379310345
0.19230769230769232
0.4444444444444444
0.2391304347826087
0.3333333333333333
0.34285714285714286
0.6666666666666666
0.5945945945945946
0.23076923076923078
0.14084507042253522
0.7857142857142857
0.125
0.3333333333333333
0.39285714285714285
0.12121212121212122
0.3333333333333333
0.2647058823529412
0.6666666666666666
0.36363636363636365
0.5555555555555556
0.35714285714285715
0.1956521739130435
0.6363636363636364
0.7142857142857143
0.47619047619047616
0.7368421052631579
0.5
0.4418604651162791
0.78125
0.15384615384615385
0.6923076923076923
0.07692307692307693
0.23529411764705882
0.46875
0.4528301886792453
0.0
0.8
0.37735849056603776
0.46875
0.5675675675675675
0.3333333333333333
0.1
0.29411764705882354
0.40625
0.2857142857142857
0.75
0.2
0.7058823529411765
0.5
1.0
0.39622641509433965
0.2903225806451613
0.25
0.27586206896551724
0.5833333333333334
0.4117647058823529
0.37037037037037035
0.4444444444444444
0.2962962962962963
0.2608695652173913
0.48148148148148145
0.05555555555555555
0.8333333333333334
0.11764705882352941
0.23076923076923078
0.6206896551724138
0.30434782608695654
0.3235294117647059
0.11428571428571428
0.12244897959183673
0.16666666666666666
0.24444444444444444
0.21052631578947367
0.4897959183673469
0.0
0.0
0.2878787878787879
0.375
0.2676056338028169
0.0
0.13043478260869565
0.1111111111111111
0.4528301886792453
0.38235294117647056
0.4230769230769231
0.4230769230769231
0.4
0.4418604651162791
0.058823529411764705
0.4583333333333333
0.35294117647058826
0.6216216216216216
0.2413793103448276
0.47058823529411764
0.16901408450704225
0.2962962962962963
0.41025641025641024
0.9
0.3793103448275862
0.4339622641509434
0.2857142857142857
0.23076923076923078
0.4074074074074074
0.23333333333333334
0.5625
0.26666666666666666
0.25
0.6216216216216216
0.0
0.36363636363636365
0.5789473684210527
0.4444444444444444
0.2608695652173913
0.14814814814814814
0.3469387755102041
0.41935483870967744
0.4
0.36666666666666664
0.6
0.3333333333333333
0.27586206896551724
0.42424242424242425
0.23943661971830985
0.17391304347826086
0.058823529411764705
0.8571428571428571
0.3488372093023256
0.17391304347826086
0.2619047619047619
0.4827586206896552
0.59375
0.3333333333333333
0.3870967741935484
0.34285714285714286
0.4594594594594595
0.125
0.2
0.5588235294117647
0.3333333333333333
0.35294117647058826
0.0
0.21311475409836064
0.5882352941176471
0.5862068965517241
0.36666666666666664
0.4166666666666667
0.14285714285714285
0.5909090909090909
0.4230769230769231
0.5625
0.5405405405405406
0.6666666666666666
0.6875
0.27586206896551724
0.4794520547945205
0.5405405405405406
0.22448979591836735
0.4827586206896552
0.42424242424242425
0.4166666666666667
0.0
0.14814814814814814
0.5675675675675675
0.5
0.07692307692307693
0.6818181818181818
0.3333333333333333
0.6842105263157895
0.5
0.7142857142857143
0.16666666666666666
0.5217391304347826
0.21428571428571427
0.375
0.34375
0.3333333333333333
0.5151515151515151
0.20408163265306123
0.3404255319148936
0.3333333333333333
0.0
0.43333333333333335
0.41935483870967744
0.30434782608695654
0.4
0.2857142857142857
0.3
0.14285714285714285
0.4528301886792453
0.59375
0.45454545454545453
0.5454545454545454
0.4375
0.3076923076923077
0.5483870967741935
0.08571428571428572
0.3333333333333333
0.5789473684210527
0.058823529411764705
0.15
0.23529411764705882
0.2857142857142857
0.25
0.4117647058823529
0.45454545454545453
0.3333333333333333
0.2
0.48484848484848486
0.39622641509433965
0.14285714285714285
0.5116279069767442
0.125
0.2222222222222222
0.35294117647058826
0.4166666666666667
0.6
0.08571428571428572
0.25757575757575757
0.3469387755102041
0.42857142857142855
0.7857142857142857
0.5833333333333334
0.25925925925925924
0.30434782608695654
0.29411764705882354
0.15
0.24444444444444444
0.4444444444444444
0.125
0.4931506849315068
0.4931506849315068
0.35294117647058826
0.47058823529411764
0.2857142857142857
0.23076923076923078
0.3125
0.16666666666666666
0.2857142857142857
0.08333333333333333
0.13043478260869565
0.37735849056603776
0.5
0.4418604651162791
0.2878787878787879
0.10526315789473684
0.35135135135135137
0.25
0.29411764705882354
0.5757575757575758
0.23076923076923078
0.4339622641509434
0.30952380952380953
0.5
0.11428571428571428
0.15
0.05555555555555555
0.3448275862068966
0.2857142857142857
0.5294117647058824
0.2857142857142857
0.2631578947368421
0.3548387096774194
0.25
0.4444444444444444
0.14285714285714285
0.29411764705882354
0.3469387755102041
0.2857142857142857
0.35294117647058826
0.37209302325581395
0.47058823529411764
0.5405405405405406
0.19047619047619047
0.391304347826087
0.1388888888888889
0.5675675675675675
0.27586206896551724
0.24242424242424243
0.17142857142857143
0.3235294117647059
0.0
0.07142857142857142
0.4482758620689655
0.25
0.1111111111111111
0.36363636363636365
0.5342465753424658
0.3235294117647059
0.35
0.17647058823529413
0.6666666666666666
0.22448979591836735
0.6216216216216216
0.4186046511627907
0.358974358974359
0.5555555555555556
0.6086956521739131
0.3548387096774194
0.3191489361702128
0.08333333333333333
0.40540540540540543
0.15
0.5185185185185185
0.4909090909090909
0.18604651162790697
0.16666666666666666
0.0
0.1388888888888889
0.17647058823529413
0.25
0.30434782608695654
0.782608695652174
0.19444444444444445
0.3103448275862069
0.53125
0.4166666666666667
0.14285714285714285
0.625
0.17391304347826086
0.9375
0.3103448275862069
0.2413793103448276
0.2222222222222222
0.18032786885245902
0.13333333333333333
0.5555555555555556
0.46875
0.4166666666666667
0.3333333333333333
0.30434782608695654
0.48148148148148145
0.4444444444444444
0.28888888888888886
0.24242424242424243
0.34615384615384615
0.5675675675675675
0.4166666666666667
0.875
0.38095238095238093
0.17647058823529413
0.15
1.0
0.2878787878787879
0.058823529411764705
0.3142857142857143
0.15
0.21212121212121213
0.3953488372093023
0.5
0.14285714285714285
0.19672131147540983
0.42857142857142855
0.4166666666666667
0.6363636363636364
0.2
0.875
0.375
0.5294117647058824
0.08695652173913043
0.2916666666666667
0.20833333333333334
0.6521739130434783
0.4
0.5357142857142857
0.6363636363636364
0.2608695652173913
0.36666666666666664
0.40816326530612246
0.21311475409836064
0.6666666666666666
0.875
0.19230769230769232
0.5
0.17647058823529413
0.3829787234042553
0.39622641509433965
0.3617021276595745
0.05
0.25
0.4489795918367347
0.4864864864864865
0.35714285714285715
0.15
0.35714285714285715
0.39622641509433965
0.43243243243243246
0.23529411764705882
0.25
0.4657534246575342
0.5636363636363636
0.20833333333333334
0.5
0.4827586206896552
0.5757575757575758
0.4827586206896552
0.6206896551724138
0.10526315789473684
0.38095238095238093
0.1836734693877551
0.8333333333333334
0.5757575757575758
0.4375
0.26666666666666666
0.36764705882352944
0.2
0.14814814814814814
0.375
0.6363636363636364
0.37037037037037035
0.40625
0.2962962962962963
0.3125
0.18032786885245902
0.22727272727272727
0.17391304347826086
0.14285714285714285
0.1875
0.5862068965517241
0.08571428571428572
1.0
0.391304347826087
0.8571428571428571
0.30303030303030304
0.4482758620689655
0.5882352941176471
0.631578947368421
0.3191489361702128
0.8235294117647058
0.21739130434782608
0.29411764705882354
0.15384615384615385
0.2608695652173913
0.5882352941176471
0.53125
0.5625
0.3018867924528302
0.25
0.25925925925925924
0.3333333333333333
0.0
0.8333333333333334
0.35294117647058826
0.2857142857142857
0.15
0.4444444444444444
0.3076923076923077
0.39622641509433965
0.2916666666666667
0.7058823529411765
1.0
0.5454545454545454
0.2857142857142857
0.4827586206896552
1.0
0.7391304347826086
0.4444444444444444
0.4489795918367347
0.35294117647058826
0.17391304347826086
0.8
0.11764705882352941
0.4166666666666667
0.1956521739130435
1.0
0.2653061224489796
0.16666666666666666
0.26666666666666666
0.30303030303030304
0.5
0.47058823529411764
0.2857142857142857
1.0
0.48148148148148145
0.0
