0.7389538213431102
0.6151828364942453
0.6359980138510722
0.8127304087843998
0.2561432361726691
0.7114636490474108
0.4373968147862071
0.809285629436941
0.8649115799747217
0.7992366223391156
0.7118930164707522
0.9494840194400705
0.8136127055204088
0.9999999999999879
0.8680654303095885
0.6702239318359364
0.6306928873011424
0.28889737824786343
0.35578001914776386
0.921156566970283
0.5932211429717184
0.013899028078499876
0.46553413287417394
0.7103156609875765
0.5812456977337762
0.8486273187755645
0.6319520714768834
0.6703642939847703
0.8402850516326695
0.6016847243561078
0.674719470856399
0.24691730651222152
0.001524435231234978
0.854246699403511
0.8373644989632736
0.0018083261437978218
0.3696838348558709
0.6573099550900614
0.9999999999999871
0.6724638027034121
0.8665349572749843
0.6763149815354786
0.5425068124891143
0.7595171353413118
0.7267265186646568
0.5555874707769182
0.7054498620130989
0.37821452633894465
0.645808853093828
0.656235356575992
0.6786777382894693
0.9582126290465942
0.8524958456634859
0.5502194901250661
0.23716505162034357
0.449576334330015
0.5956172463193911
0.5175481530272884
0.5151002228241732
0.5445301101854784
0.5664731129087159
0.5692181856858842
0.7336736192189942
0.45681036740105396
0.3641472168270119
0.999999999999999
0.7457770650750616
0.39006908857356243
0.462568888630931
0.800637027751287
0.9145760779952081
0.6333625270047265
0.4789525592239258
0.5294363513144515
0.6298952369025942
0.9139726027061132
0.8853027911951721
0.6202997205710555
0.0
0.7535107324614033
0.9061613764235259
0.5909824600768357
0.6095043760464255
0.5926735705245785
0.948752611352265
0.690202163235296
0.8181791776682893
0.6251934867460079
0.6430631220669112
0.5861149903507537
0.8164990414636771
0.701330901176112
0.8381825443018208
0.6333947162970279
0.4987573689532382
0.618818396740716
0.4810784716071975
0.6814046375766442
0.8348277636075869
0.7851074328362394
0.411590280296284
0.413073326085985
0.6749861130628745
0.4602274574081267
0.8047493613404247
0.5173900473331171
0.5211848354086372
0.5300135388745632
0.3672852923935937
0.7037579683713707
0.8623850714853445
0.6370356958491381
-1.0
0.5922937301405429
0.4158168991909562
0.8952366312634864
0.7373168881451432
0.5253485704195641
0.00931042710894126
0.8751889080162826
0.5921790816885102
0.8684069573037194
0.5202395532140629
0.5798603164528563
0.025298545958911758
0.6826638775943581
0.6832163513540641
0.8977431717975851
0.8144895608318511
0.38390988132425496
0.7958916237802246
0.7754559187362766
0.4962189461890724
0.9999999999999909
0.5086533279033041
0.707398322348331
0.5115109837963057
0.5044108231015353
0.656171508530892
0.8497223379188389
0.3686292981737083
0.31855362166294005
0.737498804861265
0.7775703128294518
0.5043628353882318
0.3504524694021578
0.8062075652576897
0.27017210994317886
1.0000000000000038
0.6835228880862283
0.8512918429204291
0.6799656605994782
0.9999999999999576
0.9135516816881983
0.8044667860021246
0.0023062757030250735
0.43623551835868357
0.6911458308331749
0.5150174891453787
0.4138819682558492
0.7038744258229236
0.20645676157474718
0.25298474272004406
0.7688767858855293
0.31665772086944793
0.5237970119716912
0.744491578805164
0.7299419330515908
0.5208103555394734
0.5885694259211895
0.8976840039238553
0.4465366899585306
0.6959405039609999
0.7869114653694058
0.617899674567755
0.5773502691896266
0.6759892700274253
0.873313092920125
0.3370570901755412
0.7742911261470565
0.5794869393985997
0.22375073455563485
0.5070235625576649
0.8118722450570461
0.6713614947026999
0.6863808197374646
0.8029526407285044
0.48841308833222274
0.23445859168295455
0.42767997565548904
0.8477913861708873
0.31067273706041076
0.8498711851574545
0.25624643397048785
0.8250538868382442
0.5724870500045103
0.8784564974153621
0.6546536707079792
0.8372037483208306
0.47894662300541363
0.8161266523354803
0.9999999999999839
0.733698306229094
0.19843402617502387
0.2134693047646789
0.8065407253553725
0.9164288871561161
0.8864127244529163
0.40993084277124303
0.6823244416105027
0.4196183144517653
0.8247730191497881
0.6676931461449975
0.9247494513082236
0.3145010048307091
0.6167724950980193
0.5096802119086086
0.8489425697540149
0.7931433873138823
0.8676591414180678
0.7430258411879369
0.8091038521901015
0.7084994852764492
0.745051199926338
0.6733903620554693
0.4112487671400825
0.9588604621212131
0.8404791741517553
0.20086702855325256
0.41125435535540567
0.3117648691088105
0.9262010028886517
0.5937857958070699
0.7266605014861973
0.8984297375720807
0.5182947629023663
0.7095607314935022
0.944555928936661
0.398461597272765
0.9373772629931446
0.3662960872396928
0.22638124580097782
0.6579990052721072
0.6691578529640322
0.688182999165383
0.5399614604253148
0.6953424391468837
0.33970999264088086
0.7434407684544458
0.8265445490846046
0.703983129138027
0.9430940228872716
0.7437743458135552
0.49564755733786897
0.864959750803384
0.4588667552302596
0.01823396352714798
0.0
0.6277882063173045
0.6078766561218997
0.4272167484854971
0.8092024671921779
0.6665754351840626
0.6374978469066598
0.7633577132834269
0.9025543241361922
1.0000000000000289
0.8294283311950131
0.49419519158045333
0.819837579345949
0.7102645287115839
0.8721254651002557
0.4627521759863713
0.04647731532996827
0.7293848669882872
0.5789081990382983
0.7767842355333175
0.2608164016845474
0.8962527479066927
0.23678669545088984
0.30146997679573767
0.5384837545799732
0.01587644135397894
0.4631771805731658
0.7482330158943654
0.8046561414099918
0.5033572915270463
0.5778696009451421
0.7120339177125959
0.4679066963452473
0.5297370335352336
0.8212800046600293
0.8970045639335338
0.0
0.4044695693270042
0.8524763450679826
0.8976597049848951
0.9391861348394839
0.024890982939177585
0.7524146127626397
0.8976308962403768
0.023758279046224372
0.5632061671728896
0.5817209074081263
0.3811262635975332
0.7064589523029541
0.7814960941175315
0.8974224185458042
0.8492222585839169
0.7743881437609436
0.999999999999977
0.7688030213933862
0.6154920897326026
0.42064201870711887
0.6784636489648156
0.9306675805676388
0.007762580337429661
0.9375771742848796
0.5264259402685533
0.8875590980825373
0.6178997888878192
0.7304955789013724
0.878046716317049
0.011434329737484735
0.7764559275781978
0.8989387645620935
0.45935825623119936
0.5602992667836215
0.7215019461243988
0.07524517234212781
0.6315187665937274
1.0000000000000002
0.6942245873640717
0.6406157356081879
0.5847257351725869
0.6324555320336748
0.6688912683490859
0.6495571559608481
0.6884179020779535
0.5428361281973029
0.6771900468453903
0.8108350187702946
0.26647707834560175
0.5830760138376095
0.5313995046750336
0.234030862014593
0.7751432986029244
0.25915351617908416
0.8668243437665406
0.8872253224170287
0.5476345233864809
0.6022702961056274
0.46579323393218885
0.48204006052824294
0.26157826634092435
0.7566712909036845
0.6840620772497731
0.8129760614442203
0.6043525478528912
0.9999999999999982
0.4778162712298198
0.707307744811822
0.7121269776374128
0.8227222256823906
0.5281059240576029
0.5874245273621828
0.7589843699677993
0.8191945037756526
0.5856375002252828
0.8767853141057386
0.6906557964269457
0.6250783598931958
0.52111043353206
0.838512955873472
0.5096872190973872
0.8868075883951517
0.7170125371341483
0.8604848929177091
0.35247312285392396
0.627178216732857
-1.0
0.42284989167367254
0.5011124022646726
0.577350269189626
0.8019425794007102
0.5773502691896275
0.6881448092680682
0.41997149686232926
0.9999999999999977
0.29404260225280493
0.8680066143843621
0.7711189298203275
0.8126400587339901
0.5821679572813762
0.807346426096383
0.6765589260297766
0.7933167131310195
0.27085249419470614
0.7730680028409314
0.6938423288610323
0.8164965809277196
0.2945221941469501
0.6163550389721205
0.4720666412593132
0.6272328271839431
0.7999498388105635
0.0
0.0011057045599832953
0.3557398680761162
0.8203590768094847
0.8129966496017135
0.551073006623953
0.8522430728106204
0.7115383055983294
0.5311342890220185
0.3442913616142403
0.6660767524507984
0.9050793680286403
0.6719148154653756
0.5940580380120992
0.7352044466022338
0.5816310539275075
0.5007121964779219
0.5409522516069966
0.8370867989669976
0.8423149993033539
0.5220615256826138
0.5747316720224965
0.7150016661164088
0.40257236103775096
0.7607030886729663
0.8664459983650747
0.5867644842179156
0.5867839973388124
0.6345786045713648
0.7084106065200505
0.608833505797109
0.41976902881404626
0.4305395917177079
0.7522296002377745
0.7112087843662707
0.8202453104164092
0.9999999999999732
0.6771228517608104
0.3571172458075733
0.6335192552649834
0.4509578842982583
0.710936314194439
0.7704816525145757
0.8469078548418947
0.8962935855530992
0.7980063307319131
0.4920215338270555
0.3639967767502922
0.5142315887925129
0.776678600880641
0.917861918678081
0.7370153177519421
-1.0
0.7393321342154132
0.6119927057219571
0.5498008680849849
0.8487305479363448
0.8411882389071136
0.4110353436905227
0.7228320379644023
0.474234235147507
0.7311292182898506
0.8602059817896732
0.6410421139734451
0.6724209685347854
0.39209631904845155
0.48914415833583114
0.7347644719547375
-1.0
0.49022090211965613
0.8851346259934798
0.5578090329611063
0.742066840225778
0.5352119985849942
0.4721214437038871
0.6278146331883039
0.4165601936949167
0.8374366563344229
0.2685799470921209
0.6180628961345486
0.6318796140268869
0.6765896988312486
0.43987636020581716
0.6719464511163166
0.7464455777560934
0.8137380642732464
0.5720445681182225
0.4753493424034122
0.7091227855659644
0.7138930573374278
0.6160604900233604
0.8840585659957352
0.5174347755986521
0.4364357804719861
0.8675852411853869
0.6075413651229769
0.8162090778487237
0.2502992718690232
0.8686977053173275
0.8173598688516658
0.02475088994214057
0.7071067811865454
0.34408801678599654
0.8683991856634955
0.5038776582005112
0.6727482861107107
0.8752986476281288
0.6084716960259848
0.5666821158488962
0.5862670376136904
-1.0
0.7201675131432065
0.6742527539033897
0.580047975067309
0.6690017462522512
0.7329328573761432
0.38682975631157307
0.7071067811865465
0.8061746614584994
0.4563747785259804
0.5863005123246654
0.16072601275996748
0.4273730073912633
0.29122699893744564
0.6748803810642189
0.711683462604234
0.6262386142110888
0.8970556725478291
0.39698127272689887
0.7346110933639775
0.8096377585723041
0.851348048846014
0.6773071895091475
0.7830460926273416
0.4669943329256564
0.41373611894035683
0.5555874707769182
0.7402422306089781
0.515706775863543
0.02567760145430841
0.7221492206939875
0.35935868760623907
0.7213249981342182
0.673733939642896
0.9002604819995385
1.0000000000000078
0.9999999999999958
0.551711888553375
0.8064932320756817
0.6811253362952328
0.5834818045776854
0.5533286609742335
0.5475120724375818
0.6787171187092506
0.7122146161100046
0.7746569943450711
0.37345784082158057
0.4763318156124963
0.7941585273472219
0.9999999999999979
0.6365899162591943
0.9999999999999944
0.7758775920824487
0.25330715380849395
0.2723554219654637
0.5320487236259664
0.6188518406074126
0.7173633581333158
0.3225369691581132
0.6062266986045919
0.7348265174984596
0.4953555673541459
0.8029807466958081
1.0000000000000226
0.4396582930503375
0.41259689370852665
0.5656630993910303
0.583093523346177
0.35523984015507043
0.8697651251194939
0.7113370400203807
0.8077389040889912
0.458316568052883
0.005696101424142585
0.944086018950917
0.5689027201712656
0.5044669484317371
0.9373850629377944
0.42709248909657915
0.8687307145249565
0.8982396323153344
0.7103477209867539
0.7104572003311205
0.7455473815457399
0.8975324425616835
0.5926014671196317
0.6305971353967748
0.6738030988585487
0.8595763724969246
0.9450412880564675
0.7350890334010192
0.6652122763464811
0.7234646616117826
0.5797669660390979
0.5546963393367697
0.3571693122994497
0.8255896104240877
0.8279151280652695
0.33933852969141487
0.6481722477534603
0.23548404154047126
0.8734884411324889
0.6656664364742212
0.5516573920928836
0.6844401024427114
0.5723943304869034
0.8183592644568486
0.7738866092338472
0.9079371495770302
0.7144167593077698
0.7071067811865593
0.686812328714925
0.804882110252373
0.8945868960432307
0.024327453539211615
0.5086786557033938
0.6129818212004607
0.8595777288413743
0.6227780952187802
0.6990353315947961
0.3370214110135806
0.5190159126132982
0.7598509672727091
0.8032848580207063
0.8470942171623991
0.5755294873850131
0.2561432361726691
0.5859981102774312
1.0000000000000018
0.8058553417733514
0.8686135735027474
0.8965416542724299
0.7504220093632644
0.6382245017469201
0.18402694164365904
0.5736471444733516
0.8062761662059856
0.7750268057323827
0.6498641885921421
0.578213946124314
0.8461455007198344
0.7659376978144253
0.716571801409647
0.6713425183337363
0.6640393376705905
0.44998247808857006
0.41622033568428674
0.577350269189632
0.8060574545630568
0.585140418685881
0.5458260977367972
0.6325287878671219
0.23526794206921733
0.15091378204480452
0.8692037903416696
0.5127689690318417
0.7583034716347579
0.9999999999999901
0.7811165624105226
0.6850606035036043
0.8067828393860836
0.7442457527906903
0.7745880910991569
0.5719816967297079
0.2789136937797276
0.6274577420486862
0.5472154447281242
0.24654675224199132
0.8773696478938828
0.7444936881418361
0.9388764292693715
0.6848741300534844
0.76185238046129
0.8063392171206425
0.8377912941662478
0.533790182203866
0.6064512312514204
0.6059710943909052
0.25911821895481507
0.5877049488150131
0.7454266269565475
0.3799218297979613
0.547579295227505
0.4971651145050826
0.5585892005889105
0.820369459271124
0.9225538482331432
0.7729778651630105
0.3270177180608156
0.5861073796526358
0.46953840197904334
0.6850056361368022
0.8006808687199148
0.6546639764297687
0.7923306900787395
0.820873497056819
0.7100456371159992
0.6228031564080962
0.8106220895325672
0.6929616871203
0.5249957975429692
0.9279628588112727
0.4285545816883418
0.5712377211323421
0.8979491759680625
0.8736590500065992
0.42817113539068247
0.7443724517071167
0.8456772689262235
0.8125681906340626
0.9272727196543076
0.9553934288686421
0.4596268990243627
0.3731941635285637
0.6758201612037824
0.895579733633711
0.9093397855429297
0.8757815802038915
0.8368457576173766
0.7371654523977992
0.7668155882268662
0.512004132413607
0.5509290252684942
0.8299489635249586
0.3999264785672454
0.791375956499568
0.8576567485952347
0.6372651922399425
0.0344196862533304
0.2640485463654861
0.8946987768153034
0.8191660924302449
0.46393391699464437
0.7814734378674169
0.7206299585646977
0.9999999999999831
0.5053220882191478
0.691846214802948
0.6879173759188785
0.6670832949789833
0.68679394135525
0.7122812664819624
1.000000000000017
0.6813220248015875
1.0000000000000058
0.4035482913431467
0.9999999999999958
0.8661710413884057
0.6868082293758611
0.6835191026369856
1.0000000000000207
0.6770058964939741
1.0000000000000207
0.6719641681870031
0.7504252679547957
0.5038347430584086
0.7157270953652916
0.9999999999999656
0.9999999999999758
0.6770605404320232
0.9999999999999994
0.9999999999999926
1.0000000000000058
0.38122937743614915
0.6835191026369856
0.6763746531815132
0.6968152579877326
0.6835191026369856
0.9999999999999903
0.8695528641140069
0.7122812664819624
1.0000000000000169
1.0000000000000182
1.0000000000000313
0.99999999999999
0.38432200069855105
0.6726304877851825
0.6770605404320232
0.6770605404320232
0.6770605404320232
0.6758700151480841
0.6758700151480841
0.6770605404320232
0.6770605404320232
0.8164965809277295
0.669842858237981
0.7773387809169261
0.8994307636104958
0.9999999999999989
0.6781448909135718
0.7016740272631186
0.6869889615307044
0.566091732415667
0.7286394215639554
0.666666666666649
0.5441543897373204
0.7087858418756696
1.0000000000000313
0.6679332336369519
0.3816084712222735
0.6692361142690141
1.0000000000000313
1.0000000000000162
0.8692748832099323
0.5186067690252274
0.5006714045720689
1.0000000000000386
1.0000000000000309
0.3534606080219313
0.388846749733962
0.8823925364604065
0.8695097493089868
0.9999999999999967
0.6686562319185213
0.5621118613236943
0.5606603350212955
0.7720205059535242
0.6781207577922264
0.5329848627752273
0.8736952376664943
0.6286701539527795
1.0000000000000075
0.6721495423688575
0.6873913639505715
0.5372167321629324
0.4124789947991873
0.6774494279352545
0.675924978144273
0.6068098754318717
0.6659191643223489
0.6088528689221956
1.0000000000000209
0.7531999538263642
0.5260107887038737
0.36782435776879235
0.5077915863181471
0.5021705184664651
1.0000000000000024
0.39095626812861894
0.817509128123062
0.6872626407554618
0.6784941710748715
0.6779448914917318
0.5132220863281778
0.6684936051993221
0.8228138216107032
0.8668534467119585
0.514995305962691
0.5341865417550958
0.868016444082442
1.000000000000009
1.0000000000000187
0.7555089529269797
0.6752292116556743
0.5019057818308456
0.5015881586593601
0.0022959159955703553
0.5046200287924802
0.5116364139884539
0.5052500130079468
0.5116364139884539
0.8223824783541243
0.364072828177332
0.4004290424984024
0.3633738691624471
0.364072828177332
1.0
0.903821950608204
0.6669508471095102
0.875509182595761
0.6774287399105576
0.6770605404320232
0.4030802142050797
0.4415817467266711
0.38936379342940425
0.667861885309878
0.3331483793379448
0.6736857907949609
0.8736534760275845
0.680453782821925
0.8690501064180727
0.706775049362807
0.7122812664819624
0.8690501064180727
0.5981746856065491
0.5060544907864549
0.5013423169193689
0.0618648954309382
0.7127262669123304
0.5216130594269645
1.0000000000000215
0.999999999999994
0.5106995386308345
0.34681558486449854
0.34681558486449854
0.6943760253558909
0.33174925059327137
0.6683020872344996
0.6882877288243452
0.39215202781105457
0.692001917171472
1.0000000000000042
0.67877710510541
0.3342809336356684
0.8661955984627175
0.4291670482076859
0.758868761207812
0.5528852840375307
0.8356937149642464
1.0000000000000313
0.6913502666893496
0.5021182901964959
0.7608058441083942
0.6820705332336762
0.3471826258502392
0.3483450568779143
0.3669974753822992
0.6759578296972011
0.6779320790033421
0.5621118613236943
0.503298660839788
0.503298660839788
0.05826230764273354
0.5060407260888232
0.8203374826744846
0.8787439149634683
0.8777052172920087
0.6876255528764246
0.5866295976868839
0.999999999999969
0.04008819495753459
0.6840066748352699
0.8189785678203303
0.05625422463210831
0.7093527767018153
1.0000000000000313
0.6666666666666675
0.8660254037844413
1.0000000000000209
0.684452243201215
0.675924978144273
0.5777248559320685
0.7238707145074093
0.5076651092212574
0.5481421284770758
0.5053036295514667
0.37648107709915957
0.6681185999636186
1.0000000000000233
0.3743984344501113
0.7750609499672593
0.6737906237367962
0.8217028080196014
0.34994273282095606
0.8689062145390047
0.8206134840458409
0.83272872007205
0.6845080638131774
0.7122812664819624
0.8393771775015029
0.7528537802499266
0.015715248643526743
0.6719801950858039
0.6992492412214003
0.673206755638352
0.8665209529931847
0.682091771864532
0.3743233151860712
0.387877057402044
0.33659949798654426
0.38671530271509263
0.868476414835517
0.5818049455020073
0.8195441654735454
0.8164965809277268
0.7521681191939796
0.7655220374697083
0.8012193570156195
0.6907444016411625
0.3291069812673882
0.34504830523192426
0.6727873049271648
0.7591640836549726
0.5243528959208974
0.4030592094141687
0.6867899858445922
0.5017027386805138
0.004653710178667946
0.8185847348390183
0.5900281911423114
0.6759578296972011
0.3598546048306577
0.675924978144273
0.8695528641140069
0.06700428040549715
0.8660254037844357
0.5805524858639465
0.30797405822177054
0.3455205799187409
0.34435468853247925
0.3729092540541692
0.3221926362098641
0.6901011845865227
0.8180786530495653
0.9999999999999976
0.6968503654547856
0.33588801179964944
0.6736179543674111
0.6835191026369856
0.3237058606658349
0.6854803876395085
0.2966579063617784
0.4085429772575132
0.8966095920358631
0.5800250516310049
0.6692206257713865
0.6694011940715908
0.6796096733730548
0.30749583628613963
0.6777950197650134
0.7698067126454599
0.42439268389535717
0.5039735764634732
0.6875923209447943
0.6745658129389273
0.3361917212448718
0.3468634952637068
0.29183368345470384
0.5148112418079569
0.6847274291758789
0.3851818381276723
0.6762934110447529
0.35806562714673346
0.04111735860939444
0.35997548506939353
0.9999999999999954
0.7608319379665326
0.6151843145944385
0.6802099289433111
0.6150421717520976
0.6666666666666766
0.27914247344692683
0.2762589847247077
0.3414769721499164
0.3296592133372038
0.819196983066633
0.41731462737781116
0.6880455014776896
0.3574269206753618
0.2755240891382579
0.32810006315490486
0.9999999999999972
0.37365157848684477
0.6770605404320232
0.3296592133372038
0.6324121659239799
0.3813424042635699
0.4094671474857307
0.3929622721552372
0.06924366175514864
0.06924366175514864
0.35551466343260557
0.33518645720660456
0.3982627361375008
0.04471383697796185
0.33210838319626984
0.3089363400238742
0.2795330199857219
0.7085914104758677
0.2496511017253621
0.7655812657107293
0.4021164892373689
1.000000000000017
0.398355801764468
0.3386379353102235
0.38433962025705243
0.38335012297894056
0.42482928623978033
0.7708663365266729
0.5929642812519098
0.4243564162301331
0.27887757746379777
0.3330163819515124
0.4112934496630467
0.4120056050762755
0.533792890880023
0.010534113929824201
0.566091732415667
0.4042250409772723
0.3325766612078092
0.052259345731249456
0.2963290166062788
0.29149748735364606
0.7156971175968336
0.616048276404319
0.8695123456667033
0.8715253193965833
0.3359626525079871
0.35129956752630476
0.0033850558654014962
0.004317080298450506
0.3735834713612588
0.04050728601575148
0.667861885309878
0.053131896925351266
0.3403667674893718
0.03999020666547491
0.012646853163155948
0.3098473037321355
0.36561000388918796
0.6759578296972011
0.29687279953366363
0.03601141043747103
0.39100519208177553
0.39788514348150594
0.6257641175239492
0.05298660242104806
0.35931952702552816
0.0
0.41733594756347386
0.40908452808098117
0.7051807993376609
0.816496580927722
0.7555086995874779
0.32753532342102853
0.07500335295908628
0.3398422174320761
0.8164965809277258
0.3318939970776885
0.3973008884752227
0.3407024484860636
0.674690639381716
0.8705419442846472
0.5203763151223247
0.681085062803127
0.5376275821979443
0.6808033430341176
0.420098147583926
0.8176936017909082
0.68140781906082
0.4082482904638544
0.6769996631969454
0.6047383664721977
0.6131609022687886
0.5467711820056281
0.5304114764239796
0.5144666475682058
0.5965776170578292
0.6787166866921133
0.5861582706859609
0.6243029524845335
0.3338392892572034
0.8189785678203338
0.35997548506939436
0.6982195999488177
0.284080694821868
0.2584014177972805
0.4375522458237153
0.03733065874807769
0.33012588978338236
0.4140873034223603
0.04563215128475239
0.0478894851948632
0.8470798240582469
0.3738151870487878
0.5106055171758402
0.7142171902184795
0.5254047542318163
0.27519106827190537
0.02636884490589957
0.9016264993847001
0.7507214851461961
0.5119929170716576
0.585501082570859
0.6784210224228162
0.008440473770294136
0.40936254279967604
0.2896491949797089
0.6019944125187427
0.3406853307395952
0.4129964801786616
0.043186236791974496
0.04613848576191128
0.04072180879297521
0.04639595126828598
0.8951351219231201
0.0
0.40894756849882324
0.25171915973917514
0.6025287601152138
0.5418038216841552
0.5161349367988817
0.5972668491374294
0.683389160235894
0.8164965809277256
0.44642062807942934
0.3170667659082653
0.4129824922408471
0.34373273841068874
0.29196859492188065
0.2804924184084212
0.3279109759622878
0.3586527098605656
0.28615413921666794
0.42901114238005045
0.352087869193968
0.008310010480894645
0.2695924277486311
0.3340984169060493
0.6813097204943057
0.04767206200914129
0.2694989697254137
0.035485035369088355
0.05128448460778178
0.7790911350055046
0.5327529809404729
0.03709657477119292
0.34973166034736847
0.4787282752312784
0.3662348163264841
0.31712659814898314
0.8781172865068296
0.1723475111860914
0.29571612253234714
0.3661081255606232
0.016464622907246967
0.4101060517233082
0.04886739280666646
0.41322880417595736
0.22749597973458663
0.2170877309134143
0.8398316040549054
0.5287246581911048
0.8686817651000294
0.33179774012183516
0.4131078312292684
0.6766155156459496
0.5139238850885438
0.7082032872758347
0.408248290463865
0.4421439817718772
0.5840452985364208
0.7205793049948054
0.2942392516677656
0.04367185399475513
0.32510683827834447
0.7169430710813118
0.3609020795211617
0.6707089220914472
0.40439753994745453
0.5522450735561523
0.012765073530108782
0.36395256687896027
0.05610387969392709
0.06152283357350139
0.42251448659500024
0.3103865018488366
0.42384279121225726
0.29266352523089134
0.8747677868466304
0.2454381834581972
0.6094999660561846
0.46014278742971737
0.7914538392983479
0.25823519371020276
0.2549523350037587
0.03329444566990674
0.24884578569028085
0.2940925843832509
0.28323328265995934
0.33337721778151796
0.2567397908579995
0.2495944888131067
0.3507418612270385
0.29187302954410926
0.004888328740752136
0.05402435137736829
0.0012246097058286668
0.33488391293652753
0.03576853237137851
0.5036626220683375
0.0015896180660295656
0.7815403008301381
0.021293284242805455
0.09034730282289287
0.27698857152509604
0.3300859306730978
0.009199836751350577
0.7607965350823732
0.6766220245418705
0.25120715769808527
0.4002130079627651
0.2818805628897608
0.008103381612055253
0.33491228767084574
0.5607109467599027
0.3033710906889522
0.7150011162407738
0.016612749866856093
0.5314410427243929
0.02332102202114522
0.2425296468386683
0.7156865962023014
0.3767545059525211
0.9037085593573501
0.005936743335010286
0.30972059968674104
0.3267866988026452
0.6875923209447943
0.36009000547619363
0.4888244912082437
0.6699970560202612
0.8709085210299634
0.28883927281040733
0.30609568585915764
0.6666666666666697
0.23512272287996858
0.29228837201979674
0.7121952383831861
0.594167007799873
0.36805345679579415
0.3817976447941182
0.0159464166072486
0.4301589148332526
0.2884750038794775
0.6846904876497932
0.3921298961434335
0.041449528247396804
0.002725620823629264
0.31553689204950064
0.27744554862001386
0.4397148408088181
0.4479126891357048
0.35641720344981037
0.015255795806766767
0.36681885863207386
0.40642259783024104
0.001020003376498648
0.5922012907126235
0.002278217471052126
0.34122414963936665
0.4165418254715183
0.5790516198415624
0.029948600842275734
0.05187115101352238
0.5868823187793627
0.36379247468257286
0.03497064150830184
0.002572727297199771
0.010466440477810712
0.34113332541725266
0.011563404171082169
0.01959134316214097
0.02106329050243248
0.35664044491676106
0.8724956016071541
0.037698742153968096
0.04235173586813817
0.3596021570997176
0.006912895558628832
0.0
0.33527730133281
0.2914537212598126
0.5938797016758676
0.2863844839011433
0.4272168921482006
0.5168825139867377
0.0
0.04292475028880679
0.0011896486985085953
0.6937600547383017
0.0043759919856971455
0.007147786872981156
0.05849576366505702
9.149386605593856E-4
0.46880033541649047
0.3460296196352589
0.41787735639711043
0.30471247442700333
0.0068025243297756294
0.03524476395292527
0.30757699805560246
0.011483353487570713
0.0394217508468479
0.3379290047778348
0.3337754729940719
0.5065183464305486
0.6734669123193938
0.4251128839615427
0.4255973803896098
0.04387480433461184
0.5649489768819677
0.009183170031844348
0.021532087864392035
0.46677931506756504
0.018686069629434997
0.25073767468588093
0.46121680083146244
0.7003447521158629
0.00660408868514104
0.3367324989902872
0.010214175841083917
0.012507808825338576
0.24012199873838475
0.8190493621912707
0.6973618120133928
0.3125561084218353
0.5342293698771592
0.5787645233558952
0.9999999999999651
0.34480504403902945
0.35963666409822037
0.38552799538842414
0.3474285173087995
0.25725393853759715
0.010734992083929574
0.5810046723495245
0.003116303408849586
0.05565043320646712
0.18392132413359952
0.016941708273781626
0.5028766384750625
0.3180817252239365
0.007960065064927888
0.32614759186621195
0.31227993230741347
0.3367101383585417
0.48990517400230277
0.4682109924614374
0.034996682911953035
0.009225541545519057
0.3108879233707705
0.7086063766506476
0.07647710080680067
0.31583062210647417
0.2647131399741653
0.46965770956977587
0.36211626149071025
0.0010196432357854463
0.6787981529444875
0.3674828415384144
0.35265930734691603
0.3392985404874518
0.30610609378904297
0.5261165427589184
0.03608342783847305
0.013136764360239923
0.0063129629856160645
0.32965442434667547
0.3235837261103982
0.014527722058579884
0.003982222958705314
0.23735730388883142
0.02603273915508117
0.019895061582644688
0.0
0.554059658383089
0.0348518776497895
0.04613990892262769
0.39361301848406854
0.3542284677084618
0.02103595910802705
0.22281629672861103
0.037648000851996495
0.3697536184396619
0.25233755128291474
0.31336551686465725
0.029531180697906383
0.03798380042189467
0.009398341149806677
0.5690890036157555
0.5391989189669023
0.5302599311128552
0.356434918857187
0.2657466070015782
0.019020147495654623
0.2853359519246892
0.018426211582532468
0.3166939412681111
0.0532981054013816
0.018792034816137615
0.009874895902190074
0.33544452397522756
0.420795930876961
0.5998732882650526
0.721207235339449
0.6758155538872428
0.7456313931310847
0.4475143342463581
0.7449501566480753
0.8298158740775051
0.5176922281701895
0.6954275667248184
0.7202213576692197
0.7169631658717531
0.2740684000027527
0.9999999999999997
0.8908996037077879
0.7524643704213455
0.6206158096545865
0.3611404780127616
0.5900470153936276
0.5822010877665795
0.7237984095278976
0.7438762425861636
0.48396554880726383
0.48821651790130033
0.6708179275320271
0.9999999999999909
0.2856640870066151
0.1965546275062784
0.012669311446489553
0.8196338242801202
0.22901395664823224
0.6807343684135081
0.6924456474251198
0.608910938992517
0.8014229059441036
0.26524257247278116
0.6071941699234513
0.20204263278247478
0.85751794106694
0.3472472814095513
0.7215584313206415
0.47392952824939366
0.4753284291186689
1.0
0.4468587927154819
0.5713503503208698
0.49780008512559254
1.0000000000000042
0.27044241160251126
0.6807384600465165
0.6492601479826434
0.5182118482148259
0.5875646234722907
0.8953221893585585
0.6831820029429337
0.317713001286009
0.6353183667228308
0.7528854127424326
0.01323427976731717
0.36714843788228524
0.793220283642537
0.5274967740468818
0.7040459363557598
0.7993592562301649
0.5816817474872207
0.9999999999999941
0.5886992843476957
0.655532932926373
0.603633426913963
0.6934777846932356
0.7222041843400699
0.5900470153936276
0.6492601479826434
0.6555744488260179
0.49362339808060623
0.5486960025350215
0.8200575892030366
0.678193956632454
0.47058773040509877
0.5109799854690527
0.8361712174925247
0.7214693417107136
0.5419324701809772
0.7615098148697368
0.6310414145528489
0.43386451752329175
0.910933314621108
0.7212773720317741
0.6786418780031368
0.6134280877763028
0.85751794106694
0.4747374943813001
0.4701254753949278
0.6732109731241506
0.6814791001329965
0.5905737482455233
1.0000000000000022
0.5864074357022521
0.5688653846305652
1.000000000000004
0.8189129955875399
0.4647745952276601
0.7518576558543862
0.7292355528162203
0.8019627961152362
1.0000000000000597
0.9999999999999987
0.7238960856758347
0.31904751033492273
0.6953688209961736
0.8520902495662149
0.7172682815119498
0.20344652150789755
0.596215823106095
0.5260176876525471
0.5173915004644581
0.35521401761768306
0.5873540308762533
0.7809373323743162
0.6719519487271652
0.006194681365508352
0.006974956281846038
0.025361155829690212
0.17414374220623635
0.47280297583333425
0.7506446229642504
0.682607118728466
0.43191710317013055
0.7365303339271561
0.5784387805210655
0.35254453973845173
0.47834114055913496
0.7340893700536235
0.02947110042284137
0.35553668180523523
0.7613799456385941
0.3419297616273635
0.6905349723541352
0.5939045260580631
0.32417772766181063
0.6959040829882397
0.7765202543183297
0.4813663439257601
0.6550128148672336
0.40660614125196753
0.43572180975525054
0.8551488434278995
0.6444957814773364
0.6301773063317263
0.5717252724790317
0.44921864478987744
0.8908675635854009
0.0
0.4322177981564057
0.8073581201784517
0.5651114794559028
0.790472297516835
0.48818481727031043
1.000000000000004
0.7925595974922531
0.4338846541200389
0.6733957098007567
0.5804216537429496
0.9372154677501385
0.7819337575949897
0.005828594668838094
0.822294665908233
0.04606865634250637
0.47761499335373714
0.8233045047034921
0.6800461980612444
0.3660126064885861
0.0
0.823978265950587
0.6080687043006122
0.9105087895947392
0.7604840292976147
0.3784608197729151
0.18049704652753354
0.4324658633149606
0.6840856438707807
0.6335101892377822
0.4701254753949278
0.21141794212292223
0.8669386838673784
0.3623622746907034
0.18758971065471738
0.8859733434130223
0.6705137233491554
0.6071941699234513
0.22901395664823224
0.2201422580720261
0.4016650332715851
0.9299842891097685
0.35026471070709536
0.5151690058311156
0.5182118482148259
0.7071067811865485
1.0000000000000022
0.7498780570511256
0.49705051789100557
0.5135557628368901
0.4052358872496269
0.3851643684482004
0.6049919672306083
0.9999999999999974
0.6440443764490438
0.6052234459281643
0.5160725315140177
0.021399250008539247
0.5359255349333051
0.7240780187796637
0.9273576423026487
0.6325462463953647
0.3993058215961441
0.49826713625414054
1.0000000000000175
0.6241926136612986
0.03195057232962459
0.5804216537429496
0.7185336759287694
1.000000000000041
0.6585615421974892
0.6068139849772753
0.023996035556604525
0.6862718548902922
0.6375884794430673
0.8327013623283979
1.000000000000001
0.7680654999883495
0.4128706674102131
0.7172682815119498
0.7415541314212726
0.7803768345159987
0.474145489356773
0.18746239152505603
0.3927685880876929
0.0
0.7046951860892646
0.8715907897132077
0.5182118482148259
0.8669386838673784
0.7185336759287694
0.7372222536778427
0.44437317704795914
0.29220946664444397
0.8689362779316973
0.816496580927726
0.8327013623283979
0.6173461276485788
0.6397161337124964
0.48630531536971633
0.7783442974338801
0.5805481956910685
0.7676113893243973
0.7524338711612831
1.0000000000000042
0.4582750860084499
0.6325462463953647
0.9999999999999974
0.7518678128767763
0.6888397545203175
0.733876287244188
0.6325462463953647
0.5394812147725286
0.42238766807404193
0.616959700905884
0.5769225655329794
0.793229206115685
0.8466999219380369
0.32884616251489507
0.9450524541622009
0.19939197935996555
0.42238766807404193
0.6799174468206675
0.6153156025480105
0.5011334900720975
0.7646492392621015
0.7071067811865472
0.6858085981708192
0.9999999999999941
0.5553668941134395
0.4693628486485228
0.5900470153936276
1.0000000000000069
0.7886361274492649
0.6761129942521077
0.4431623635768984
0.6159593519953962
0.9372154677501385
0.6446694467589561
0.910933314621108
0.8707402153224143
0.893018804437221
0.8660254037844412
0.6276921359073382
0.0
1.0000000000000115
0.5799593419457911
0.8660254037844412
0.7053439588691685
0.30066534982284077
0.011953707537334412
0.5787637266016108
0.6877180958367145
0.5379763936869904
0.816496580927726
0.025478960159996518
0.5658648191403722
0.7071067811865477
0.9999999999999997
0.7245675818418701
0.5436467044834786
0.6302943377411212
0.012669311446489553
0.5606455336833128
0.8242119912443997
0.5528781067482154
0.8685582342692016
0.395310643755701
0.19389578765062285
0.7171297560950741
0.26964096094058915
0.639051865126125
0.8315264353775308
0.678193956632454
0.8052350546136076
0.469857330824693
0.7758312292395403
0.21236781763562984
0.3355486940429671
0.46645661447229114
0.5556578681094722
0.6141875875509564
0.5825453243872561
0.0
0.21960154103705548
0.6562588678857835
0.7387254332308021
0.5270006927449126
0.3457241649002447
0.5022767168665372
0.5579029614052028
0.8283476200313336
0.7774573132950554
0.5640891568384386
0.775980555655529
0.7410111865998145
0.6159593519953962
0.2201422580720261
0.5240488940027562
0.7514348580963234
0.900481645289537
0.021399250008539247
0.5302754305501994
0.42269625275765665
0.47954968016172367
0.9076008599319344
0.8669386838673784
0.6721595145480254
0.7828456233766101
0.6087050317109619
0.9999999999999961
0.5174276025770148
0.5681268766187699
0.575722117197803
0.5967984936663097
0.6101571473983539
0.5970921267861524
0.047838921683398504
0.7531021655696044
0.48703172978115616
0.6225667451180632
0.3824038032061915
0.35353308723126897
0.6018948171585677
0.6536465935486895
0.7391115414706364
0.44591466088613807
0.8437750487146238
0.42238766807404193
0.012669311446489553
0.8119309843858602
0.4368545673228877
0.48630531536971633
0.19730537536647264
0.8301731414555082
0.46456298062703194
0.5189016448408631
0.5525424358673146
0.7114218051959351
0.9999999999999989
0.7766573952635617
0.6536465935486895
0.6195367713816278
0.5381890060090505
0.2826942402491997
0.18758971065471738
0.87004762960935
0.5584416196556877
0.7308859301684929
0.3457241649002447
0.30400714927726463
0.3739947189435303
0.6874739253410186
0.59495050444926
0.5859395764391372
0.48904359891846216
0.7993592562301649
0.6780029360835105
0.5752755623305007
0.835124373443049
1.0000000000000022
0.9372979245830011
0.012669311446489553
0.5602897017249622
0.5512882833914914
0.4415420280981053
0.7114218051959351
0.7683737624237506
0.5859395764391372
0.1820443505975071
0.35042973511473574
0.835124373443049
0.7872382893943818
0.5412137117677602
0.5875646234722905
0.4737448990768995
0.5725142313198334
0.7993592562301649
0.9450524541622009
0.38091777701781865
0.3862518625822421
0.4843281172224146
0.3156935965051066
0.6123724356957958
0.5774370675564561
0.6431830756737863
0.2874781273533339
0.5761845677044062
0.8025465542078454
1.000000000000041
0.47634492722672783
0.6780549288828805
0.2012526699375959
0.44591466088613807
0.5412666885797813
0.6861474453683168
0.40550525906524965
0.7604840292976147
0.8077172682010016
0.7334250784772708
0.7224636045037534
0.575722117197803
0.6758155538872428
0.8838564895525786
0.44341683375512486
0.6199984810609298
0.48703172978115616
0.17059087065368947
0.35609400090252374
0.7845500146880803
0.40550525906524965
0.0054638094476506
0.4701254753949278
0.7651391148085368
0.714801462043871
0.005444688531726121
0.7682066022284743
0.7983729950916876
0.45888043249685756
0.7864884598178078
0.39452408157697877
0.40291036543846614
0.5691111619952237
0.8691985286829266
0.8437750487146238
0.1407388897823744
0.6018789610989661
0.4682823069889121
0.6196153123238742
0.6664647343053473
0.7346714007556313
0.18320449484499018
0.5270112498076174
0.8313439703357016
0.4130946589474658
0.5804527892758454
0.6049901346689989
0.3162106303655143
0.6252220420751251
0.6074171989512088
0.5645975890245288
0.5669343216219106
0.48484968269343065
0.7040454546279961
0.42964712652970805
0.6262664676342794
0.41204252720426493
0.5763543598435773
0.15228955410705955
0.6307696376564057
1.0000000000000022
0.6047322321740528
0.6754241599876906
0.6353765092015353
0.3832795534223748
0.4353584415809616
0.7453673564776095
0.7138002230367668
0.6830042924061018
0.8740328303799922
0.5713503503208701
0.6033071086645273
0.21436600961604035
0.35955625321967644
0.46961026548137363
0.6144232055616837
0.49478999347318303
0.5109799854690528
0.40550525906524965
0.8038764044157914
0.5669359111381685
0.31597347835344075
0.6362801723486515
0.40550525906524965
0.5080022375002191
0.44441449127446864
0.5997899986445528
0.6401370497946262
0.5012973173904309
0.5669683814019776
0.793229206115685
0.45331671690384007
0.18852077912688617
0.61960733622299
0.793229206115685
0.4954481675962985
0.8063481755877653
0.29277698783384637
0.7295570138558107
0.0
0.305497644913848
0.5362865061642671
0.5170656649281785
0.46135010910613694
0.8490475111889006
0.6245685580614988
0.8859628029793735
0.5238389650793596
0.401885202508817
0.8017876804559063
0.282643387715459
0.835124373443049
0.6145639722910161
0.8466223885553749
0.7874516967218405
0.8194312328608502
0.5669359111381685
0.5596349729541736
0.5463356317106232
0.5750354664492108
0.19566562547098473
0.522897624224188
0.8805208495539225
0.29198908526115896
0.6786418780031368
0.35286603221594337
0.564852648492021
0.6011806820443613
0.8361712174925247
0.500302587277533
0.7594199418643538
0.7499881895839834
0.5885357588732386
0.7429648791411481
0.8691985286829266
0.7122641807135806
1.0
0.48630531536971633
0.9275681184419654
0.7225070155775535
0.019152243161156136
0.6888787924609469
0.24514582495222426
0.3933199270300498
0.9999999999999941
0.8660254037844412
0.7968720953434252
0.4470014758229585
0.19404359249715128
0.5069403882536384
0.49021245995500795
0.4848146078348406
0.582756813662447
0.8044678074974237
0.793229206115685
0.36319679163857144
0.9999999999999989
0.8423630561630431
0.22217225706494745
0.3623622746907034
1.000000000000004
0.6437551836850114
0.1840141816392588
0.5546173607148069
0.182177934089551
0.6585504861889694
0.5810204398309256
0.6325462463953647
0.29473844540148036
0.2874274533519389
0.7147079410392068
0.36184347791185406
0.9999999999999974
0.3159049273830171
1.0
0.7842603501658783
0.4701254753949278
0.563372268047521
0.7688699613203153
0.39039790226466436
0.5720461554741865
0.6038438878431238
0.6802575501229627
0.9999999999999974
0.6068139849772753
0.44591466088613807
0.6555744488260179
0.25430617658601895
0.7817686603006536
1.0
0.6446694467589561
0.6088119915122888
0.821793780900225
0.640874948613993
0.8200575892030366
0.5933087768627059
0.32205509290495377
0.6369002181431292
0.611788357238211
0.5802426197599021
0.8223965515880862
0.187439003540807
0.7185336759287694
0.706538588359794
0.8327013623283979
0.7872549042051085
0.8691985286829266
0.553806727229977
0.8437750487146238
0.5128979205774018
0.7334250784772708
0.7591320038193592
0.6437031199147126
0.5401634136570317
0.7770526363471265
0.53421517886729
0.7847899996477656
0.40280040785563825
0.8301731414555082
0.6767232094900406
0.6869253753842962
0.634598508898617
0.8175111913023526
0.24188173601293525
0.3733432247034234
0.6302943377411212
0.8805208495539225
0.49851392844329284
0.7484149333005529
0.4339641862963023
0.43064299299619513
0.18201049458179988
0.7514341831114751
0.1807775673107174
0.2963108050598226
0.23926934977901587
0.8189129955875399
0.5359255349333051
0.9999999999999987
0.18496688482695917
0.9999999999999947
0.6556622283867038
0.5628540811919094
0.5302754305501994
0.6066064977191572
0.6056765199850119
0.7415541314212726
0.4439102407080159
0.236209476656875
0.7040137890714743
0.4147150368111132
0.5307276550489827
0.8660254037844412
0.575722117197803
0.6415619833186028
0.7393210343942421
0.2055753303444197
0.7496107902775703
0.0
0.9999999999999997
0.40287022685111323
0.5399683657346027
0.35609400090252374
0.8685582342692016
0.8466778495144301
0.7987931330145673
0.4067419804799994
0.5819585349181134
0.9999999999999974
0.7510223590711813
0.4032142222898801
0.8129685145039127
0.9999999999999987
0.7594199418643538
0.29753154630601586
0.5502008735197292
0.6876115529647892
0.48630531536971633
0.86693271836105
0.21578426429270287
0.5850575501036002
0.3745652306015667
1.000000000000001
0.4601795144932629
0.016779796189003847
0.5942574458171176
0.6249383730947857
0.6727105950005903
0.6279181574734489
0.33270808064473184
1.0000000000000022
0.5484991151878288
0.33887382936546573
