0.6619718309859155
0.7464788732394366
0.971830985915493
0.9859154929577465
0.7746478873239436
0.38028169014084506
0.676056338028169
0.5211267605633803
0.704225352112676
0.9014084507042254
0.9577464788732394
0.9577464788732394
0.5070422535211268
0.4788732394366197
0.5352112676056338
0.6901408450704225
0.9436619718309859
0.5070422535211268
0.5070422535211268
0.6338028169014085
0.9436619718309859
0.9577464788732394
0.4084507042253521
0.6197183098591549
0.9436619718309859
0.5070422535211268
0.5633802816901409
0.4507042253521127
0.8028169014084507
0.6851851851851852
0.37962962962962965
0.4166666666666667
0.7962962962962963
0.4074074074074074
0.3055555555555556
0.19444444444444445
0.17592592592592593
0.12962962962962962
0.1388888888888889
0.46296296296296297
0.4351851851851852
0.19444444444444445
0.06481481481481481
0.6296296296296297
0.6759259259259259
0.2777777777777778
0.4537037037037037
0.21296296296296297
0.6018518518518519
0.2037037037037037
0.16666666666666666
0.19444444444444445
0.3148148148148148
0.4074074074074074
0.35185185185185186
0.46296296296296297
0.05555555555555555
0.6111111111111112
0.9642857142857143
0.8928571428571429
0.75
0.8928571428571429
0.6785714285714286
0.7857142857142857
0.7142857142857143
0.7857142857142857
0.6785714285714286
0.4642857142857143
0.9642857142857143
0.6071428571428571
0.42857142857142855
0.6785714285714286
0.75
1.0
0.8571428571428571
0.8928571428571429
0.9285714285714286
0.7857142857142857
0.5714285714285714
0.5714285714285714
1.0
0.6071428571428571
0.5714285714285714
0.6785714285714286
0.6428571428571429
0.5714285714285714
0.9285714285714286
0.5238095238095238
0.6190476190476191
0.7142857142857143
1.0
0.9523809523809523
0.2857142857142857
0.3333333333333333
0.38095238095238093
0.9523809523809523
0.19047619047619047
0.7619047619047619
0.5714285714285714
0.38095238095238093
0.9047619047619048
0.5714285714285714
0.9047619047619048
0.9523809523809523
0.8571428571428571
0.5714285714285714
0.9047619047619048
0.6190476190476191
0.19047619047619047
1.0
0.3333333333333333
0.5238095238095238
0.9523809523809523
1.0
0.8571428571428571
0.9047619047619048
0.5
0.7954545454545454
0.7727272727272727
0.9545454545454546
0.9545454545454546
0.5681818181818182
0.7954545454545454
0.8409090909090909
0.5
0.6136363636363636
0.8636363636363636
0.7727272727272727
0.5909090909090909
0.4772727272727273
0.7954545454545454
0.9090909090909091
0.6363636363636364
0.7954545454545454
0.3409090909090909
0.5909090909090909
0.75
0.7045454545454546
0.4772727272727273
0.7272727272727273
0.75
0.8636363636363636
0.8636363636363636
0.8863636363636364
0.8409090909090909
0.4697986577181208
0.26174496644295303
0.6308724832214765
0.5167785234899329
0.4966442953020134
0.38926174496644295
0.5503355704697986
0.40939597315436244
0.19463087248322147
0.37583892617449666
0.4429530201342282
0.09395973154362416
0.06040268456375839
0.6711409395973155
0.3288590604026846
0.4563758389261745
0.2684563758389262
0.48322147651006714
0.22818791946308725
0.3422818791946309
0.11409395973154363
0.2483221476510067
0.28859060402684567
0.40268456375838924
0.4966442953020134
0.5771812080536913
0.44966442953020136
0.348993288590604
0.7046979865771812
0.5671641791044776
0.8805970149253731
0.7910447761194029
0.9701492537313433
0.8208955223880597
0.6865671641791045
0.7014925373134329
0.582089552238806
0.835820895522388
0.9253731343283582
0.8955223880597015
0.7014925373134329
0.6716417910447762
0.4925373134328358
0.4925373134328358
0.8059701492537313
0.7313432835820896
0.5373134328358209
0.7014925373134329
0.5522388059701493
0.5074626865671642
0.7611940298507462
0.746268656716418
0.6119402985074627
0.9253731343283582
0.1044776119402985
0.5970149253731343
0.835820895522388
0.8955223880597015
0.7708333333333334
0.5625
0.75
0.875
0.25
0.5625
0.7083333333333334
0.4791666666666667
0.6875
0.3333333333333333
0.5625
0.5625
0.5625
0.4583333333333333
0.8125
0.3125
0.6041666666666666
0.4791666666666667
0.4791666666666667
0.4583333333333333
0.6875
0.6875
0.6041666666666666
0.6458333333333334
0.3541666666666667
0.6875
0.375
0.5
0.4166666666666667
0.6458333333333334
0.45180722891566266
0.4578313253012048
0.6265060240963856
0.6807228915662651
0.6506024096385542
0.6144578313253012
0.3373493975903614
0.6686746987951807
0.5542168674698795
0.6024096385542169
0.5180722891566265
0.4879518072289157
0.25301204819277107
0.7349397590361446
0.5903614457831325
0.43373493975903615
0.3253012048192771
0.5421686746987951
0.6265060240963856
0.6746987951807228
0.43373493975903615
0.6265060240963856
0.3795180722891566
0.39759036144578314
0.5
0.5662650602409639
0.24096385542168675
0.463855421686747
0.6144578313253012
0.6265060240963856
0.4708994708994709
0.6349206349206349
0.5238095238095238
0.5767195767195767
0.3968253968253968
0.5238095238095238
0.32275132275132273
0.4708994708994709
0.48677248677248675
0.37566137566137564
0.328042328042328
0.42857142857142855
0.3439153439153439
0.4708994708994709
0.582010582010582
0.43386243386243384
0.2962962962962963
0.19576719576719576
0.37566137566137564
0.164021164021164
0.3333333333333333
0.6084656084656085
0.4444444444444444
0.3915343915343915
0.36507936507936506
0.5396825396825397
0.2962962962962963
0.32275132275132273
0.3968253968253968
0.6402116402116402
0.37267080745341613
0.09937888198757763
0.2608695652173913
0.2981366459627329
0.2484472049689441
0.14906832298136646
0.21739130434782608
0.14285714285714285
0.2981366459627329
0.2732919254658385
0.19875776397515527
0.14906832298136646
0.09937888198757763
0.32298136645962733
0.4409937888198758
0.40372670807453415
0.3105590062111801
0.2670807453416149
0.19254658385093168
0.37267080745341613
0.22981366459627328
0.2484472049689441
0.32298136645962733
0.2422360248447205
0.37888198757763975
0.2670807453416149
0.16770186335403728
0.19875776397515527
0.19254658385093168
0.5031055900621118
0.4117647058823529
0.6470588235294118
0.8823529411764706
0.7058823529411765
0.8235294117647058
0.0
0.47058823529411764
0.11764705882352941
0.5882352941176471
0.17647058823529413
0.5882352941176471
0.29411764705882354
0.23529411764705882
0.7058823529411765
0.9411764705882353
0.7058823529411765
0.8823529411764706
0.29411764705882354
0.35294117647058826
0.17647058823529413
0.11764705882352941
0.11764705882352941
0.6470588235294118
0.5882352941176471
0.11764705882352941
0.47058823529411764
0.47058823529411764
0.11764705882352941
0.5882352941176471
0.47058823529411764
0.5333333333333333
0.8717948717948718
0.5948717948717949
0.4564102564102564
0.5076923076923077
0.48717948717948717
0.31794871794871793
0.6153846153846154
0.5794871794871795
0.4
0.441025641025641
0.38461538461538464
0.2923076923076923
0.6
0.5897435897435898
0.6102564102564103
0.48717948717948717
0.5641025641025641
0.441025641025641
0.6358974358974359
0.441025641025641
0.24102564102564103
0.4666666666666667
0.5538461538461539
0.4461538461538462
0.6974358974358974
0.4256410256410256
0.5128205128205128
0.5897435897435898
0.4666666666666667
0.5
0.4146341463414634
0.47560975609756095
0.024390243902439025
0.5853658536585366
0.5975609756097561
0.5487804878048781
0.4024390243902439
0.47560975609756095
0.4634146341463415
0.4634146341463415
0.3780487804878049
0.34146341463414637
0.6585365853658537
0.5975609756097561
0.4268292682926829
0.6219512195121951
0.3170731707317073
0.5609756097560976
0.3902439024390244
0.4146341463414634
0.34146341463414637
0.47560975609756095
0.36585365853658536
0.3048780487804878
0.3048780487804878
0.23170731707317074
0.2682926829268293
0.5121951219512195
0.2804878048780488
0.7543859649122807
0.7192982456140351
0.8947368421052632
0.8245614035087719
0.8947368421052632
0.47368421052631576
0.6666666666666666
0.3157894736842105
0.7719298245614035
0.8070175438596491
0.8947368421052632
0.8947368421052632
0.8070175438596491
0.42105263157894735
0.5964912280701754
0.8245614035087719
0.5263157894736842
0.43859649122807015
1.0
0.8771929824561403
0.8771929824561403
0.6140350877192983
0.8771929824561403
0.47368421052631576
0.8947368421052632
0.8771929824561403
0.7368421052631579
0.47368421052631576
0.631578947368421
0.5087719298245614
0.9649122807017544
1.0
0.6363636363636364
1.0
1.0
1.0
0.9090909090909091
0.8181818181818182
0.5454545454545454
0.9090909090909091
0.36363636363636365
1.0
1.0
0.45454545454545453
0.7272727272727273
0.7272727272727273
1.0
0.6363636363636364
0.7272727272727273
0.8181818181818182
0.45454545454545453
0.9090909090909091
0.45454545454545453
0.45454545454545453
0.9090909090909091
0.5454545454545454
0.2727272727272727
0.5454545454545454
0.9090909090909091
0.7272727272727273
0.8181818181818182
0.8181818181818182
0.6951219512195121
0.8414634146341463
0.7804878048780488
0.5
0.7439024390243902
0.6219512195121951
0.5121951219512195
0.43902439024390244
0.6097560975609756
0.6097560975609756
0.5
0.43902439024390244
0.524390243902439
0.3048780487804878
0.4268292682926829
0.8536585365853658
0.6341463414634146
0.10975609756097561
0.5975609756097561
0.7926829268292683
0.5
0.5609756097560976
0.24390243902439024
0.5121951219512195
0.6219512195121951
0.7682926829268293
0.6951219512195121
0.3170731707317073
0.7317073170731707
0.47560975609756095
0.8414634146341463
0.4861111111111111
0.4027777777777778
0.4583333333333333
0.6527777777777778
0.5138888888888888
0.3611111111111111
0.3472222222222222
0.4583333333333333
0.3472222222222222
0.4444444444444444
0.4444444444444444
0.4583333333333333
0.5694444444444444
0.2916666666666667
0.5
0.7361111111111112
0.4722222222222222
0.3055555555555556
0.5416666666666666
0.4027777777777778
0.4722222222222222
0.4027777777777778
0.5138888888888888
0.625
0.4305555555555556
0.5972222222222222
0.3472222222222222
0.375
0.4583333333333333
0.5555555555555556
0.7083333333333334
0.43209876543209874
0.41358024691358025
0.6172839506172839
0.5679012345679012
0.41975308641975306
0.24691358024691357
0.41358024691358025
0.3148148148148148
0.2839506172839506
0.15432098765432098
0.3271604938271605
0.4012345679012346
0.06790123456790123
0.2345679012345679
0.2654320987654321
0.42592592592592593
0.32098765432098764
0.15432098765432098
0.16666666666666666
0.16049382716049382
0.2037037037037037
0.3395061728395062
0.3148148148148148
0.3148148148148148
0.20987654320987653
0.4012345679012346
0.05555555555555555
0.2345679012345679
0.16049382716049382
0.20987654320987653
0.6296296296296297
0.6097560975609756
0.3780487804878049
0.7073170731707317
0.8414634146341463
0.7317073170731707
0.32926829268292684
0.5609756097560976
0.25609756097560976
0.6341463414634146
0.47560975609756095
0.47560975609756095
0.6097560975609756
0.32926829268292684
0.47560975609756095
0.6707317073170732
0.8292682926829268
0.5
0.43902439024390244
0.5365853658536586
0.5
0.7195121951219512
0.5365853658536586
0.6097560975609756
0.6463414634146342
0.5121951219512195
0.4634146341463415
0.5365853658536586
0.3780487804878049
0.3780487804878049
0.43902439024390244
0.7073170731707317
0.7473684210526316
0.5894736842105263
0.6631578947368421
0.9157894736842105
0.7789473684210526
0.5894736842105263
0.5473684210526316
0.3473684210526316
0.35789473684210527
0.43157894736842106
0.8421052631578947
0.8631578947368421
0.10526315789473684
0.30526315789473685
0.5368421052631579
0.8421052631578947
0.5684210526315789
0.30526315789473685
0.6947368421052632
0.47368421052631576
0.8736842105263158
0.8421052631578947
0.8526315789473684
0.631578947368421
0.7578947368421053
0.8210526315789474
0.6210526315789474
0.6842105263157895
0.5157894736842106
0.4105263157894737
0.6947368421052632
