0.6538461538461539
0.6363636363636364
0.5333333333333333
0.95
0.3684210526315789
0.35294117647058826
0.6666666666666666
0.7368421052631579
0.7058823529411765
0.6111111111111112
0.64
0.9166666666666666
0.75
0.875
0.5833333333333334
0.7222222222222222
0.6923076923076923
0.4666666666666667
0.6666666666666666
0.8823529411764706
0.7142857142857143
0.46153846153846156
0.46153846153846156
0.5
0.38461538461538464
0.8888888888888888
0.7777777777777778
0.5263157894736842
0.782608695652174
0.52
0.7333333333333333
0.5238095238095238
0.5
0.8636363636363636
0.6470588235294118
0.5
0.6428571428571429
0.5833333333333334
0.8666666666666667
0.6666666666666666
0.8
0.4
0.7142857142857143
0.5833333333333334
0.5882352941176471
0.631578947368421
0.75
0.6470588235294118
0.7272727272727273
0.7741935483870968
0.7222222222222222
0.88
0.7307692307692307
0.5625
0.5
0.5555555555555556
0.6
0.5416666666666666
0.5
0.5416666666666666
0.625
0.7222222222222222
0.75
0.6
0.5
0.8333333333333334
0.8571428571428571
0.5833333333333334
0.6666666666666666
0.782608695652174
0.8260869565217391
0.7142857142857143
0.6428571428571429
0.6923076923076923
0.6666666666666666
0.7333333333333333
0.8
0.6666666666666666
0.45454545454545453
0.7222222222222222
0.8214285714285714
0.5384615384615384
0.6363636363636364
0.5714285714285714
1.0
0.6111111111111112
0.75
0.6470588235294118
0.5555555555555556
0.8
0.8636363636363636
0.6296296296296297
0.6428571428571429
0.6521739130434783
0.6363636363636364
0.7894736842105263
0.6666666666666666
0.7222222222222222
0.5555555555555556
0.9090909090909091
0.5
0.4583333333333333
0.5
0.5384615384615384
0.8181818181818182
0.55
0.5263157894736842
0.7142857142857143
0.5454545454545454
0.875
0.9166666666666666
0.6666666666666666
0.5333333333333333
0.6363636363636364
0.48148148148148145
0.6666666666666666
0.7083333333333334
0.6153846153846154
0.6153846153846154
0.5454545454545454
0.5
0.7777777777777778
0.4
0.5
0.5294117647058824
0.4666666666666667
0.8
0.5294117647058824
0.6956521739130435
0.5
0.5925925925925926
0.6190476190476191
0.75
0.92
0.6875
0.5833333333333334
0.6111111111111112
0.5483870967741935
0.8125
0.76
0.47368421052631576
0.4666666666666667
0.48148148148148145
0.6923076923076923
0.6190476190476191
0.45
0.85
0.7142857142857143
0.72
0.6
0.9285714285714286
0.6296296296296297
0.8
0.96
0.6923076923076923
0.47058823529411764
0.6
0.5714285714285714
0.5789473684210527
0.47058823529411764
0.631578947368421
0.6
0.5
0.6521739130434783
0.5294117647058824
0.5769230769230769
0.6875
0.6923076923076923
0.6206896551724138
0.5238095238095238
0.782608695652174
0.47619047619047616
0.6
0.64
0.5625
0.5714285714285714
0.6111111111111112
0.7931034482758621
0.47619047619047616
0.7777777777777778
0.6428571428571429
0.42857142857142855
0.5
0.6296296296296297
0.42105263157894735
0.75
0.7037037037037037
0.5454545454545454
0.4375
0.5217391304347826
0.5625
0.8125
0.6
0.45
0.7142857142857143
0.55
0.9166666666666666
0.5
0.84
0.5
0.7142857142857143
0.8076923076923077
0.5
0.5714285714285714
0.375
0.38461538461538464
0.76
0.75
0.5
0.7777777777777778
0.5625
0.5294117647058824
0.7083333333333334
0.8888888888888888
0.4166666666666667
0.9411764705882353
0.7647058823529411
0.6818181818181818
0.95
0.85
0.6666666666666666
0.8148148148148148
0.7368421052631579
0.6470588235294118
0.7058823529411765
0.7333333333333333
0.875
0.6923076923076923
0.36363636363636365
0.6
0.5909090909090909
0.7916666666666666
0.5833333333333334
0.7777777777777778
0.6470588235294118
0.5454545454545454
0.5
1.0
0.6111111111111112
0.8571428571428571
0.6428571428571429
0.5714285714285714
0.625
0.7368421052631579
0.6190476190476191
0.625
0.6666666666666666
0.42857142857142855
0.5454545454545454
0.7619047619047619
0.7391304347826086
0.9310344827586207
0.75
0.47058823529411764
0.95
0.625
0.75
0.4642857142857143
0.6538461538461539
0.6875
0.5714285714285714
0.7222222222222222
0.6
0.47368421052631576
0.5
0.9166666666666666
0.6666666666666666
0.6818181818181818
0.65
0.875
0.5
0.7857142857142857
0.4
0.631578947368421
0.6818181818181818
0.6470588235294118
0.7777777777777778
0.45454545454545453
0.65
0.6470588235294118
0.7
0.7
0.4166666666666667
0.42105263157894735
0.8947368421052632
0.631578947368421
0.5625
0.631578947368421
0.7368421052631579
0.6818181818181818
0.7058823529411765
0.7142857142857143
0.5
0.375
0.6875
0.9473684210526315
0.5789473684210527
0.8947368421052632
0.5789473684210527
0.7692307692307693
0.8571428571428571
0.42857142857142855
0.6666666666666666
0.5625
0.45
0.8
0.7058823529411765
0.7222222222222222
0.9375
0.6842105263157895
0.8695652173913043
0.7407407407407407
0.5714285714285714
0.5625
0.631578947368421
0.6666666666666666
0.6111111111111112
1.0
0.5294117647058824
0.7692307692307693
0.5833333333333334
0.5714285714285714
0.9444444444444444
0.625
0.7647058823529411
0.5882352941176471
0.375
0.47619047619047616
0.4583333333333333
0.47058823529411764
0.6666666666666666
0.6923076923076923
0.4583333333333333
0.5652173913043478
0.6428571428571429
0.5
0.4444444444444444
0.6923076923076923
0.6470588235294118
0.47058823529411764
0.9166666666666666
0.7142857142857143
0.6111111111111112
0.42105263157894735
0.47619047619047616
0.5
0.5454545454545454
0.4375
0.6
0.7272727272727273
0.6666666666666666
0.45
0.5454545454545454
0.625
0.5263157894736842
0.7
0.5909090909090909
0.6956521739130435
0.7931034482758621
0.7777777777777778
0.5
0.6875
0.55
0.6538461538461539
0.4666666666666667
0.47368421052631576
0.8235294117647058
0.6875
0.631578947368421
0.7307692307692307
0.8571428571428571
0.8333333333333334
0.45454545454545453
0.7777777777777778
0.5333333333333333
1.0
0.75
0.8666666666666667
0.6363636363636364
0.6363636363636364
0.8
0.5714285714285714
0.5454545454545454
0.45454545454545453
0.7777777777777778
0.5625
0.6153846153846154
0.6428571428571429
1.0
0.5555555555555556
0.5555555555555556
0.6666666666666666
0.5
0.625
0.52
0.7222222222222222
0.631578947368421
0.3333333333333333
0.7083333333333334
0.7272727272727273
0.7222222222222222
0.4666666666666667
0.4117647058823529
0.5625
0.55
0.6363636363636364
0.5333333333333333
0.4375
0.5454545454545454
0.8
0.8695652173913043
0.631578947368421
0.9090909090909091
0.7619047619047619
0.5333333333333333
0.45454545454545453
0.5555555555555556
0.9130434782608695
0.5
0.6923076923076923
0.72
0.38095238095238093
0.5384615384615384
0.5652173913043478
0.8928571428571429
1.0
0.6153846153846154
0.5333333333333333
0.6
0.5555555555555556
0.6538461538461539
0.8181818181818182
0.5714285714285714
0.7037037037037037
0.5909090909090909
0.75
0.55
0.631578947368421
0.5416666666666666
0.5714285714285714
0.5
0.8235294117647058
1.0
0.5714285714285714
0.7692307692307693
0.42105263157894735
0.5714285714285714
0.42857142857142855
0.6538461538461539
0.6923076923076923
0.75
0.782608695652174
0.6666666666666666
0.72
0.5
0.7777777777777778
0.75
0.7142857142857143
0.45454545454545453
0.9444444444444444
0.47619047619047616
0.45
0.7857142857142857
0.76
0.42105263157894735
0.7241379310344828
0.42105263157894735
0.7272727272727273
0.7857142857142857
0.7777777777777778
0.6206896551724138
0.5
0.5454545454545454
0.8571428571428571
0.6153846153846154
0.3333333333333333
0.6666666666666666
0.5882352941176471
0.65
0.5882352941176471
0.5833333333333334
0.5
0.4827586206896552
0.5882352941176471
0.5454545454545454
0.64
0.9047619047619048
0.8
0.5652173913043478
0.5882352941176471
0.625
0.8214285714285714
0.6521739130434783
0.64
0.5
0.6
0.6923076923076923
0.7777777777777778
0.6428571428571429
0.5454545454545454
0.9411764705882353
0.6363636363636364
0.6956521739130435
0.375
0.8571428571428571
0.9545454545454546
0.4444444444444444
0.5294117647058824
0.6
0.7692307692307693
0.47058823529411764
0.6521739130434783
0.47619047619047616
0.47058823529411764
0.625
0.7333333333333333
0.4666666666666667
0.6842105263157895
0.7647058823529411
0.5217391304347826
0.5454545454545454
0.5384615384615384
0.6666666666666666
0.38461538461538464
0.9444444444444444
0.5
0.6153846153846154
0.625
0.5
0.5294117647058824
0.4375
0.7142857142857143
0.8
0.7857142857142857
0.5384615384615384
0.6
0.75
0.6875
0.7391304347826086
0.7857142857142857
0.4
0.42857142857142855
0.631578947368421
0.65
0.4
0.4
0.6666666666666666
0.47058823529411764
0.5714285714285714
0.5789473684210527
0.7142857142857143
0.8636363636363636
0.9090909090909091
0.7222222222222222
0.7058823529411765
0.6086956521739131
0.6
0.7368421052631579
0.5384615384615384
0.5882352941176471
0.8
0.7407407407407407
0.5
0.47058823529411764
0.75
0.75
0.7333333333333333
0.9545454545454546
0.5666666666666667
0.5384615384615384
0.7333333333333333
0.5909090909090909
0.7333333333333333
0.6363636363636364
0.5833333333333334
0.5333333333333333
0.5238095238095238
0.6666666666666666
0.7727272727272727
0.8888888888888888
0.5263157894736842
0.625
0.3888888888888889
0.5
0.4074074074074074
0.8181818181818182
0.7727272727272727
0.8181818181818182
0.6190476190476191
0.5
0.6470588235294118
0.5
0.5652173913043478
0.9130434782608695
0.5
0.5294117647058824
0.5555555555555556
0.5882352941176471
0.5882352941176471
0.8095238095238095
0.8421052631578947
0.7
0.5
0.7391304347826086
0.7272727272727273
0.72
0.7368421052631579
0.5789473684210527
0.8235294117647058
0.6666666666666666
0.5294117647058824
0.6666666666666666
0.875
0.6
0.6875
0.6363636363636364
0.64
0.6666666666666666
0.5
0.4375
0.6666666666666666
0.7647058823529411
0.4117647058823529
0.7037037037037037
0.6956521739130435
0.5
0.8571428571428571
0.625
0.625
0.6470588235294118
0.4444444444444444
0.4375
0.45
0.8636363636363636
0.6086956521739131
0.5263157894736842
0.55
0.6521739130434783
0.6
0.5714285714285714
0.7931034482758621
0.5
0.3333333333333333
0.5625
1.0
0.7142857142857143
0.8636363636363636
0.6
0.7272727272727273
0.6666666666666666
0.5263157894736842
0.6666666666666666
0.5
0.8181818181818182
0.7058823529411765
0.8666666666666667
0.8333333333333334
0.8571428571428571
0.6
0.7647058823529411
0.4666666666666667
0.7142857142857143
0.5454545454545454
0.6
0.7894736842105263
0.47619047619047616
0.6470588235294118
0.6666666666666666
0.6190476190476191
0.5238095238095238
0.8
0.6153846153846154
0.9
0.5294117647058824
0.6666666666666666
0.6923076923076923
0.9333333333333333
0.5882352941176471
0.6818181818181818
0.9230769230769231
0.5555555555555556
0.6363636363636364
0.5217391304347826
0.5
0.8333333333333334
0.4827586206896552
0.8181818181818182
0.6363636363636364
0.5333333333333333
0.4666666666666667
0.9411764705882353
0.35294117647058826
0.48
0.7333333333333333
0.6666666666666666
0.4166666666666667
0.72
0.625
0.42857142857142855
0.5625
0.5714285714285714
0.7222222222222222
0.8571428571428571
0.7777777777777778
0.5789473684210527
0.6538461538461539
0.5217391304347826
0.45454545454545453
0.7142857142857143
0.6875
0.6896551724137931
0.47058823529411764
0.8461538461538461
0.6538461538461539
0.8095238095238095
0.5909090909090909
0.4166666666666667
0.8260869565217391
0.5714285714285714
0.6206896551724138
0.7857142857142857
0.7916666666666666
0.5
0.6296296296296297
1.0
0.6
0.6666666666666666
0.8695652173913043
0.5769230769230769
0.5714285714285714
0.7391304347826086
0.6666666666666666
0.7037037037037037
0.5625
0.625
0.5416666666666666
0.8095238095238095
0.6666666666666666
0.4666666666666667
0.8636363636363636
0.45454545454545453
0.6538461538461539
0.9
0.5294117647058824
0.7142857142857143
0.4444444444444444
0.6923076923076923
0.6111111111111112
0.5454545454545454
0.6153846153846154
0.8333333333333334
0.9
0.75
0.8888888888888888
0.8571428571428571
0.8333333333333334
0.8333333333333334
0.8333333333333334
0.75
0.75
0.8
0.6666666666666666
0.875
0.5714285714285714
0.8333333333333334
0.8333333333333334
0.8571428571428571
0.8333333333333334
0.8571428571428571
0.8333333333333334
0.875
0.8333333333333334
0.8333333333333334
1.0
0.7142857142857143
0.8571428571428571
0.75
1.0
0.8333333333333334
0.7142857142857143
0.8333333333333334
0.8571428571428571
0.8333333333333334
0.8333333333333334
0.7142857142857143
1.0
0.75
0.6
0.6666666666666666
0.8333333333333334
0.6666666666666666
0.6666666666666666
0.8333333333333334
0.8333333333333334
0.8333333333333334
0.8333333333333334
0.8333333333333334
0.8333333333333334
0.8333333333333334
0.8333333333333334
1.0
0.8333333333333334
0.7777777777777778
0.9
0.8571428571428571
0.8
0.8333333333333334
0.8333333333333334
0.8
0.8333333333333334
0.8333333333333334
0.8
0.5
0.8333333333333334
0.7142857142857143
0.6666666666666666
0.8333333333333334
0.8
1.0
0.7777777777777778
0.75
0.8
0.8333333333333334
0.8333333333333334
0.6666666666666666
0.6666666666666666
1.0
0.8571428571428571
0.8333333333333334
0.8571428571428571
0.6
0.75
0.7777777777777778
0.8333333333333334
0.7777777777777778
0.8888888888888888
0.75
0.6666666666666666
0.7142857142857143
0.6666666666666666
0.8333333333333334
0.7142857142857143
0.7142857142857143
0.8571428571428571
0.75
0.8888888888888888
0.8333333333333334
0.7142857142857143
0.8
0.75
0.7142857142857143
0.6
0.75
0.8571428571428571
0.6666666666666666
0.7142857142857143
0.8333333333333334
0.6666666666666666
0.5714285714285714
0.8
0.8333333333333334
0.7
0.5555555555555556
0.7777777777777778
0.625
0.8571428571428571
0.7142857142857143
0.6666666666666666
0.7
0.8333333333333334
0.8
0.8
0.6
0.8
0.8
0.8
0.8
0.7777777777777778
0.6666666666666666
0.6666666666666666
0.6666666666666666
0.6666666666666666
0.75
0.7
0.7142857142857143
1.0
0.8333333333333334
0.8333333333333334
0.6666666666666666
0.5714285714285714
0.6666666666666666
0.7142857142857143
0.7142857142857143
0.5714285714285714
0.75
0.7142857142857143
1.0
0.8571428571428571
0.8333333333333334
0.75
0.875
0.6
0.8
0.6
0.8
0.8
0.6666666666666666
0.5
0.8
0.6666666666666666
0.6666666666666666
0.8333333333333334
0.6666666666666666
0.7142857142857143
0.7142857142857143
0.6666666666666666
0.7142857142857143
0.6666666666666666
0.8333333333333334
0.6666666666666666
0.75
0.5714285714285714
0.8571428571428571
0.75
0.6363636363636364
0.6666666666666666
0.7142857142857143
0.8
0.8571428571428571
0.8333333333333334
0.6666666666666666
0.6666666666666666
0.6666666666666666
0.8333333333333334
0.8333333333333334
0.6
0.8
0.8
0.6
0.8
0.6666666666666666
1.0
0.6666666666666666
0.75
0.7142857142857143
0.6666666666666666
0.5
0.6666666666666666
0.7142857142857143
0.6
0.8
0.6666666666666666
0.7142857142857143
1.0
0.8
0.5
0.7142857142857143
0.75
0.5
0.8
0.7142857142857143
0.7142857142857143
0.6666666666666666
0.7142857142857143
0.5714285714285714
0.6666666666666666
0.6666666666666666
0.8333333333333334
0.625
0.7142857142857143
0.75
0.7
0.8
0.8
0.6
0.7142857142857143
0.7142857142857143
0.625
0.6666666666666666
0.7142857142857143
0.5
0.5714285714285714
0.5
0.6666666666666666
0.5714285714285714
0.7142857142857143
0.6
0.625
0.625
0.5714285714285714
0.7142857142857143
0.625
0.8
0.6666666666666666
0.8333333333333334
0.6666666666666666
0.6666666666666666
0.5714285714285714
0.5714285714285714
0.375
0.6
0.6
0.625
0.42857142857142855
0.7142857142857143
0.8333333333333334
0.625
0.6666666666666666
0.8333333333333334
0.8
0.6
1.0
0.42857142857142855
0.5
0.7142857142857143
0.6666666666666666
0.6666666666666666
0.6666666666666666
0.8
0.625
0.6666666666666666
0.7142857142857143
0.6666666666666666
0.7142857142857143
0.6666666666666666
0.5714285714285714
0.75
0.5
0.6666666666666666
0.5555555555555556
0.5
0.7142857142857143
0.6666666666666666
0.7142857142857143
0.625
0.6666666666666666
0.6666666666666666
0.6666666666666666
0.6
0.8333333333333334
0.5714285714285714
0.6666666666666666
0.5714285714285714
0.5
0.8
0.8571428571428571
0.6666666666666666
0.8
0.5
0.5
0.6666666666666666
0.7
0.625
0.7142857142857143
0.75
0.7142857142857143
0.8333333333333334
0.5
0.6666666666666666
0.6666666666666666
0.6666666666666666
0.625
0.8
0.5714285714285714
0.4444444444444444
0.625
0.42857142857142855
0.4444444444444444
0.4444444444444444
0.6666666666666666
0.6666666666666666
0.7142857142857143
0.42857142857142855
0.625
0.6666666666666666
0.6
0.6
0.6666666666666666
0.6666666666666666
0.6666666666666666
0.5
0.5714285714285714
0.5714285714285714
0.625
0.625
0.5
0.75
0.5555555555555556
0.6666666666666666
0.6666666666666666
0.5714285714285714
0.5714285714285714
0.6666666666666666
0.8
1.0
0.8571428571428571
0.5
0.5714285714285714
0.6666666666666666
0.6666666666666666
0.8
0.5333333333333333
0.5
0.5
0.6666666666666666
0.6666666666666666
0.5
0.6666666666666666
0.5
0.6
0.8571428571428571
0.75
0.625
0.5714285714285714
0.6666666666666666
0.5
0.6
0.375
0.5
0.42857142857142855
0.5
0.6666666666666666
0.42857142857142855
0.6
0.5714285714285714
0.5
0.6666666666666666
0.5714285714285714
0.5
0.5714285714285714
0.5714285714285714
0.75
0.5
0.5714285714285714
0.5
0.6666666666666666
0.8
0.5555555555555556
0.5
0.75
0.6666666666666666
0.5
0.6666666666666666
1.0
0.5714285714285714
0.6666666666666666
0.5714285714285714
0.7142857142857143
0.8571428571428571
0.6666666666666666
0.6666666666666666
0.7142857142857143
0.5
0.6
0.5
0.5454545454545454
0.6666666666666666
0.7142857142857143
0.8333333333333334
0.8
0.625
0.5714285714285714
0.375
0.6
0.5
0.6666666666666666
0.625
0.5714285714285714
0.5
0.6666666666666666
0.4
0.6666666666666666
0.625
0.8
0.5
0.5714285714285714
0.6666666666666666
0.5
0.3333333333333333
0.5333333333333333
0.8333333333333334
0.45454545454545453
0.8571428571428571
0.7142857142857143
0.5714285714285714
0.5714285714285714
0.625
0.5
0.5
0.625
0.6666666666666666
0.5
0.5
0.5
0.6
0.5
0.6666666666666666
0.42857142857142855
0.5
0.5
0.5
0.5
0.6666666666666666
0.5
0.5714285714285714
0.8
0.375
0.4444444444444444
0.6666666666666666
0.2857142857142857
0.3333333333333333
0.5555555555555556
0.5
0.6666666666666666
0.5714285714285714
0.6666666666666666
0.5
0.5714285714285714
0.42857142857142855
0.6666666666666666
0.6666666666666666
0.5
0.42857142857142855
0.5555555555555556
0.5
0.875
0.5
0.5
0.375
0.6
0.5384615384615384
0.5
0.5
0.5714285714285714
0.6
0.6
0.5714285714285714
0.42857142857142855
0.45454545454545453
0.6666666666666666
0.5
0.5
0.625
0.5
0.42857142857142855
0.5
0.45454545454545453
0.5263157894736842
0.4444444444444444
0.375
0.6666666666666666
0.6
0.625
0.6666666666666666
0.5555555555555556
0.5714285714285714
0.6
0.5555555555555556
0.45454545454545453
0.5
0.42857142857142855
0.5714285714285714
0.8333333333333334
0.42857142857142855
0.5714285714285714
0.6666666666666666
0.5
0.5714285714285714
0.6666666666666666
0.42857142857142855
0.5
0.4444444444444444
0.4444444444444444
0.6666666666666666
0.625
0.4444444444444444
0.5714285714285714
0.625
0.75
0.5
0.5
0.375
0.375
0.5
0.375
0.6666666666666666
0.5714285714285714
0.42857142857142855
0.4444444444444444
0.5
0.5
0.6
0.4
0.3333333333333333
0.6666666666666666
0.3333333333333333
0.4166666666666667
0.6
0.6
0.42857142857142855
0.5
0.4444444444444444
0.6666666666666666
0.5
0.42857142857142855
0.5714285714285714
0.5
0.5
0.5714285714285714
0.3333333333333333
0.6666666666666666
0.38461538461538464
0.4
0.5
0.14285714285714285
0.5
0.4
0.5
0.5714285714285714
0.5
0.625
0.5714285714285714
0.5
0.4444444444444444
0.4
0.25
0.5555555555555556
0.8333333333333334
0.25
0.4444444444444444
0.5714285714285714
0.375
0.4444444444444444
0.625
0.6
0.75
0.5
0.5
0.42857142857142855
0.4
0.4444444444444444
0.42857142857142855
0.5
0.3333333333333333
0.2857142857142857
0.5
0.3
0.42857142857142855
0.625
0.6666666666666666
0.375
0.5
0.5
0.5
0.4444444444444444
0.4
0.375
0.4444444444444444
0.25
0.3333333333333333
0.42857142857142855
0.7142857142857143
0.5
0.42857142857142855
0.5
0.2857142857142857
0.5714285714285714
0.5
0.5
0.625
0.42857142857142855
0.5714285714285714
0.25
0.3333333333333333
0.2857142857142857
0.5
0.5
0.2857142857142857
0.4444444444444444
0.5
0.5714285714285714
0.25
0.2857142857142857
0.375
0.42857142857142855
0.5
0.5714285714285714
0.375
0.42857142857142855
0.42857142857142855
0.5
0.375
0.42857142857142855
0.375
0.6666666666666666
0.5
0.42857142857142855
0.25
0.5
0.5
0.42857142857142855
0.5
0.5
0.3333333333333333
0.45454545454545453
0.2857142857142857
0.2857142857142857
0.6
0.42857142857142855
0.5
0.5555555555555556
0.5
0.4444444444444444
0.45454545454545453
0.25
0.4
0.5555555555555556
0.2857142857142857
0.42857142857142855
0.4444444444444444
0.6666666666666666
0.42857142857142855
0.42857142857142855
0.7142857142857143
0.4444444444444444
0.625
0.3333333333333333
0.5
0.25
0.42857142857142855
0.5
0.5
0.23076923076923078
0.6
0.2222222222222222
0.4444444444444444
0.3333333333333333
0.375
0.5
0.3333333333333333
0.36363636363636365
0.4444444444444444
0.6666666666666666
0.5714285714285714
0.5
0.42857142857142855
0.375
0.25
0.6
0.375
0.5
0.3333333333333333
0.3333333333333333
0.375
0.4
0.5
0.36363636363636365
0.375
0.3333333333333333
0.42857142857142855
0.5
0.25
0.375
0.5
0.16666666666666666
0.2857142857142857
0.3333333333333333
0.5
0.2
0.6
0.42857142857142855
0.5
0.8
0.25
0.5
0.4444444444444444
0.2857142857142857
0.42857142857142855
0.5714285714285714
0.375
0.6666666666666666
0.4444444444444444
0.3
0.2727272727272727
0.25
0.18181818181818182
0.375
0.4166666666666667
0.375
0.5714285714285714
0.125
0.42857142857142855
0.42857142857142855
0.42857142857142855
0.16666666666666666
0.16666666666666666
0.375
0.2857142857142857
0.5
0.3333333333333333
0.6666666666666666
0.6956521739130435
0.6818181818181818
0.8235294117647058
0.5277777777777778
0.7647058823529411
0.5625
0.5238095238095238
0.6551724137931034
0.8378378378378378
0.7142857142857143
0.6363636363636364
1.0
0.92
0.5789473684210527
0.46153846153846156
0.5238095238095238
0.8095238095238095
0.5454545454545454
0.6086956521739131
0.625
0.48
0.8
0.47368421052631576
0.8181818181818182
0.4146341463414634
0.2
0.4230769230769231
0.8
0.55
0.6829268292682927
0.56
0.6296296296296297
0.5652173913043478
0.6666666666666666
0.56
0.45454545454545453
0.7931034482758621
0.44642857142857145
0.6538461538461539
0.7083333333333334
0.6923076923076923
1.0
0.48214285714285715
0.65625
0.36363636363636365
1.0
0.5
0.8333333333333334
0.6875
0.5555555555555556
0.8095238095238095
0.6363636363636364
0.6
0.36363636363636365
0.8333333333333334
0.5789473684210527
0.3888888888888889
0.45454545454545453
0.7741935483870968
0.6
0.7333333333333333
0.782608695652174
0.6666666666666666
0.8666666666666667
0.7083333333333334
0.5192307692307693
0.5365853658536586
0.6470588235294118
0.7272727272727273
0.7619047619047619
0.75
0.6341463414634146
0.3
0.5365853658536586
0.5681818181818182
0.5
0.45454545454545453
0.6470588235294118
0.6666666666666666
0.6785714285714286
0.696969696969697
0.5909090909090909
0.5925925925925926
0.5555555555555556
0.9130434782608695
0.64
0.4444444444444444
0.6153846153846154
0.7931034482758621
0.6
0.7647058823529411
0.3888888888888889
0.6111111111111112
0.36666666666666664
1.0
0.85
0.625
1.0
0.782608695652174
0.6666666666666666
0.7058823529411765
0.6470588235294118
0.6818181818181818
0.96
1.0
0.5909090909090909
0.4838709677419355
0.6538461538461539
0.8064516129032258
0.6923076923076923
0.5
0.6333333333333333
0.6818181818181818
0.7586206896551724
0.56
0.6071428571428571
0.5
0.7272727272727273
0.35
0.125
0.5
0.65
0.3939393939393939
0.7586206896551724
0.47058823529411764
0.6363636363636364
0.6818181818181818
0.6071428571428571
0.64
0.55
0.5925925925925926
0.55
0.64
0.7142857142857143
0.4146341463414634
0.5217391304347826
0.65625
0.5882352941176471
0.56
0.8
0.6363636363636364
0.5909090909090909
0.525
0.6470588235294118
0.8695652173913043
0.4782608695652174
0.8888888888888888
0.7241379310344828
0.6190476190476191
0.76
0.0
0.5714285714285714
0.9444444444444444
0.6037735849056604
0.68
0.5238095238095238
1.0
0.6923076923076923
0.45454545454545453
0.7391304347826086
0.6470588235294118
0.9333333333333333
0.76
0.45
0.46153846153846156
0.375
0.6666666666666666
0.8064516129032258
0.6764705882352942
0.42857142857142855
0.0
0.7142857142857143
0.75
0.8095238095238095
0.7045454545454546
0.47619047619047616
0.3333333333333333
0.6818181818181818
0.8888888888888888
0.8125
0.7647058823529411
0.45161290322580644
1.0
0.5
0.4444444444444444
0.6666666666666666
0.7894736842105263
0.56
0.45
0.4444444444444444
0.5454545454545454
0.7
0.44
0.6136363636363636
0.6111111111111112
0.8333333333333334
0.7142857142857143
0.7741935483870968
0.575
0.6666666666666666
0.5714285714285714
0.5384615384615384
0.6521739130434783
1.0
0.7142857142857143
0.6923076923076923
0.85
0.4230769230769231
0.3939393939393939
0.5
0.8666666666666667
0.8333333333333334
0.7083333333333334
0.38461538461538464
0.9565217391304348
0.6792452830188679
0.55
0.6470588235294118
0.6666666666666666
0.625
0.6923076923076923
0.6190476190476191
0.55
0.5909090909090909
0.75
0.7931034482758621
1.0
0.84
0.6363636363636364
0.6923076923076923
0.9444444444444444
0.5714285714285714
0.6551724137931034
0.5
0.47058823529411764
0.0
0.8378378378378378
0.6666666666666666
0.6111111111111112
0.95
0.6666666666666666
0.6666666666666666
0.4642857142857143
0.44
0.8260869565217391
0.8888888888888888
0.7931034482758621
0.6666666666666666
0.90625
0.5
0.6666666666666666
0.6923076923076923
0.8064516129032258
0.5909090909090909
1.0
0.6470588235294118
0.8333333333333334
0.9166666666666666
0.85
0.6956521739130435
0.5217391304347826
0.7777777777777778
0.5277777777777778
0.6086956521739131
0.6666666666666666
0.8333333333333334
0.8064516129032258
0.59375
0.375
0.9230769230769231
0.4
0.6086956521739131
0.6
0.5185185185185185
0.6153846153846154
0.53125
0.8571428571428571
0.6363636363636364
0.8666666666666667
0.5454545454545454
0.5277777777777778
0.7142857142857143
0.875
0.75
0.8421052631578947
0.78125
0.6857142857142857
0.8666666666666667
0.4782608695652174
0.9130434782608695
0.42857142857142855
0.53125
0.6428571428571429
0.6666666666666666
0.0
0.95
0.6363636363636364
0.6428571428571429
0.8064516129032258
0.6
0.45
0.5294117647058824
0.6
0.6
0.8888888888888888
0.45
0.8823529411764706
0.7777777777777778
1.0
0.6818181818181818
0.6071428571428571
0.47058823529411764
0.46153846153846156
0.7727272727272727
0.8064516129032258
0.6190476190476191
0.8235294117647058
0.5714285714285714
0.55
0.6923076923076923
0.3888888888888889
0.9375
0.4375
0.5
0.782608695652174
0.5714285714285714
0.7419354838709677
0.41935483870967744
0.3902439024390244
0.45454545454545453
0.4878048780487805
0.42105263157894735
0.6585365853658537
0.0
0.2
0.5192307692307693
0.5909090909090909
0.5535714285714286
0.26666666666666666
0.5555555555555556
0.4
0.6904761904761905
0.7419354838709677
0.6086956521739131
0.7391304347826086
0.6666666666666666
0.6571428571428571
0.4444444444444444
0.6818181818181818
0.5882352941176471
0.8387096774193549
0.46153846153846156
0.8235294117647058
0.4642857142857143
0.5714285714285714
0.71875
0.95
0.6
0.7045454545454546
0.65625
0.5714285714285714
0.6923076923076923
0.6428571428571429
0.6666666666666666
0.6666666666666666
0.5
0.7586206896551724
0.35294117647058826
0.5909090909090909
0.7368421052631579
0.7333333333333333
0.5454545454545454
0.5238095238095238
0.6829268292682927
0.6785714285714286
0.7142857142857143
0.6666666666666666
0.8108108108108109
0.6086956521739131
0.5
0.7142857142857143
0.48214285714285715
0.5454545454545454
0.4444444444444444
0.96875
0.6363636363636364
0.5
0.5454545454545454
0.5925925925925926
0.75
0.5454545454545454
0.6785714285714286
0.6666666666666666
0.7241379310344828
0.5217391304347826
0.4444444444444444
0.8387096774193549
0.6086956521739131
0.6730769230769231
0.26666666666666666
0.44
0.7647058823529411
0.7391304347826086
0.7142857142857143
0.75
0.42424242424242425
0.8260869565217391
0.7272727272727273
0.6666666666666666
0.7741935483870968
0.8571428571428571
0.8333333333333334
0.46153846153846156
0.6415094339622641
0.7241379310344828
0.45
0.5925925925925926
0.7142857142857143
0.75
0.13333333333333333
0.5238095238095238
0.7419354838709677
0.8235294117647058
0.391304347826087
0.8095238095238095
0.6666666666666666
0.7894736842105263
0.782608695652174
0.8461538461538461
0.5
0.75
0.56
0.6818181818181818
0.5714285714285714
0.5757575757575758
0.75
0.4146341463414634
0.6153846153846154
0.6923076923076923
0.5
0.6666666666666666
0.6785714285714286
0.5
0.7083333333333334
0.48484848484848486
0.6785714285714286
0.5
0.7045454545454546
0.7333333333333333
0.6666666666666666
0.782608695652174
0.6
0.6818181818181818
0.8
0.42424242424242425
0.6785714285714286
0.7368421052631579
0.3888888888888889
0.5
0.46875
0.625
0.4
0.7058823529411765
0.5714285714285714
0.7
0.45
0.6785714285714286
0.6590909090909091
0.3333333333333333
0.7142857142857143
0.4090909090909091
0.4878048780487805
0.5882352941176471
0.8333333333333334
0.8378378378378378
0.45161290322580644
0.46153846153846156
0.575
0.7142857142857143
0.90625
0.75
0.6
0.6190476190476191
0.53125
0.4444444444444444
0.5121951219512195
0.6538461538461539
0.36363636363636365
0.6792452830188679
0.6792452830188679
0.5294117647058824
0.7058823529411765
0.45454545454545453
0.5652173913043478
0.47058823529411764
0.47058823529411764
0.6
0.36666666666666664
0.3611111111111111
0.6190476190476191
0.8571428571428571
0.6571428571428571
0.6481481481481481
0.47368421052631576
0.6206896551724138
0.47058823529411764
0.6538461538461539
0.75
0.5714285714285714
0.6590909090909091
0.6875
0.6923076923076923
0.41935483870967744
0.4444444444444444
0.36666666666666664
0.56
0.5555555555555556
0.6470588235294118
0.625
0.5789473684210527
0.6428571428571429
0.5
0.75
0.5
0.6470588235294118
0.6
0.6333333333333333
0.5882352941176471
0.5714285714285714
0.7058823529411765
0.8064516129032258
0.5454545454545454
0.65
0.4
0.8064516129032258
0.5555555555555556
0.5714285714285714
0.4838709677419355
0.6153846153846154
0.0
0.38461538461538464
0.6956521739130435
0.5555555555555556
0.5555555555555556
0.7142857142857143
0.6981132075471698
0.53125
0.5555555555555556
0.5294117647058824
0.8461538461538461
0.4146341463414634
0.8064516129032258
0.6285714285714286
0.65625
0.8235294117647058
0.85
0.6785714285714286
0.717948717948718
0.3333333333333333
0.6129032258064516
0.4444444444444444
0.7083333333333334
0.7567567567567568
0.45454545454545453
0.6111111111111112
0.26666666666666666
0.5
0.40625
0.6666666666666666
0.6666666666666666
0.95
0.5882352941176471
0.56
0.68
0.75
0.625
0.8888888888888888
0.5454545454545454
0.96
0.6
0.46153846153846156
0.6176470588235294
0.42
0.4
0.9333333333333333
0.6428571428571429
0.6956521739130435
0.5714285714285714
0.6
0.6923076923076923
0.6538461538461539
0.5365853658536586
0.4423076923076923
0.7272727272727273
0.7741935483870968
0.6363636363636364
0.9642857142857143
0.7
0.7058823529411765
0.5
1.0
0.5192307692307693
0.3333333333333333
0.6333333333333333
0.3888888888888889
0.5370370370370371
0.6
0.7777777777777778
0.34146341463414637
0.44
0.75
0.6363636363636364
0.8333333333333334
0.5161290322580645
1.0
0.5909090909090909
0.7647058823529411
0.5
0.6086956521739131
0.45454545454545453
0.85
0.7142857142857143
0.68
0.8333333333333334
0.6190476190476191
0.6666666666666666
0.6341463414634146
0.44
0.8888888888888888
1.0
0.4782608695652174
0.7727272727272727
0.47058823529411764
0.6410256410256411
0.5909090909090909
0.6923076923076923
0.3888888888888889
0.5217391304347826
0.6341463414634146
0.7096774193548387
0.7692307692307693
0.5
0.7037037037037037
0.6666666666666666
0.7931034482758621
0.5483870967741935
0.75
0.6415094339622641
0.8378378378378378
0.4782608695652174
0.6666666666666666
0.6666666666666666
0.75
0.5925925925925926
0.76
0.42105263157894735
0.65
0.4146341463414634
0.9375
0.75
0.6
0.5365853658536586
0.6730769230769231
0.5
0.5238095238095238
0.5294117647058824
0.8378378378378378
0.5714285714285714
0.6
0.5833333333333334
0.47058823529411764
0.42
0.5740740740740741
0.55
0.5555555555555556
0.4117647058823529
0.782608695652174
0.3939393939393939
1.0
0.65
0.9230769230769231
0.6428571428571429
0.64
0.8235294117647058
0.7894736842105263
0.6666666666666666
0.9444444444444444
0.47619047619047616
0.6470588235294118
0.5217391304347826
0.5238095238095238
0.7647058823529411
0.6785714285714286
0.6666666666666666
0.5952380952380952
0.5454545454545454
0.48
0.59375
0.0
1.0
0.5882352941176471
0.6333333333333333
0.5
0.8235294117647058
0.59375
0.5454545454545454
0.5909090909090909
0.8888888888888888
1.0
0.7142857142857143
0.625
0.6666666666666666
1.0
0.9
0.68
0.6341463414634146
0.5882352941176471
0.5
0.9
0.4117647058823529
0.75
0.5277777777777778
1.0
0.5
0.5
0.6785714285714286
0.5925925925925926
0.75
0.6470588235294118
0.5714285714285714
1.0
0.7083333333333334
0.6666666666666666
