0.5168192883928469
0.6277350694149249
0.7691092949673617
0.6868298145931107
0.5821952932444635
0.2098553585000949
0.5073210927621525
0.4695984645951767
0.4831637998158035
0.8801458568120745
0.7872083152869064
0.8605765052492454
0.4668911637707271
0.42643335764666795
0.2644216286706826
0.39706929845499556
0.8605765052492454
0.4389600176706485
0.5357652187990705
0.39824054142266596
0.9145879784093459
0.9145879784093459
0.3368248529320767
0.4978421393723927
0.9145879784093459
0.4361246618730423
0.5882768972869094
0.410727143835948
0.42112880679304715
0.6403440397092596
0.6680996583072233
0.7542376512547202
0.6853643735769162
0.7656337573588655
0.3486390639073239
-1.0
0.48371835785943756
0.007778126130265063
0.4357487671566443
0.6887751749248416
0.6555146985131176
0.016541877285857185
0.017120094094205587
0.6918598876406001
0.5541328689255176
0.3062200813253034
0.43330575497447904
0.26512439267434135
0.5989838350441749
0.25464017982032067
0.36752404491180773
0.048306562086934686
0.23262948767894603
0.1883243363847953
0.5934334595648282
0.39527134238757244
0.19990767012650357
0.6396894856359697
0.3068628908599933
0.2907093083765881
0.365846195745195
0.2554492947390809
0.34694929247133227
0.2787360231933743
0.16026034684135723
0.23297944995729905
0.020878483123154507
0.3446843079278453
0.24298068732185016
0.3859033353798128
0.1315066280763027
0.1638750801813844
0.27538231950755776
0.3750652262108944
0.3623791922272186
0.3385092903275993
0.2031371910738381
0.3222535591795895
0.2653330084724217
0.27926711997771103
0.42831576614568967
0.2653330084724217
0.2653330084724217
0.2282975532534665
0.2653330084724217
0.2653330084724217
0.32022562247624875
0.6851475119019731
0.8340473962198646
0.5243703776174651
0.6927715617497932
0.8065259385818602
0.5938118225552363
0.44602891670183686
0.3754279846080467
0.8340991662031255
0.5938118225552363
0.575146824787697
0.69765641682187
0.4568683804329595
1.0000000000006448
0.34127435030163666
1.0000000000006448
1.0000000000006448
1.0000000000006448
1.0000000000006448
0.5923528178579984
0.8351863850144211
0.5938118225552363
0.7331738629794475
0.5938118225552363
0.48522537900589646
0.8827980581151316
0.7331738629794475
1.0000000000006448
0.882412656624873
0.31149856939475834
0.3674181136095679
0.8273951696383405
0.8132543279681447
0.6487811978213673
0.5321739172369174
0.44420939467524956
0.7160600492500324
0.6175315653329116
0.43105953668401203
0.6576272682842086
0.872098428274283
0.6056821755676086
0.5052808506987059
0.4789767687163756
0.6153867448786897
0.4683288746644011
0.36863374722898484
0.5334303997961498
0.42316508906123834
0.8016631258488947
0.872098428274283
0.3454390860509357
0.872098428274283
0.872098428274283
0.7201368120886302
0.7256481918414538
0.6906174508701536
0.6006497944032394
0.4975981194388882
0.4549062347144108
0.7251253830495302
0.4276761889449756
0.5313907486154584
0.3885372249358137
0.5440337356482481
0.71649234023185
0.4007574566171804
0.31970007663884864
0.47594106598365293
0.3179031691989054
0.24617878148736322
0.7746113418808351
0.5069996928902296
0.5646519238853606
0.3246670614085946
0.32703609333263184
0.20008368834090734
0.40186928376227643
0.23408562979886166
0.34382796303642355
0.6197156337301808
0.6281505076161077
0.795395402895754
0.6026562899118373
0.6503809558561833
0.28746924369738114
0.6502273101667545
0.5480257573862304
0.6586789557714111
0.5419843552867823
0.5682964619021175
0.6453881922604437
0.6234897750766252
0.6224045027802931
0.5719957471404798
0.5749091243123392
0.6618349729544785
0.7557641366407506
0.6857726250695283
0.6446977372820654
0.5636483658622975
0.3663037654134547
0.7410480792866287
0.7001685247041972
0.4644340336519989
0.5367680934800362
0.4393279354826965
0.5798785921048774
0.4824011270627434
0.6999179898185477
0.40535834334654797
0.5951606045075097
0.03610515228757839
0.5309541907614231
0.7004267021109244
0.597358585179782
0.24264803771943155
0.24201394770428988
0.6381589215547809
0.42478263509866543
0.2889965667102301
0.16365077334218014
0.8661953273858564
0.5709031723264982
0.9307458456409291
0.8119787244201894
0.7652648238710212
0.4158608507074907
0.2524740090435361
0.21424282559381985
0.5512051527570608
0.3283673426377311
0.37823419193921426
0.8681530762540292
0.30886559325050894
0.7900541293980616
0.883760164436566
0.8661953273858564
0.3629277291614356
0.5850499126621953
0.24161610389374516
0.8661953273858564
0.48024422308244347
0.6181161476062065
0.30221823416992966
0.34638198434350514
0.6855020796881417
0.5344001984176633
0.7534643299697354
0.6788906145576908
0.7220971696556806
0.7572266290133295
0.6050315138949077
0.7216198999459692
0.771918256692078
0.5261891629863337
0.6696457000599417
0.895054508417241
0.4815603871026654
0.7236210255444582
0.7038146342597134
0.7248647778782066
0.5859715917817553
0.7766789541235367
0.7290399064810449
0.818122219649836
0.7669240782996193
0.7104423958261716
0.6395612426505718
0.6300252441884502
0.7416064482566875
0.6327168104127264
0.5870441918123057
0.8547282717003297
0.7296294802687816
0.6838239931644206
0.3628638634403916
0.5999784181869231
0.5171589549951154
0.4747138421386922
0.5083915499232557
0.39893028634219235
0.5227289436044645
0.6905699630986736
0.5586114597376646
0.5188010914090735
0.41713729579042524
0.3890485337220454
0.2690266128284147
0.48516620252197673
0.5770877892394628
0.5079049193266197
0.5397551357293031
0.6735245999091358
0.4839814265431505
0.44064381369029865
0.36831349325920404
0.5770192865301956
0.46814916603555556
0.43936637337407813
0.5650056184582104
0.5495452350116306
0.4316918874518286
0.43541828156434886
0.5858785105814008
0.45158695382422376
0.7821759235400211
0.06915497674252455
0.5763268165743892
0.4291711357545048
0.4683213632476602
0.1262614633605035
0.43137946388057746
0.3329770558216641
0.7031302287301476
0.490141422845416
0.39584970277301634
0.11554718654645368
0.29009963866448
0.5980283441155444
0.5515995065162925
0.5311680410234317
0.439410518332973
0.42025228725335595
0.3310735987757539
0.7256189492592656
0.5035808291204799
0.4683213632476602
0.7073186630937439
0.4683213632476602
0.6420074410007846
0.5149796561140452
0.32957087029243476
0.3769557963228435
0.35073282979272496
0.7027635103989958
0.022551428385970965
0.014867489100970618
0.21277180829425793
0.022178480920330642
0.0422495643827242
-1.0
0.34702825532509024
-1.0
0.020353624361426053
0.0077987435295864965
0.01349072427645501
0.06128537098865704
0.009385224387157347
0.018704767002748385
0.11587757736276938
0.23595408751206934
0.30018686798158495
0.00777778990490359
0.006973873129286913
0.0022205145199447494
-1.0
0.028935664575146236
0.06495243771071124
0.2652961338394933
0.028935664575146236
0.009559804562914807
0.05093723172202221
0.028935664575146236
0.020434337041672985
0.052717471214276376
0.43114378551354365
0.8355380858954822
0.9080340675253805
0.4781597495170735
0.8381710225174845
0.6948896309370401
0.6022772844138256
0.8457580020758038
0.7883231902455362
0.5906119141115861
0.766621343405702
0.7439766297505491
0.6636787334677482
0.9041017932520712
0.8140061776711912
0.8160775831424372
0.7610210089962713
0.8255418935346208
0.783654090896291
0.8817701310242975
0.589829170661103
0.6065840296355346
0.6622390146354902
0.8622353444387543
0.4887075267225789
0.9041291043835076
0.778174537807044
0.6850083389706746
0.8282309707529061
0.6294483436504856
0.36889580647811376
0.17396940514404555
0.35264226668289594
-1.0
0.23516700362085188
0.4363350488263071
0.3635996864189292
0.5370470843167722
0.24272623518800168
0.3811704785754622
0.3537529204853633
0.1804672000449749
0.4012098609731271
0.3768569755207545
0.2773283953578873
0.5022610198473146
0.2481539493978952
0.2710467850044827
0.35275387965609817
0.166847612931477
0.33728705439850304
0.2886327162030029
0.4344813405993726
0.15009854478022802
0.26688564930743996
0.26688564930743996
0.22486785578721452
0.2134576166416573
0.4863193453491651
0.17843311399237988
0.8351731004998879
0.7223532170154652
0.9139354580114671
0.6910811745192917
0.9109405202598444
0.5013488436462792
0.528505209832381
0.4569141497184394
0.9145430855545232
0.8818630128510991
0.929733829698067
0.9109405202598444
0.880206621597585
0.4569141497184394
0.8871643882487452
0.8500661538120178
0.6052806350785943
0.5395355624047178
0.9332832426535399
0.929733829698067
0.8801699161350418
0.507353920057653
0.929733829698067
0.8531230875367528
0.929733829698067
0.896706999418623
0.9164207970954632
0.8655566820674174
0.5837189509448751
0.4666027032471665
0.8763866627308895
0.21681940053602597
0.29820081316270725
0.6418445906387521
0.18434036555777894
0.3461539005086101
0.19019651594259077
0.1537254611696275
0.039880911357694414
0.2066230394579867
0.056276003380314576
0.4800661268243637
1.0000000000000022
0.05534529551397756
0.03650817556024485
0.4876648431684248
0.5779001615188374
0.048432523275580674
0.053491699494075756
0.20152977433518515
0.05200644645556206
0.6418445906387521
0.056276003380314576
0.05401426112701033
0.04132909255436178
0.3841502182155735
0.03656413364343282
0.039833843976418946
1.0000000000000022
0.2056447510666341
0.2757333961764603
0.049222548826197636
0.5822514065389116
0.5825742138032045
0.6150673228875904
0.5015019557177562
0.6757199901835885
0.44566312439065625
0.585353928062353
0.5211117802610332
0.6504962745101157
0.5235863587981388
0.5015019557177562
0.49160905890948753
0.5787579874357666
0.47227260878822025
0.5200734210286545
0.7847260473097872
0.6625125261722868
0.1124596253622729
0.489149200647527
0.7624533192237104
0.5015019557177562
0.6779365861787295
0.020649773443471024
0.5224890945368753
0.6980516623472274
0.6438568156872327
0.6960222533723387
0.5266895784808726
0.755870568682499
0.6482503911970185
0.5825742138032045
0.366774634325199
0.2722884618376486
0.3722341297936398
0.3464501951508626
0.34424610388405297
0.2635873571915841
0.43195080356531385
0.38538816522573155
0.45768202649850237
0.3137087217550683
0.3940508099622047
0.38499227335836417
0.33990403575654154
0.3869682156885727
0.27939319696019
0.4263357266531888
0.25819970674196485
0.21231650195308477
0.38115307482032074
0.3037120837892247
0.3771464985374946
0.36631559913649997
0.42662782606220095
0.4140216177771043
0.2593343244843141
0.37071435769215944
0.2862245925050768
0.22305278574023868
0.22034589101347488
0.45452903185671706
0.28793239842168356
0.7767087874435931
0.7058545544823653
0.7837355668009857
0.7135036035242662
0.7493251478087649
0.390302203558481
0.7384203373183484
0.5324881191530466
0.5662749670072605
0.4982615350580072
0.6676281373719776
0.6938823896617414
0.13737573297124847
0.2727105485875629
0.3878072795615314
0.7724011025624773
0.4206840011874117
0.5493504456357062
0.4476896962730984
0.5493504456357062
0.4339073628877483
0.6427158077637556
0.694081024309257
0.6894027486098275
0.4383164396464511
0.6938823896617414
-1.0
0.5823596980377338
0.4497751249035499
0.2277294785546185
0.6454302355325526
0.6020832432428144
0.3153545102483003
0.7796279185070036
0.7868370134703567
0.8169378559521779
0.5434765075244398
0.6480736880703742
0.3687695287019057
0.5934517043623845
0.7807398809368161
0.6437870239439426
0.8638179291957009
0.7119849201016185
0.7360317771681228
0.7568217808261167
0.7060392133023126
0.672345047242922
0.38357159933064056
0.675246229029559
0.6120262051777065
0.8358500349309244
0.7384186479931065
0.8374287489313472
0.6909540590397077
0.676235597742141
0.7456132873477005
0.762605811076644
0.4842682899765603
0.5373701405548726
0.5893937816337714
0.4422014514714501
0.7937780658558385
0.2632383243547165
0.6696014540167357
0.6318393829614584
0.5949651136305287
0.5857701000166464
0.3861171883767585
0.2578304918204355
0.6481378554993805
0.37965492853044136
0.7430163996086251
0.7430163996086251
0.11604462118327306
0.2578304918204355
0.433803545818434
0.58376588811694
0.5030416533700611
0.3826721124126698
0.6544523656403907
0.35119388550634917
0.7430163996086251
0.6962027399688747
0.7842543222075449
0.7013194760672509
0.6827639646109286
0.7184860797707465
0.3961827695474787
0.5445923405371992
0.3414845193173461
0.37847458601546907
0.40044232688613546
