0.9342251950947603
0.9203703703703704
0.9102167182662538
0.8775236316956471
0.861904761904762
0.8626649638143892
0.8485714285714286
0.9182905982905982
0.8380952380952381
0.822539360571815
0.9069272445820434
0.9381318681318681
0.8495818399044205
0.8631997658578118
0.8878911238825031
0.8248904818797292
0.8831090407177363
0.850613154960981
0.8831090407177363
0.8651059085841695
0.8488959748176992
0.919047619047619
0.8266009852216749
0.8902116402116401
0.8709037638043723
0.9153439153439153
0.8106749594163781
0.8696031746031746
0.8730842911877393
0.8413457556935818
0.81070647012676
0.81070647012676
0.9121557454890787
0.81070647012676
0.8372464726631393
0.9206349206349206
0.0
0.8053968253968254
0.8825051759834368
0.85351966873706
0.8825051759834368
0.8518518518518517
0.7741301907968574
0.9087179487179488
0.9087179487179488
0.9087179487179488
0.9087179487179488
0.9087179487179488
0.9087179487179488
0.9087179487179488
0.8525252525252526
0.8420634920634921
0.9079464988198268
0.7994058786741713
0.7826923076923077
0.8116738334129638
0.7958008175399479
0.7640547857939163
0.8505050505050505
0.9060606060606061
0.9159982971477224
0.9089912280701755
0.8696441539578794
0.8068840579710145
0.8730291447682751
0.8440436375218984
0.902014652014652
0.8565323565323565
0.8653198653198654
0.9126984126984127
0.85022640195054
0.8995098039215685
0.8292899005042932
0.8541235334713595
0.8519813519813519
0.9007936507936508
0.9090909090909092
0.7840909090909092
0.8546296296296297
0.8949096880131363
0.7905701754385964
0.812962962962963
0.755906500531247
0.7989926739926739
0.8905052264808363
0.8352402838251894
0.8304843304843305
0.8571658615136876
0.7896441990644889
0.8331224599340542
0.7606586918181121
0.8597883597883599
0.7461659381949236
0.9014550264550265
0.7869352869352869
0.8441977918722104
0.8913690476190476
0.8413808413808415
0.8493173493173494
0.8124934350118695
0.7829059829059829
0.0
0.8745552692921114
0.7768759018759019
0.8869895536562202
0.8917624521072797
0.8869895536562202
0.8718380385047052
0.0
0.788468720821662
0.8953968253968254
0.8230123180291153
0.7797619047619048
0.8999022946391367
0.7937948028673835
0.8497718733225978
0.7994949494949495
0.8437826541274817
0.8289589637415725
0.8666910866910866
0.8585434173669467
0.8585434173669467
0.8823529411764706
0.8585434173669467
0.834733893557423
0.8585434173669467
0.834733893557423
0.8535714285714285
0.8908730158730158
0.8353174603174603
0.8908730158730158
0.8908730158730158
0.8985507246376812
0.8458110516934045
0.799228012131238
0.8738368910782705
0.90392216479173
0.8891269841269841
0.8795986622073579
0.8772893772893773
0.8875218983914636
0.8621378621378621
0.8007856341189674
0.8184674329501916
0.8952380952380953
0.7784674329501916
0.8947368421052632
0.8798029556650246
0.8690958164642376
0.8947368421052632
0.7932676518883416
0.7956349206349206
0.8774509803921569
0.8552287581699346
0.8061647173489278
0.8095765345765346
0.8359182981608612
0.8196969696969697
0.7907910802647645
0.8842995169082126
0.8842995169082126
0.8725845410628019
0.8725845410628019
0.8091005291005291
0.875
0.9094578636607622
0.7456084656084657
0.8826633581472291
0.8116420361247948
0.8254652435686918
0.8918918918918918
0.7665482410309997
0.8311063218390805
0.8072009291521486
0.7809923634689402
0.8452380952380952
0.8621079671804309
0.8432928727046374
0.8705284981376064
0.8780357142857143
0.8105050505050505
0.8255932517612162
0.8442424242424242
0.8675213675213675
0.8675213675213675
0.809553872053872
0.8432928727046374
0.8432928727046374
0.8229888446606712
0.8432928727046374
0.8188777012306424
0.0
0.0
0.8359005376344086
0.8599163679808841
0.8268530020703935
0.7998412698412697
0.8633333333333333
0.0
0.8611111111111112
0.8334276018099548
0.8516239316239317
0.809187998593296
0.8023684025581558
0.7976563666218839
0.8031990231990233
0.8683862433862434
0.8765587494877348
0.840958164642375
0.8356259968102074
0.7430026135633993
0.7332046332046332
0.8525641025641025
0.8621378621378621
0.7888888888888888
0.7628362573099415
0.7846700083542189
0.854594017094017
0.7901785714285715
0.7713902308105207
0.8459876543209877
0.0
0.826984126984127
0.8249735449735449
0.8405372405372405
0.7591060985797827
0.7948203842940685
0.8138207471540806
0.8331224599340542
0.8076521179969456
0.7607824274490941
0.8055830039525692
0.7316731845717354
0.8267195767195767
0.851691518358185
0.8101627919072137
0.8307387057387058
0.7125252525252526
0.8156130268199234
0.8143522178304788
0.735598202377008
0.7976800976800976
0.7566111386002529
0.7462962962962963
0.7809289475956143
0.8366571699905033
0.7047619047619048
0.7343697864531199
0.814561759367994
0.7472996806330139
0.7786473429951691
0.7838046011959056
0.8106035437430786
0.7411255411255411
0.8584674329501915
0.8001165501165501
0.8224553224553225
0.7952856904880893
0.8718081435472739
0.7823189882013412
0.8110507246376812
0.8432400932400933
0.782717086834734
0.7865461208789545
0.7166910242357813
0.7883597883597884
0.8278388278388279
0.846986346986347
0.827065527065527
0.8309668695064233
0.6878030782205355
0.7155801188059252
0.8135396587420575
0.7648784906849423
0.7013864271928788
0.8329601433049709
0.7516339869281046
0.7025530025530026
0.806453610801437
0.0
0.750638052272631
0.7313131313131312
0.7609427609427609
0.8551587301587302
0.708645156013577
0.8009194108265315
0.7297844274588461
0.8357843137254902
0.0
0.8212345679012346
0.7492063492063492
0.8036907082521118
0.7635802469135803
0.8092338709677419
0.8277777777777778
0.8066386161757831
0.7294470324361629
0.7770660800552105
0.0
0.7990476190476191
0.794973544973545
0.8022668153102935
0.7486573111573112
0.8156896551724137
0.7803418803418802
0.0
0.8166666666666668
0.8493589743589745
0.8111943810868542
0.0
0.844047619047619
0.8248366013071896
0.8402255639097745
0.7524133175728921
0.7685185185185185
0.8004290004290003
0.7608695652173912
0.8116359447004609
0.689051689051689
0.7980952380952381
0.7585470085470085
0.6896710374971246
0.7729263965823105
0.8041791791791791
0.8278985507246377
0.7961548255665903
0.7961548255665903
0.8157142857142857
0.8022629036359014
0.7909961685823755
0.8199905033238366
0.8474603174603175
0.7518452380952381
0.7242899584076055
0.8366188769414576
0.7358058608058607
0.7513280489500764
0.0
0.7222314768541654
0.7228607918263091
0.7546068235723409
0.7928571428571428
0.7928571428571428
0.7163398692810458
0.831151118385161
0.7642667292057537
0.7786398467432951
0.8215565796210957
0.7980702162287839
0.7983299595141701
0.8103119790426292
0.8141378350089784
0.7505898755898756
0.7407407407407408
0.7467320261437909
0.8084795321637426
0.8130511463844797
0.85194467650608
0.813236531986532
0.7679738562091504
0.8180335097001764
0.748299770358594
0.0
0.8279503105590061
0.7249932523616733
0.7425371120107962
0.7918552036199095
0.7514005602240896
0.8080246913580247
0.7471668301187752
0.7951686909581647
0.7381578947368421
0.8132183908045977
0.702337858220211
0.734621212121212
0.8212481962481961
0.7297979797979798
0.8296457127102288
0.7875055978504255
0.7846469622331691
0.7279119699409554
0.7111207505944348
0.733665153955009
0.7370270317990006
0.7385912698412698
0.7869321641700159
0.6905594405594405
0.0
0.7579581708613968
0.7787524366471734
0.7763532763532762
0.780246913580247
0.7717171717171718
0.8166666666666668
0.7784743991640544
0.7782297023531246
0.8267469439883234
0.7496947496947497
0.6955674816139933
0.8218045112781954
0.7305877305877306
0.7164285714285715
0.7098684210526316
0.7973484848484849
0.7558641975308641
0.7554405847088774
0.0
0.8518518518518517
0.7698830409356724
0.6733497133497134
0.764012595591543
0.734288295263905
0.681171231481212
0.6419926822403603
0.730836236933798
0.0
0.7089007242429745
0.7247947233813434
0.7907041359053743
0.7598697598697598
0.7392466868170193
0.7478214381181502
0.7707307060755336
0.0
0.724867724867725
0.7770935960591133
0.7707002801120448
0.7893518518518517
0.7392466868170193
0.7350168350168351
0.7382395382395383
0.6924737392069517
0.6952075702075703
0.0
0.7619980723428998
0.6725308641975308
0.7792350014017382
0.7122292512280445
0.7518452380952381
0.750979602791197
0.6877820247385463
0.744869468099958
0.732882882882883
0.0
0.0
0.7568542568542568
0.7286340103544404
0.752599890530925
0.7748397435897436
0.0
0.7393162393162394
0.7282807212719603
0.7714285714285714
0.6860507246376812
0.7967544999803063
0.7214517265680055
0.741014541014541
0.6768627450980392
0.6822066822066821
0.7560504201680672
0.7120149602618046
0.6967636590278099
0.7035742035742035
0.0
0.7619658119658119
0.0
0.0
0.7427731092436974
0.6711401009646624
0.7320634920634922
0.0
0.7934536777674032
0.6980842911877394
0.7128824476650565
0.7556818181818182
0.6729512317747611
0.6503780195463765
0.7282612282612283
0.7042864656381487
0.0
0.6538780663780663
0.500943631378414
0.772967772967773
0.7015539151245491
0.7320433358528596
0.7774263023287117
0.6961375661375663
0.0
0.0
0.742821288846239
0.7321957300919433
0.6938271604938272
0.7237650697646755
0.7600809716599191
0.7302867383512545
0.7453760943139386
0.679342403628118
0.6474662592309651
0.6853305424733996
0.5430555555555555
0.738943278943279
0.0
0.7417903733693207
0.7332674671935958
0.7919799498746866
0.7312016600641388
0.7659749670619235
0.7095014494364332
0.8200023490721166
0.0
0.7371145905384728
0.7471264367816092
0.6881914381914381
0.6663978494623656
0.786954297096285
0.7371794871794872
0.7359511478412237
0.7013491609458429
0.6749707602339181
0.7548148148148147
0.7177777777777777
0.0
0.7634920634920634
0.7504093567251463
0.676954012939325
0.7163666279519938
0.7687134502923977
0.0
0.7209229390681005
0.5490544201583419
0.700956450956451
0.758617925284592
0.6578568041725936
0.7402473184395709
0.6638888888888889
0.8099529780564264
0.7250971250971251
0.7663001832417123
0.7334128403895845
0.7381349206349207
0.7675213675213675
0.6565487793557968
0.7461538461538462
0.597041847041847
0.0
0.7961309523809524
0.7392857142857143
0.7377450980392157
0.7284427284427285
0.7161558109833971
0.7035574229691877
0.7256843800322063
0.0
0.6600529100529101
0.6441973327219229
0.687908496732026
0.7288632776437655
0.7515700483091788
0.732267115600449
0.0
0.7398504273504273
0.6350889350889352
0.7335775335775335
0.6230842911877393
0.6607119791263014
0.6659824849480022
0.7201872201872201
0.6974660633484163
0.7330065359477125
0.6849890530925014
0.7644183402804092
0.6863139858642108
0.7603651484953619
0.7302271483305965
0.6658730158730158
0.723931623931624
0.0
0.5932832080200501
0.6892978700043918
0.7276612276612276
0.6702419139267576
0.6914351851851852
0.6855606214864327
0.6715648548981883
0.687936507936508
0.6532163742690059
0.6818513464854928
0.7463383838383839
0.6879185407296351
0.0
0.0
0.0
0.6917637917637918
0.6621693121693122
0.6687739463601532
0.7324445885165525
0.6363130047340574
0.5948704152093983
0.6427374743164217
0.631369798971482
0.6626955034213099
0.7223542615699478
0.7472158657513349
0.6627983000980713
0.0
0.7314009661835749
0.6827485380116959
0.0
0.63675645342312
0.6856785490931833
0.7082368082368081
0.6618566618566618
0.7318569454275794
0.7033936342524832
0.689644987890602
0.7000854411503926
0.7386473429951691
0.6318257359924027
0.6109924026590693
0.7301525261267298
0.0
0.7682132682132682
0.7023064654643602
0.6896710374971246
0.7852564102564102
0.6916666666666668
0.0
0.6445234708392603
0.6359993390068578
0.5113553113553113
0.5808661145617667
0.665945165945166
0.7131080389144905
0.73131071826724
0.7289810547875065
0.6360159448394742
0.7267795455651243
0.6390188434048083
0.6934865900383143
0.640491452991453
0.0
0.6805555555555555
0.6601851851851852
0.5368423846684717
0.6597437220502236
0.6540564373897707
0.0
0.0
0.6395663956639566
0.0
0.6312418300653594
0.6894586894586895
0.0
0.6501341589267285
0.0
0.0
0.0
0.6654761904761904
0.6619047619047619
0.6618357487922705
0.7006105006105005
0.6233870967741936
0.7217120181405895
0.7192791889483066
0.0
0.668323243275805
0.6428257163284387
0.6877820247385463
0.6266001024065541
0.7132047071702243
0.0
0.6979949874686717
0.6985727409199883
0.5741384863123994
0.0
0.7546327941064783
0.699047619047619
0.6769245247506116
0.0
0.0
0.6472222222222223
0.7004072987943956
0.603133903133903
0.6723699095022625
0.0
0.0
0.6798511430090377
0.7013285024154589
0.7179802955665026
0.6806690561529272
0.0
0.5941734417344172
0.0
0.6610406230004525
0.0
0.7067204301075268
0.6535469638917916
0.6721050454921422
0.633935508935509
0.6280262946929613
0.7257972257972258
0.6207047991155937
0.0
0.5642857142857144
0.7043142043142043
0.7374405046571475
0.6365914786967419
0.6328282828282829
0.6936507936507935
0.7166910242357813
0.7199752628324058
0.5562770562770564
0.6480414583862859
0.6564327485380117
0.6761904761904761
0.0
0.6900083612040134
0.6487905369484316
0.6939897910383666
0.654105154105154
0.6306935817805382
0.692514619883041
0.7144138755980861
0.6008403361344539
0.0
0.0
0.6288717288717288
0.6675824175824175
0.0
0.5569219140647712
0.577038661468486
0.62007062007062
0.6480217810862973
0.602330743618202
0.5984011962272832
0.0
0.6803662122427158
0.6631944444444444
0.6022041062801933
0.6050623624358034
0.659018759018759
0.6970899470899471
0.6294620412267471
0.5763888888888888
0.6911147600802773
0.6378575418173266
0.6346334586466166
0.0
0.0
0.6486928104575164
