0.9605351170568562
0.9362962962962963
0.9461300309597523
0.9265141790173882
0.9171428571428571
0.9175989782886335
0.9091428571428571
0.9346324786324786
0.9028571428571429
0.858031488457452
0.9069272445820434
0.9505054945054945
0.9097491039426523
0.917919859514687
0.9327346743295019
0.8949342891278376
0.8831090407177363
0.8804905239687848
0.8831090407177363
0.9190635451505017
0.9093375848906196
0.9352380952380952
0.8612807881773399
0.934126984126984
0.9225422582826234
0.9492063492063492
0.8864049756498269
0.9217619047619048
0.9238505747126436
0.8730766045548655
0.848565176101408
0.848565176101408
0.9472934472934472
0.848565176101408
0.9023478835978836
0.9523809523809523
0.2
0.8832380952380953
0.9295031055900621
0.912111801242236
0.9295031055900621
0.8814814814814814
0.8193041526374859
0.9452307692307692
0.9452307692307692
0.9452307692307692
0.9452307692307692
0.9452307692307692
0.9452307692307692
0.9452307692307692
0.9115151515151515
0.8420634920634921
0.9447678992918961
0.7994058786741713
0.7826923076923077
0.8493390667303711
0.8366406540319583
0.811243828635133
0.8953535353535353
0.9436363636363637
0.9495989782886335
0.9453947368421053
0.9217864923747277
0.8068840579710145
0.9238174868609651
0.8752349100175187
0.9412087912087912
0.9139194139194139
0.8653198653198654
0.9476190476190476
0.910135841170324
0.9397058823529412
0.8292899005042932
0.9124741200828157
0.9111888111888111
0.9206349206349207
0.9454545454545455
0.8272727272727274
0.8546296296296297
0.9369458128078818
0.7905701754385964
0.812962962962963
0.8047252004249976
0.8391941391941391
0.9343031358885018
0.9011441702951136
0.8982905982905983
0.9142995169082125
0.7896441990644889
0.8998734759604325
0.8085269534544897
0.8878306878306879
0.7461659381949236
0.9408730158730159
0.8721611721611722
0.9065186751233263
0.9348214285714286
0.9048285048285049
0.9095904095904096
0.8874960610071218
0.8263247863247863
0.0
0.9247331615752669
0.8215007215007215
0.9095916429249762
0.9350574712643678
0.9321937321937321
0.9231028231028231
0.2
0.8307749766573296
0.9372380952380952
0.8938073908174692
0.8678571428571429
0.939941376783482
0.8350358422939068
0.8798174986580782
0.7994949494949495
0.906269592476489
0.8973753782449435
0.9200146520146519
0.915126050420168
0.915126050420168
0.9294117647058824
0.915126050420168
0.9008403361344538
0.915126050420168
0.9008403361344538
0.9121428571428571
0.9345238095238095
0.9011904761904762
0.9345238095238095
0.9345238095238095
0.9391304347826087
0.9074866310160428
0.799228012131238
0.9243021346469623
0.942353298875038
0.9334761904761905
0.9036789297658864
0.9018315018315018
0.9100175187131708
0.9172827172827173
0.8804713804713804
0.891080459770115
0.9371428571428572
0.8227739463601533
0.9368421052631579
0.9278817733990148
0.89527665317139
0.9368421052631579
0.875960591133005
0.7956349206349206
0.9264705882352942
0.8841830065359477
0.8449317738791422
0.8476612276612276
0.9015509788965167
0.8918181818181818
0.8744746481588588
0.9305797101449276
0.9305797101449276
0.9235507246376812
0.9235507246376812
0.8854603174603175
0.925
0.9456747181964573
0.7964867724867726
0.9295980148883375
0.8116420361247948
0.8952791461412151
0.935135135135135
0.8132385928247998
0.8986637931034483
0.8843205574912891
0.8685954180813641
0.9071428571428571
0.9172647803082585
0.9059757236227824
0.9223170988825639
0.9268214285714286
0.8863030303030304
0.8953559510567297
0.9065454545454545
0.9205128205128206
0.9205128205128206
0.809553872053872
0.9059757236227824
0.9059757236227824
0.8937933067964028
0.9059757236227824
0.8913266207383854
0.4
0.4
0.9015403225806452
0.9159498207885305
0.8961118012422361
0.8398730158730158
0.9179999999999999
0.4
0.888888888888889
0.9000565610859729
0.910974358974359
0.8855127991559777
0.8023684025581558
0.8785938199731304
0.881919413919414
0.921031746031746
0.9259352496926408
0.8727665317139001
0.9013755980861244
0.7944020908507194
0.7332046332046332
0.882051282051282
0.9172827172827173
0.7888888888888888
0.8102690058479532
0.7846700083542189
0.9127564102564102
0.8111607142857143
0.8171121846484166
0.9075925925925926
0.4
0.826984126984127
0.894984126984127
0.8724297924297925
0.7591060985797827
0.8768922305764412
0.8510565977232645
0.8331224599340542
0.8461216943975565
0.7607824274490941
0.8833498023715416
0.7316731845717354
0.8960317460317461
0.881353214686548
0.8860976751443282
0.8984432234432235
0.7125252525252526
0.889367816091954
0.8886113306982873
0.7884785619016064
0.8786080586080586
0.8539666831601518
0.7462962962962963
0.8685573685573685
0.901994301994302
0.7047619047619048
0.840621871871872
0.8887370556207964
0.7472996806330139
0.8671884057971015
0.8270436809567244
0.8863621262458472
0.7929004329004329
0.9150804597701149
0.8800699300699301
0.8934731934731935
0.8771714142928536
0.9230848861283644
0.8693913929208047
0.8866304347826087
0.905944055944056
0.782717086834734
0.8719276725273727
0.7733528193886251
0.873015873015873
0.8622710622710623
0.9081918081918082
0.8962393162393162
0.8985801217038539
0.6878030782205355
0.7724640950447401
0.8881237952452344
0.8119027925479538
0.7013864271928788
0.8997760859829825
0.8509803921568627
0.762042402042402
0.8838721664808622
0.0
0.8503828313635786
0.8387878787878787
0.8087542087542088
0.9130952380952382
0.7669161248108616
0.8009194108265315
0.7297844274588461
0.8686274509803922
0.0
0.8927407407407407
0.8495238095238096
0.8822144249512671
0.8581481481481482
0.8855403225806452
0.8966666666666667
0.8839831697054699
0.7294470324361629
0.8662396480331263
0.2
0.8392380952380953
0.876984126984127
0.8813600891861761
0.798925848925849
0.8894137931034481
0.8682051282051282
0.2
0.89
0.9096153846153847
0.8867166286521125
0.0
0.9064285714285715
0.8949019607843137
0.9041353383458647
0.8514479905437353
0.8611111111111112
0.8802574002574002
0.8565217391304347
0.8116359447004609
0.689051689051689
0.8788571428571429
0.8551282051282051
0.6896710374971246
0.7956337569240794
0.8825075075075075
0.8967391304347826
0.8369238604532723
0.8369238604532723
0.8894285714285715
0.8813577421815408
0.8745977011494254
0.8559924026590693
0.9084761904761904
0.8014761904761905
0.7242899584076055
0.9019713261648746
0.8414835164835165
0.8507968293700459
0.2
0.7222314768541654
0.7782886334610473
0.8527640941434045
0.8757142857142857
0.8342857142857143
0.7730718954248366
0.8986906710310966
0.8585600375234522
0.8671839080459771
0.8929339477726574
0.8788421297372704
0.878997975708502
0.8861871874255776
0.8513102680071827
0.8004719004719004
0.7407407407407408
0.8480392156862745
0.8850877192982456
0.8878306878306879
0.911166805903648
0.8879419191919192
0.8607843137254902
0.8908201058201058
0.748299770358594
0.0
0.8967701863354037
0.7799946018893387
0.794029689608637
0.8334841628959275
0.7514005602240896
0.8464197530864197
0.8483000980712652
0.8361349527665317
0.8428947368421053
0.8505747126436781
0.7618702865761688
0.734621212121212
0.8569985569985569
0.7297979797979798
0.8977874276261373
0.8300044782803404
0.8277175697865353
0.7823295759527643
0.8266724503566609
0.7869321231640072
0.8422162190794004
0.8431547619047619
0.8721592985020096
0.7215034965034964
0.4
0.8547749025168381
0.867251461988304
0.8658119658119657
0.8241975308641976
0.863030303030303
0.89
0.8670846394984326
0.8669378214118748
0.896048166392994
0.8498168498168498
0.6955674816139933
0.8930827067669173
0.8383526383526384
0.829857142857143
0.7678947368421053
0.8784090909090909
0.8535185185185185
0.8043524677671019
0.4
0.9111111111111111
0.8159064327485379
0.6733497133497134
0.764012595591543
0.734288295263905
0.681171231481212
0.7851956093442162
0.8385017421602787
0.4
0.7671205793943796
0.8348768340288061
0.8744224815432246
0.8559218559218559
0.7392466868170193
0.8486928628708901
0.8624384236453202
0.4
0.77989417989418
0.866256157635468
0.8624201680672269
0.8314814814814814
0.7913973494536155
0.8410101010101011
0.7905916305916306
0.6924737392069517
0.7561660561660563
0.4
0.8571988434057399
0.6725308641975308
0.8675410008410429
0.8273375507368267
0.8014761904761905
0.8505877616747182
0.6877820247385463
0.8469216808599749
0.8397297297297298
0.4
0.2
0.8054834054834055
0.7829072082835523
0.80207991242474
0.8198717948717948
0.2
0.7914529914529915
0.7282807212719603
0.8171428571428571
0.6860507246376812
0.8780526999881838
0.8328710359408034
0.8446087246087246
0.6768627450980392
0.7457653457653457
0.7560504201680672
0.7120149602618046
0.6967636590278099
0.7628593628593628
0.4
0.8571794871794871
0.4
0.0
0.8456638655462185
0.6711401009646624
0.8392380952380953
0.2
0.8760722066604419
0.8188505747126437
0.7703059581320452
0.853409090909091
0.7383609854198089
0.6503780195463765
0.836956736956737
0.7634291725105189
0.2
0.723102453102453
0.6007549051027312
0.8637806637806638
0.7015539151245491
0.8392260015117158
0.866455781397227
0.756910052910053
0.0
0.4
0.8456927733077434
0.839317438055166
0.7550617283950618
0.7790120558117404
0.8080647773279352
0.8381720430107527
0.8472256565883631
0.679342403628118
0.6474662592309651
0.6853305424733996
0.5430555555555555
0.8433659673659675
0.0
0.8450742240215925
0.8399604803161576
0.875187969924812
0.8387209960384833
0.8595849802371541
0.7676011595491465
0.8740016443504816
0.4
0.7896916724307783
0.8482758620689655
0.8129148629148629
0.6663978494623656
0.872172578257771
0.8423076923076923
0.788760918272979
0.7610793287566743
0.7399766081871345
0.8038518518518518
0.7742222222222221
0.2
0.858095238095238
0.8502456140350878
0.74156321035146
0.8298199767711962
0.8612280701754387
0.4
0.8325537634408603
0.5490544201583419
0.7607651607651608
0.8068943402276736
0.7262854433380749
0.8441483910637426
0.6638888888888889
0.8859717868338559
0.8350582750582751
0.8597801099450274
0.7867302723116676
0.8428809523809524
0.8605128205128205
0.7252390234846374
0.796923076923077
0.597041847041847
0.4
0.8369047619047619
0.7392857142857143
0.7901960784313726
0.8370656370656371
0.801309067688378
0.7628459383753501
0.8354106280193238
0.2
0.728042328042328
0.6441973327219229
0.687908496732026
0.8373179665862593
0.8012560386473431
0.8393602693602694
0.0
0.8439102564102564
0.7810533610533611
0.8401465201465201
0.6230842911877393
0.6607119791263014
0.6659824849480022
0.7201872201872201
0.8184796380090498
0.7330065359477125
0.6849890530925014
0.8586510041682456
0.7490511886913687
0.8562190890972171
0.8381362889983579
0.6658730158730158
0.8343589743589744
0.4
0.5932832080200501
0.6892978700043918
0.8365967365967366
0.7361935311414061
0.6914351851851852
0.7484484971891462
0.7372518839185507
0.687936507936508
0.7225730994152048
0.6818513464854928
0.8478030303030304
0.750334832583708
0.0
0.4
0.0
0.8150582750582751
0.7297354497354498
0.6687739463601532
0.8394667531099315
0.6363130047340574
0.5948704152093983
0.7856424845898531
0.631369798971482
0.6964259530791789
0.8334125569419687
0.8483295194508009
0.7302386400784571
0.4
0.7314009661835749
0.8096491228070175
0.4
0.63675645342312
0.7485428392745466
0.7665894465894465
0.6618566618566618
0.8391141672565476
0.7627149074019866
0.7517159903124816
0.7000854411503926
0.8431884057971015
0.6318257359924027
0.6887939221272554
0.8380915156760379
0.4
0.860927960927961
0.7618451723714881
0.7517368299976996
0.8711538461538462
0.7533333333333334
0.2
0.7511664295874823
0.7815996034041147
0.5113553113553113
0.5808661145617667
0.665945165945166
0.7131080389144905
0.7850485746137921
0.7831848438300052
0.7088127558715793
0.7814236364520994
0.7112150747238466
0.7547892720306514
0.7123931623931624
0.2
0.6805555555555555
0.7961111111111111
0.5368423846684717
0.7958462332301341
0.7232451499118165
0.2
0.0
0.7116531165311653
0.2
0.6312418300653594
0.8136752136752137
0.1
0.6501341589267285
0.4
0.0
0.2
0.6654761904761904
0.7295238095238095
0.7294685990338163
0.7604884004884004
0.6233870967741936
0.8330272108843537
0.7192791889483066
0.0
0.7014909189482245
0.7142605730627509
0.6877820247385463
0.7012800819252433
0.8279228243021346
0.4
0.8187969924812031
0.8191436445519931
0.5741384863123994
0.0
0.852779676463887
0.8194285714285714
0.8061547148503669
0.0
0.0
0.7883333333333333
0.7603258390355164
0.603133903133903
0.73789592760181
0.0
0.4
0.8079106858054226
0.8207971014492753
0.8307881773399015
0.7445352449223417
0.0
0.6753387533875338
0.4
0.728832498400362
0.2
0.7653763440860215
0.7228375711134333
0.6721050454921422
0.633935508935509
0.7024210357543691
0.7806377806377807
0.6207047991155937
0.0
0.5642857142857144
0.7043142043142043
0.7374405046571475
0.6365914786967419
0.7796969696969698
0.6936507936507935
0.7733528193886251
0.8319851576994435
0.5562770562770564
0.7184331667090287
0.7251461988304093
0.6761904761904761
0.0
0.7520066889632108
0.7190324295587452
0.6939897910383666
0.7578736078736078
0.6306935817805382
0.7540116959064328
0.8286483253588517
0.680672268907563
0.2
0.2
0.665984555984556
0.734065934065934
0.4
0.645537531251817
0.6616309291747888
0.62007062007062
0.7888130686517784
0.6818645948945616
0.6787209569818266
0.2
0.7442929697941726
0.7979166666666666
0.6022041062801933
0.6050623624358034
0.659018759018759
0.6970899470899471
0.7035696329813976
0.5763888888888888
0.6911147600802773
0.6378575418173266
0.7077067669172933
0.2
0.4
0.6486928104575164
