4.0
8.0
3.0
7.0
4.0
4.0
4.0
5.0
7.0
6.0
3.0
4.0
6.0
6.0
5.0
4.0
5.0
3.0
5.0
4.0
7.0
4.0
8.0
8.0
6.0
5.0
9.0
7.0
6.0
6.0
4.0
4.0
4.0
4.0
6.0
10.0
8.0
11.0
6.0
6.0
6.0
5.0
5.0
5.0
5.0
5.0
5.0
5.0
5.0
5.0
8.0
5.0
10.0
12.0
6.0
5.0
5.0
5.0
4.0
4.0
7.0
4.0
8.0
7.0
7.0
6.0
6.0
6.0
5.0
11.0
5.0
3.0
7.0
6.0
5.0
7.0
9.0
9.0
8.0
6.0
4.0
4.0
6.0
5.0
8.0
14.0
10.0
5.0
7.0
7.0
5.0
6.0
6.0
6.0
11.0
10.0
7.0
6.0
12.0
9.0
7.0
4.0
8.0
11.0
7.0
7.0
6.0
6.0
6.0
4.0
8.0
12.0
9.0
10.0
8.0
9.0
9.0
8.0
12.0
6.0
4.0
4.0
4.0
3.0
3.0
3.0
3.0
12.0
6.0
6.0
6.0
6.0
7.0
14.0
8.0
13.0
7.0
7.0
6.0
8.0
8.0
6.0
6.0
9.0
11.0
8.0
12.0
9.0
12.0
12.0
13.0
6.0
6.0
5.0
4.0
9.0
6.0
7.0
7.0
6.0
6.0
5.0
5.0
8.0
8.0
7.0
6.0
8.0
6.0
6.0
12.0
9.0
11.0
10.0
17.0
6.0
6.0
5.0
14.0
9.0
9.0
8.0
7.0
6.0
6.0
6.0
5.0
5.0
5.0
4.0
17.0
15.0
15.0
9.0
10.0
7.0
8.0
7.0
10.0
5.0
4.0
9.0
8.0
16.0
9.0
10.0
8.0
11.0
8.0
6.0
13.0
10.0
7.0
7.0
9.0
8.0
15.0
10.0
12.0
10.0
15.0
16.0
8.0
7.0
8.0
13.0
13.0
11.0
8.0
8.0
11.0
11.0
10.0
9.0
10.0
11.0
12.0
13.0
11.0
11.0
14.0
12.0
15.0
13.0
8.0
9.0
8.0
12.0
14.0
13.0
8.0
19.0
13.0
18.0
8.0
14.0
12.0
10.0
9.0
22.0
7.0
18.0
12.0
12.0
12.0
9.0
9.0
10.0
9.0
12.0
13.0
11.0
10.0
10.0
10.0
10.0
14.0
11.0
9.0
19.0
24.0
11.0
11.0
11.0
12.0
18.0
16.0
9.0
7.0
9.0
11.0
9.0
10.0
12.0
8.0
18.0
12.0
12.0
16.0
12.0
10.0
17.0
12.0
15.0
14.0
14.0
9.0
12.0
12.0
11.0
11.0
13.0
12.0
19.0
14.0
13.0
9.0
19.0
14.0
11.0
10.0
17.0
15.0
14.0
9.0
8.0
8.0
9.0
13.0
12.0
12.0
10.0
14.0
13.0
15.0
18.0
18.0
18.0
12.0
12.0
11.0
10.0
10.0
10.0
21.0
15.0
26.0
10.0
8.0
11.0
10.0
30.0
16.0
9.0
9.0
9.0
13.0
12.0
15.0
21.0
20.0
19.0
18.0
11.0
11.0
9.0
5.0
15.0
11.0
10.0
10.0
12.0
11.0
9.0
13.0
15.0
14.0
13.0
12.0
11.0
11.0
18.0
14.0
13.0
13.0
10.0
18.0
16.0
14.0
23.0
11.0
10.0
14.0
18.0
10.0
14.0
15.0
18.0
20.0
13.0
21.0
23.0
34.0
11.0
12.0
24.0
10.0
12.0
17.0
17.0
18.0
20.0
20.0
19.0
18.0
15.0
17.0
15.0
13.0
11.0
10.0
19.0
16.0
13.0
12.0
11.0
11.0
11.0
10.0
44.0
28.0
20.0
23.0
22.0
20.0
19.0
20.0
22.0
18.0
18.0
17.0
18.0
17.0
19.0
17.0
15.0
15.0
15.0
13.0
15.0
12.0
24.0
10.0
11.0
15.0
21.0
18.0
15.0
18.0
15.0
14.0
26.0
16.0
14.0
14.0
13.0
21.0
16.0
13.0
13.0
10.0
18.0
18.0
22.0
10.0
34.0
17.0
18.0
16.0
12.0
34.0
20.0
18.0
15.0
26.0
16.0
25.0
19.0
30.0
15.0
15.0
14.0
28.0
16.0
20.0
18.0
26.0
58.0
34.0
21.0
20.0
16.0
20.0
20.0
23.0
13.0
11.0
21.0
24.0
17.0
13.0
13.0
23.0
20.0
19.0
13.0
69.0
18.0
15.0
15.0
14.0
21.0
20.0
18.0
20.0
22.0
20.0
26.0
26.0
23.0
19.0
22.0
20.0
20.0
17.0
14.0
17.0
15.0
25.0
14.0
20.0
15.0
13.0
12.0
10.0
16.0
28.0
7.0
25.0
15.0
13.0
21.0
20.0
18.0
34.0
15.0
22.0
20.0
17.0
17.0
12.0
32.0
27.0
25.0
19.0
15.0
28.0
27.0
22.0
20.0
20.0
17.0
15.0
22.0
12.0
22.0
22.0
33.0
22.0
21.0
25.0
24.0
23.0
28.0
16.0
33.0
26.0
18.0
21.0
26.0
24.0
38.0
19.0
18.0
17.0
20.0
24.0
32.0
42.0
26.0
21.0
15.0
14.0
14.0
32.0
23.0
23.0
21.0
23.0
23.0
21.0
19.0
19.0
18.0
18.0
17.0
15.0
15.0
15.0
30.0
17.0
23.0
22.0
21.0
18.0
17.0
15.0
24.0
29.0
23.0
32.0
22.0
18.0
19.0
16.0
16.0
24.0
23.0
17.0
19.0
21.0
33.0
16.0
22.0
21.0
21.0
27.0
27.0
25.0
19.0
15.0
15.0
32.0
18.0
40.0
18.0
18.0
16.0
16.0
14.0
24.0
20.0
28.0
39.0
22.0
20.0
24.0
23.0
21.0
23.0
17.0
17.0
18.0
27.0
26.0
25.0
22.0
14.0
36.0
22.0
24.0
21.0
37.0
19.0
32.0
33.0
24.0
18.0
17.0
28.0
29.0
26.0
19.0
32.0
45.0
19.0
19.0
33.0
17.0
26.0
24.0
40.0
46.0
17.0
17.0
61.0
38.0
22.0
21.0
20.0
50.0
27.0
23.0
22.0
25.0
22.0
26.0
15.0
33.0
22.0
15.0
18.0
29.0
28.0
24.0
27.0
24.0
23.0
27.0
33.0
30.0
27.0
33.0
37.0
42.0
35.0
57.0
47.0
33.0
31.0
23.0
26.0
23.0
21.0
20.0
19.0
18.0
16.0
16.0
15.0
