0.8461538461538461
0.85
0.8947368421052632
0.926829268292683
0.8928571428571429
0.9259259259259259
0.8928571428571429
0.9615384615384616
0.8
0.8235294117647058
0.8421052631578947
0.9230769230769231
0.9
0.84375
0.9310344827586207
0.9
0.8214285714285714
0.8846153846153846
0.8214285714285714
0.8846153846153846
0.9024390243902439
0.8571428571428571
0.9655172413793104
1.0
0.8235294117647058
0.8571428571428571
0.9487179487179487
0.92
0.9583333333333334
0.92
0.8518518518518519
0.8518518518518519
0.8846153846153846
0.8518518518518519
0.8125
1.0
0.8421052631578947
0.82
0.7857142857142857
0.9565217391304348
0.7857142857142857
0.8148148148148148
0.8148148148148148
0.88
0.88
0.8461538461538461
0.88
0.8461538461538461
0.88
0.88
1.0
0.8333333333333334
0.7560975609756098
0.7884615384615384
0.8
0.8076923076923077
0.9130434782608695
0.8076923076923077
0.9
0.8181818181818182
0.8275862068965517
0.9375
0.7647058823529411
0.7666666666666667
0.8846153846153846
0.8846153846153846
0.8214285714285714
0.9523809523809523
1.0
0.7380952380952381
0.8484848484848485
0.8235294117647058
0.7586206896551724
0.9166666666666666
0.8461538461538461
0.9166666666666666
1.0
0.7272727272727273
0.8888888888888888
0.8275862068965517
0.8421052631578947
0.8888888888888888
0.8529411764705882
0.875
0.85
0.975
0.7222222222222222
0.782608695652174
0.8214285714285714
0.8214285714285714
0.8518518518518519
0.8214285714285714
0.8214285714285714
0.8214285714285714
0.717948717948718
0.9166666666666666
0.8928571428571429
0.7692307692307693
0.7692307692307693
0.813953488372093
0.8333333333333334
0.7894736842105263
0.8421052631578947
0.8181818181818182
0.8461538461538461
0.7586206896551724
0.8148148148148148
0.8148148148148148
0.7857142857142857
0.85
0.8
0.7659574468085106
0.775
0.8157894736842105
0.8387096774193549
0.875
0.8484848484848485
0.9545454545454546
0.7608695652173914
0.84
0.8235294117647058
0.8235294117647058
0.8235294117647058
0.8235294117647058
0.8235294117647058
0.8235294117647058
0.8235294117647058
0.7708333333333334
0.8214285714285714
0.8214285714285714
0.8214285714285714
0.8214285714285714
1.0
0.7272727272727273
0.8064516129032258
1.0
0.8695652173913043
0.8
0.8695652173913043
0.7857142857142857
0.7857142857142857
0.7857142857142857
0.8148148148148148
0.8
0.6857142857142857
0.8
1.0
0.7428571428571429
1.0
0.6842105263157895
0.9655172413793104
0.7619047619047619
0.8823529411764706
0.75
0.8333333333333334
0.8
0.7391304347826086
0.76
0.7307692307692307
0.7916666666666666
0.7916666666666666
0.7916666666666666
0.7916666666666666
0.7777777777777778
0.75
0.7777777777777778
0.7777777777777778
0.8846153846153846
0.7931034482758621
0.8214285714285714
0.6756756756756757
0.7575757575757576
0.90625
0.8048780487804879
0.7627118644067796
0.75
0.8148148148148148
0.7777777777777778
0.7777777777777778
0.8571428571428571
0.88
0.7741935483870968
0.8
0.7692307692307693
0.7692307692307693
0.7272727272727273
0.7777777777777778
0.8235294117647058
0.7619047619047619
0.8235294117647058
0.6862745098039216
1.0
0.6590909090909091
0.78125
0.7419354838709677
0.84
0.84
0.75
0.6551724137931034
0.75
0.7647058823529411
0.7333333333333333
0.7586206896551724
0.9117647058823529
0.9090909090909091
0.7692307692307693
0.7407407407407407
0.8709677419354839
0.6923076923076923
0.8421052631578947
0.9032258064516129
0.7567567567567568
0.8076923076923077
0.75
0.6785714285714286
0.7916666666666666
0.8157894736842105
0.8
0.8285714285714286
0.8148148148148148
0.675
0.6666666666666666
0.8333333333333334
0.84
0.8571428571428571
0.8666666666666667
0.8666666666666667
0.7428571428571429
0.75
0.7241379310344828
0.7777777777777778
0.65625
0.7777777777777778
0.7777777777777778
0.7777777777777778
0.8275862068965517
0.7916666666666666
0.6666666666666666
0.7586206896551724
0.6666666666666666
0.6829268292682927
0.717948717948718
0.7906976744186046
0.7555555555555555
0.7692307692307693
0.7692307692307693
0.8
0.8125
0.7941176470588235
0.7297297297297297
0.782608695652174
0.7272727272727273
0.775
0.6666666666666666
0.7586206896551724
0.8461538461538461
0.6666666666666666
0.7586206896551724
0.8260869565217391
0.7619047619047619
0.8
1.0
0.8214285714285714
0.696969696969697
0.8214285714285714
0.7407407407407407
0.7692307692307693
0.7692307692307693
0.85
0.5862068965517241
0.7741935483870968
0.8076923076923077
0.75
0.6774193548387096
0.8076923076923077
0.7241379310344828
0.7352941176470589
0.7575757575757576
0.6923076923076923
0.6041666666666666
0.6557377049180327
0.7333333333333333
0.6666666666666666
0.6875
0.6842105263157895
0.6818181818181818
0.7692307692307693
0.625
0.7894736842105263
0.76
0.6785714285714286
0.76
0.7037037037037037
0.7419354838709677
0.8
0.9032258064516129
0.8695652173913043
0.8695652173913043
0.631578947368421
0.8
0.7142857142857143
0.7333333333333333
0.6756756756756757
0.8620689655172413
0.6410256410256411
0.6
0.75
0.65625
0.7777777777777778
0.7241379310344828
0.7
0.5666666666666667
0.8947368421052632
0.8333333333333334
0.7222222222222222
0.7027027027027027
0.6666666666666666
0.675
0.75
0.72
0.75
0.8214285714285714
0.696969696969697
0.6216216216216216
0.6086956521739131
0.8235294117647058
0.6363636363636364
0.6785714285714286
0.8260869565217391
0.7916666666666666
0.7037037037037037
0.6785714285714286
0.75
0.7058823529411765
0.6666666666666666
0.7435897435897436
0.8529411764705882
0.8055555555555556
0.7407407407407407
0.7407407407407407
0.7407407407407407
0.7142857142857143
0.7142857142857143
0.8823529411764706
1.0
0.8125
0.7
0.6774193548387096
0.7272727272727273
0.6153846153846154
0.8421052631578947
0.6578947368421053
0.6666666666666666
0.7083333333333334
0.7083333333333334
0.7083333333333334
0.6296296296296297
0.8095238095238095
0.71875
0.5882352941176471
0.8571428571428571
0.8108108108108109
0.5714285714285714
0.6428571428571429
0.72
0.72
0.7058823529411765
0.7058823529411765
0.75
0.6428571428571429
0.6923076923076923
0.7916666666666666
0.6551724137931034
0.7647058823529411
0.625
0.6060606060606061
0.6060606060606061
0.6451612903225806
0.6896551724137931
0.6896551724137931
0.7407407407407407
0.7105263157894737
0.7777777777777778
0.6774193548387096
0.75
0.6086956521739131
0.9166666666666666
0.5789473684210527
0.6571428571428571
0.8421052631578947
0.6923076923076923
0.6666666666666666
0.8636363636363636
1.0
0.6896551724137931
0.6774193548387096
0.6285714285714286
0.8214285714285714
0.8333333333333334
0.6578947368421053
0.6428571428571429
0.875
0.5657894736842105
0.6818181818181818
0.5925925925925926
0.7555555555555555
0.6666666666666666
0.7407407407407407
0.875
0.84
0.6666666666666666
0.7073170731707317
0.6976744186046512
0.9090909090909091
0.5609756097560976
0.8148148148148148
0.7741935483870968
0.5588235294117647
0.5769230769230769
0.6923076923076923
0.6521739130434783
0.8275862068965517
0.7142857142857143
0.8421052631578947
0.6666666666666666
0.6551724137931034
0.56
0.5833333333333334
0.6818181818181818
0.5
0.8787878787878788
0.6136363636363636
0.8928571428571429
0.8333333333333334
0.6756756756756757
0.65
0.5853658536585366
0.5609756097560976
0.6285714285714286
0.8148148148148148
0.7857142857142857
0.7586206896551724
0.7333333333333333
0.5384615384615384
0.8333333333333334
0.6060606060606061
0.7037037037037037
0.6551724137931034
0.7307692307692307
0.6923076923076923
0.6538461538461539
0.6382978723404256
0.7142857142857143
0.6086956521739131
0.6857142857142857
0.88
0.6285714285714286
0.6470588235294118
0.8076923076923077
0.7142857142857143
0.6451612903225806
0.7837837837837838
0.5757575757575758
0.7307692307692307
0.6923076923076923
0.72
0.7222222222222222
0.6071428571428571
0.6296296296296297
0.68
0.6818181818181818
0.6285714285714286
0.7586206896551724
0.6444444444444445
0.6363636363636364
0.8717948717948718
0.6896551724137931
0.5405405405405406
0.6451612903225806
0.8125
0.48484848484848486
0.5135135135135135
0.7037037037037037
0.6551724137931034
0.4897959183673469
0.782608695652174
0.8214285714285714
0.4722222222222222
0.5964912280701754
0.7391304347826086
0.5483870967741935
0.6296296296296297
0.6530612244897959
0.64
0.5833333333333334
0.6190476190476191
0.62
0.47619047619047616
0.7142857142857143
0.5
0.8
0.7894736842105263
0.6153846153846154
0.7058823529411765
0.4523809523809524
0.6129032258064516
0.6086956521739131
0.5348837209302325
0.6136363636363636
0.5142857142857142
0.6666666666666666
0.6206896551724138
0.8148148148148148
0.7096774193548387
0.6470588235294118
0.5
0.5663716814159292
0.7391304347826086
0.68
0.5666666666666667
0.68
0.5121951219512195
0.525
0.7
0.6578947368421053
0.4878048780487805
0.6
0.7714285714285715
0.675
0.5
0.6388888888888888
0.5476190476190477
0.6216216216216216
0.6764705882352942
0.59375
0.6551724137931034
0.5454545454545454
0.6206896551724138
0.5813953488372093
0.6666666666666666
0.5384615384615384
0.7368421052631579
0.7
0.5833333333333334
0.6086956521739131
0.7083333333333334
0.5510204081632653
0.5882352941176471
0.5306122448979592
0.5517241379310345
0.5714285714285714
0.475
0.76
0.7037037037037037
0.7692307692307693
0.5
0.6153846153846154
0.525
0.5454545454545454
0.6923076923076923
0.625
0.48333333333333334
0.5
0.4791666666666667
0.6060606060606061
0.6071428571428571
0.5384615384615384
0.7352941176470589
0.6470588235294118
0.5428571428571428
0.5428571428571428
0.6551724137931034
0.5161290322580645
0.5
0.5416666666666666
0.5897435897435898
0.4878048780487805
0.96
0.59375
0.48717948717948717
0.7241379310344828
0.55
0.5609756097560976
0.6571428571428571
0.64
0.75
0.5192307692307693
0.5625
0.6896551724137931
0.48
0.5714285714285714
0.47761194029850745
0.6538461538461539
0.4857142857142857
0.5862068965517241
0.5135135135135135
0.5476190476190477
0.7714285714285715
0.8421052631578947
0.7096774193548387
0.5806451612903226
0.5185185185185185
0.5217391304347826
0.5217391304347826
0.7105263157894737
0.5652173913043478
0.5526315789473685
0.5
0.5
0.4634146341463415
0.6333333333333333
0.6666666666666666
0.5862068965517241
0.5862068965517241
0.5151515151515151
0.5862068965517241
0.5
0.5555555555555556
0.5769230769230769
0.6046511627906976
0.4482758620689655
0.6428571428571429
0.47368421052631576
0.5
0.5625
0.64
0.5333333333333333
0.5675675675675675
0.42857142857142855
0.7307692307692307
0.8333333333333334
0.5151515151515151
0.5666666666666667
0.4857142857142857
0.5666666666666667
0.5357142857142857
0.5806451612903226
0.47368421052631576
0.4482758620689655
0.5
0.6956521739130435
0.6428571428571429
0.5185185185185185
0.4358974358974359
0.7083333333333334
0.6296296296296297
0.6896551724137931
0.5555555555555556
0.5833333333333334
0.6818181818181818
0.6
0.46153846153846156
0.8148148148148148
0.64
0.3939393939393939
0.41935483870967744
0.4482758620689655
0.65
0.4642857142857143
0.5652173913043478
0.5128205128205128
0.53125
0.6
0.546875
0.42424242424242425
0.6666666666666666
0.47368421052631576
0.46153846153846156
0.5806451612903226
0.55
0.625
0.5357142857142857
0.5555555555555556
0.76
0.4418604651162791
0.5757575757575758
0.45714285714285713
0.5454545454545454
0.43103448275862066
0.5483870967741935
0.7083333333333334
0.5151515151515151
0.4126984126984127
0.7647058823529411
0.46
0.6136363636363636
0.6
0.4666666666666667
0.5357142857142857
0.4444444444444444
0.42857142857142855
0.3902439024390244
0.5925925925925926
0.7096774193548387
0.6296296296296297
0.5483870967741935
0.5862068965517241
0.6
0.5454545454545454
0.42857142857142855
0.5277777777777778
0.5869565217391305
0.3888888888888889
0.4666666666666667
0.5384615384615384
0.5119047619047619
0.5178571428571429
0.4166666666666667
0.5
0.5714285714285714
0.44155844155844154
0.38636363636363635
0.4594594594594595
0.6071428571428571
0.5428571428571428
0.5454545454545454
0.43478260869565216
0.4583333333333333
0.46938775510204084
0.7222222222222222
0.4642857142857143
0.56
0.8421052631578947
0.38095238095238093
0.64
0.3953488372093023
0.4594594594594595
0.6071428571428571
0.6428571428571429
0.3877551020408163
0.7037037037037037
0.5
0.40384615384615385
0.41509433962264153
0.36507936507936506
0.4339622641509434
0.3372093023255814
0.375
0.4166666666666667
0.6551724137931034
0.4857142857142857
0.5277777777777778
0.4411764705882353
0.5833333333333334
0.5185185185185185
0.4482758620689655
0.46875
0.5
0.52
0.5
