0.8979591836734694
0.8947368421052632
0.8947368421052632
0.8941176470588236
0.8928571428571429
0.8928571428571429
0.8928571428571429
0.8928571428571429
0.8888888888888888
0.8888888888888888
0.8888888888888888
0.8888888888888888
0.8852459016393442
0.8852459016393442
0.8852459016393442
0.8852459016393442
0.8846153846153846
0.8846153846153846
0.8846153846153846
0.8846153846153846
0.8809523809523809
0.8780487804878049
0.875
0.875
0.875
0.8727272727272728
0.8705882352941177
0.8679245283018868
0.8679245283018868
0.8679245283018868
0.8679245283018868
0.8679245283018868
0.8679245283018868
0.8679245283018868
0.8666666666666667
0.8648648648648649
0.8648648648648649
0.8631578947368421
0.8627450980392157
0.8627450980392157
0.8627450980392157
0.8627450980392157
0.8627450980392157
0.8627450980392157
0.8627450980392157
0.8627450980392157
0.8627450980392157
0.8627450980392157
0.8627450980392157
0.8627450980392157
0.8620689655172413
0.8620689655172413
0.8611111111111112
0.8602150537634409
0.8571428571428572
0.8571428571428572
0.8571428571428572
0.8571428571428572
0.8571428571428572
0.8571428571428572
0.8571428571428572
0.8571428571428572
0.8524590163934427
0.8518518518518519
0.8518518518518519
0.8518518518518519
0.8518518518518519
0.851063829787234
0.85
0.8493150684931507
0.8484848484848485
0.8484848484848485
0.8461538461538461
0.8461538461538461
0.8461538461538461
0.8461538461538461
0.8421052631578947
0.8421052631578947
0.8421052631578947
0.8421052631578947
0.8421052631578947
0.8421052631578947
0.8405797101449275
0.84
0.8395061728395061
0.8387096774193549
0.8387096774193549
0.8372093023255813
0.8363636363636364
0.8363636363636364
0.8363636363636364
0.8363636363636364
0.8363636363636364
0.8363636363636364
0.835820895522388
0.8354430379746836
0.8333333333333334
0.8333333333333334
0.8333333333333334
0.8333333333333334
0.8333333333333334
0.8333333333333334
0.8311688311688312
0.8307692307692307
0.8301886792452831
0.8301886792452831
0.8301886792452831
0.8301886792452831
0.8301886792452831
0.8292682926829268
0.8275862068965517
0.8275862068965517
0.8266666666666667
0.8266666666666667
0.8253968253968254
0.8235294117647058
0.8235294117647058
0.8235294117647058
0.8235294117647058
0.8235294117647058
0.8235294117647058
0.8235294117647058
0.8235294117647058
0.8235294117647058
0.8235294117647058
0.8235294117647058
0.8235294117647058
0.8222222222222222
0.8214285714285714
0.8214285714285714
0.8214285714285714
0.8214285714285714
0.8205128205128205
0.8205128205128205
0.819672131147541
0.8169014084507042
0.8163265306122449
0.8163265306122449
0.8163265306122449
0.8148148148148149
0.8148148148148149
0.8148148148148149
0.8148148148148149
0.8135593220338984
0.8135593220338984
0.8135593220338984
0.8125
0.8125
0.8125
0.8125
0.8115942028985508
0.8108108108108107
0.8108108108108107
0.8108108108108107
0.8108108108108107
0.810126582278481
0.8095238095238095
0.8085106382978724
0.8085106382978724
0.8085106382978724
0.8085106382978724
0.8085106382978724
0.8085106382978724
0.8076923076923077
0.8076923076923077
0.8076923076923077
0.8076923076923077
0.8070175438596492
0.8070175438596492
0.8070175438596492
0.8064516129032258
0.8064516129032258
0.8055555555555556
0.8048780487804879
0.8035714285714286
0.8
0.8
0.8
0.8
0.8
0.8
0.8
0.8
0.8
0.8
0.8
0.8
0.8
0.8
0.8
0.7954545454545454
0.7945205479452055
0.7945205479452055
0.7936507936507937
0.7931034482758621
0.7924528301886793
0.7924528301886793
0.7924528301886793
0.7916666666666666
0.7894736842105263
0.7878787878787878
0.7857142857142857
0.7857142857142857
0.7848101265822784
0.7843137254901961
0.7843137254901961
0.7843137254901961
0.782608695652174
0.782608695652174
0.7804878048780488
0.7777777777777778
0.7777777777777778
0.7777777777777778
0.7777777777777778
0.7755102040816326
0.7755102040816326
0.775
0.7741935483870968
0.7733333333333333
0.7719298245614035
0.7714285714285715
0.7710843373493976
0.7692307692307692
0.7692307692307692
0.7659574468085106
0.7647058823529411
0.7647058823529411
0.7647058823529411
0.7636363636363637
0.7636363636363637
0.7636363636363637
0.7636363636363637
0.7636363636363637
0.7636363636363637
0.7636363636363637
0.7619047619047619
0.76
0.7586206896551724
0.7586206896551724
0.7586206896551724
0.7567567567567568
0.7567567567567568
0.7555555555555555
0.7555555555555555
0.7547169811320755
0.7547169811320755
0.7547169811320755
0.7536231884057971
0.75
0.75
0.75
0.7476635514018692
0.7469879518072289
0.7466666666666666
0.7457627118644068
0.7457627118644068
0.7457627118644068
0.7457627118644068
0.7450980392156863
0.7441860465116279
0.7441860465116279
0.7428571428571429
0.7419354838709677
0.7419354838709677
0.7419354838709677
0.7407407407407407
0.7407407407407407
0.7407407407407407
0.7391304347826086
0.7391304347826086
0.7384615384615385
0.736842105263158
0.736842105263158
0.736842105263158
0.736842105263158
0.736842105263158
0.7352941176470589
0.7352941176470589
0.7346938775510203
0.7341772151898734
0.7339449541284404
0.7333333333333334
0.7333333333333334
0.7333333333333334
0.7323943661971831
0.7317073170731707
0.7317073170731707
0.7317073170731707
0.7317073170731707
0.7307692307692308
0.7307692307692308
0.7307692307692308
0.7307692307692308
0.7301587301587302
0.7272727272727273
0.7272727272727273
0.7272727272727273
0.7272727272727273
0.7272727272727273
0.7272727272727273
0.7272727272727273
0.7252747252747253
0.7246376811594203
0.7246376811594203
0.7246376811594203
0.7241379310344828
0.7241379310344828
0.7241379310344828
0.7241379310344828
0.7241379310344828
0.7241379310344828
0.7234042553191489
0.7234042553191489
0.7228915662650602
0.7222222222222222
0.7222222222222222
0.72
0.72
0.72
0.72
0.72
0.71875
0.71875
0.71875
0.717948717948718
0.717948717948718
0.717948717948718
0.7169811320754718
0.7169811320754718
0.7169811320754718
0.7169811320754718
0.7169811320754718
0.7164179104477613
0.7164179104477613
0.7164179104477613
0.7160493827160495
0.7160493827160495
0.7160493827160495
0.7142857142857143
0.7142857142857143
0.7142857142857143
0.7142857142857143
0.7142857142857143
0.7142857142857143
0.7123287671232876
0.7123287671232876
0.711864406779661
0.711864406779661
0.7111111111111111
0.7111111111111111
0.7111111111111111
0.7194244604316546
0.7088607594936709
0.7083333333333333
0.7083333333333333
0.7083333333333333
0.7083333333333333
0.7083333333333333
0.7076923076923076
0.7058823529411764
0.7058823529411764
0.7058823529411764
0.7058823529411764
0.7058823529411764
0.7058823529411764
0.7058823529411764
0.7058823529411764
0.7058823529411764
0.7058823529411764
0.7058823529411764
0.7058823529411764
0.7037037037037037
0.7037037037037037
0.7027027027027026
0.7017543859649122
0.7017543859649122
0.7017543859649122
0.7017543859649122
0.7017543859649122
0.7017543859649122
0.7017543859649122
0.7012987012987013
0.7
0.7
0.7
0.7
0.6984126984126984
0.6984126984126984
0.696969696969697
0.6956521739130435
0.6923076923076923
0.6923076923076923
0.6909090909090909
0.6896551724137931
0.6896551724137931
0.6885245901639344
0.6875
0.6865671641791045
0.6849315068493151
0.6849315068493151
0.6835443037974683
0.6829268292682926
0.6935483870967742
0.6818181818181819
0.6808510638297872
0.6799999999999999
0.679245283018868
0.6779661016949152
0.6774193548387097
0.6774193548387097
0.6753246753246753
0.6744186046511628
0.6666666666666667
0.6666666666666667
0.6666666666666667
0.6875
0.6666666666666667
0.6666666666666667
0.6666666666666667
0.6666666666666667
0.6666666666666667
0.6666666666666667
0.6666666666666667
0.6666666666666667
0.6666666666666667
0.6666666666666667
0.6666666666666667
0.6666666666666667
0.6666666666666667
0.6616541353383458
0.6590909090909092
0.6585365853658536
0.6578947368421053
0.6578947368421053
0.6578947368421053
0.6578947368421053
0.6575342465753424
0.6571428571428571
0.6567164179104478
0.6567164179104478
0.6567164179104478
0.6567164179104478
0.6567164179104478
0.65625
0.6557377049180328
0.6557377049180328
0.6551724137931034
0.6551724137931034
0.6551724137931034
0.6545454545454545
0.6538461538461539
0.6521739130434783
0.6521739130434783
0.6511627906976745
0.6486486486486487
0.6470588235294117
0.6470588235294117
0.6470588235294117
0.6461538461538461
0.6451612903225806
0.6451612903225806
0.6444444444444444
0.6440677966101696
0.6440677966101696
0.6428571428571428
0.6428571428571428
0.6419753086419753
0.6415094339622642
0.6415094339622642
0.6415094339622642
0.6382978723404256
0.6376811594202898
0.6376811594202898
0.6373626373626373
0.6363636363636364
0.6355140186915889
0.6349206349206349
0.6349206349206349
0.6349206349206349
0.6341463414634146
0.6336633663366337
0.6333333333333333
0.6333333333333333
0.6333333333333333
0.631578947368421
0.631578947368421
0.6301369863013699
0.6296296296296297
0.6296296296296297
0.6296296296296297
0.6296296296296297
0.6296296296296297
0.6274509803921569
0.6274509803921569
0.6268656716417911
0.6265060240963856
0.6262626262626263
0.625
0.625
0.625
0.625
0.625
0.6233766233766234
0.6233766233766234
0.6229508196721312
0.6229508196721312
0.6222222222222222
0.6216216216216216
0.6206896551724138
0.6206896551724138
0.6206896551724138
0.6206896551724138
0.619718309859155
0.619718309859155
0.619718309859155
0.6190476190476191
0.6183574879227054
0.6181818181818182
0.6181818181818182
0.6181818181818182
0.6181818181818182
0.6176470588235294
0.6176470588235294
0.6176470588235294
0.617283950617284
0.6153846153846154
0.6153846153846154
0.6136363636363636
0.6136363636363636
0.6133333333333333
0.6133333333333333
0.6133333333333333
0.6133333333333333
0.6133333333333333
0.6129032258064516
0.6129032258064516
0.6101694915254237
0.6101694915254237
0.6097560975609756
0.6086956521739131
0.6086956521739131
0.6086956521739131
0.6086956521739131
0.6086956521739131
0.6086956521739131
0.6071428571428572
0.6067415730337078
0.6060606060606061
0.6046511627906976
0.6037735849056604
0.6037735849056604
0.6031746031746033
0.6031746031746033
0.6031746031746033
0.6
0.6
0.6
0.6
0.6
0.6
0.6
0.5979381443298969
0.5977011494252873
0.5974025974025974
0.5970149253731343
0.5964912280701755
0.5957446808510638
0.5952380952380952
0.5945945945945945
0.59375
0.59375
0.59375
0.5925925925925926
0.5915492957746479
0.5909090909090908
0.5897435897435898
0.5882352941176471
0.5853658536585367
0.5846153846153845
0.5846153846153845
0.5833333333333333
0.5833333333333333
0.5822784810126582
0.5822784810126582
0.5818181818181818
0.5806451612903225
0.5806451612903225
0.5806451612903225
0.5797101449275363
0.5783132530120482
0.5783132530120482
0.5765765765765766
0.576271186440678
0.576271186440678
0.576271186440678
0.5757575757575757
0.575
0.574468085106383
0.5714285714285714
0.5714285714285714
0.5714285714285714
0.5714285714285714
0.5714285714285714
0.5714285714285714
0.5684210526315789
0.5681818181818181
0.5675675675675675
0.5675675675675675
0.5671641791044777
0.5671641791044777
0.5671641791044777
0.5666666666666667
0.5666666666666667
0.5666666666666667
0.5666666666666667
0.5666666666666667
0.5660377358490566
0.5660377358490566
0.5660377358490566
0.5652173913043479
0.5652173913043479
0.5625
0.5625
0.5625
0.5625
0.5614035087719298
0.5614035087719298
0.56
0.56
0.5588235294117647
0.5581395348837209
0.5573770491803278
0.5573770491803278
0.5573770491803278
0.5573770491803278
0.5555555555555556
0.5538461538461539
0.5538461538461539
0.5531914893617021
0.5517241379310345
0.5517241379310345
0.5510204081632653
0.5490196078431373
0.5483870967741935
0.5483870967741935
0.5483870967741935
0.547945205479452
0.5454545454545454
0.5454545454545454
0.5454545454545454
0.5454545454545454
0.5454545454545454
0.5432098765432098
0.5423728813559322
0.5416666666666667
0.5416666666666667
0.5416666666666667
0.5416666666666667
0.5416666666666667
0.5416666666666667
0.5405405405405406
0.5396825396825398
0.5393258426966292
0.5384615384615384
0.5384615384615384
0.5384615384615384
0.5373134328358209
0.5373134328358209
0.5373134328358209
0.5365853658536586
0.5357142857142857
0.5357142857142857
0.5357142857142857
0.5352112676056338
0.5352112676056338
0.5352112676056338
0.5333333333333333
0.5333333333333333
0.5319148936170213
0.53125
0.53125
0.53125
0.5306122448979591
0.5306122448979591
0.5301204819277108
0.5294117647058824
0.5294117647058824
0.5283018867924528
0.5263157894736843
0.5263157894736843
0.525
0.5245901639344263
0.5245901639344263
0.5238095238095238
0.523076923076923
0.5396825396825398
0.523076923076923
0.5217391304347826
0.5217391304347826
0.5217391304347826
0.5205479452054795
0.5192307692307692
0.5185185185185186
0.5185185185185186
0.5185185185185186
0.5180722891566265
0.5178571428571428
0.5172413793103448
0.5172413793103448
0.5161290322580645
0.5151515151515151
0.5151515151515151
0.5151515151515151
0.5151515151515151
0.5142857142857142
0.5142857142857142
0.5128205128205128
0.5116279069767442
0.5111111111111111
0.5098039215686274
0.5098039215686274
0.509090909090909
0.5079365079365079
0.5079365079365079
0.5079365079365079
0.5074626865671642
0.5074626865671642
0.5074626865671642
0.5070422535211268
0.5066666666666666
0.5066666666666666
0.5063291139240507
0.5060240963855422
0.5057471264367817
0.5054945054945055
0.5054945054945055
0.5043478260869565
0.5
0.5
0.5
0.5
0.5
0.5
0.5
0.5
0.5
0.5
0.5
0.5
0.5
