0.865224923920576
0.7236458844706267
0.7761454331576282
0.8993657756617154
0.703056412438393
0.6826759051616736
0.7399094085707488
0.759997513610636
0.7375724957816883
0.7401196566580689
0.7651215176524513
0.8796363964846027
0.8218967700584009
0.7774802411502773
0.7260861301183882
0.7705280452682729
0.6542325850528005
0.7320003263674284
0.732233696691528
0.7755077658303465
0.745172377741185
0.712374944449864
0.7414221300063772
0.6808867071840424
0.6398046398046398
0.7809214257223717
0.7707793507793509
0.7103724414069242
0.9072342613398332
0.703233392122281
0.7396846846846846
0.7241386735572783
0.7450333921482386
0.7917875898286346
0.6804174303397348
0.0
0.7521184768020212
0.6863095238095238
0.7328256302521008
0.7151442132165023
0.7224034386393501
0.6632520325203252
0.7335813492063492
0.7614081880475324
0.7394731809443287
0.7490175504676836
0.890885870196215
0.7676931437260671
0.7713969404186796
0.8452130340888911
0.0
0.8680142487481938
0.7402198401423509
0.695647337292734
0.7576224768139662
0.7382909868608735
0.0
0.7963849424311543
0.7541880341880342
0.7304983311201235
0.804020791696087
0.7560130496145555
0.760416611449482
0.0
0.0
0.7916874063523425
0.8122686721226867
0.0
0.7670670999622692
0.7562545548267833
0.7319187702908634
0.6669559601932108
0.7778728933901348
0.7267691798941799
0.7634554334554334
0.7681635237190793
0.0
0.7013370293886005
0.7175189407622543
0.7546511756938203
0.8078231292517007
0.7281233653099793
0.6844329902633289
0.8076923076923078
0.8431469067435259
0.7474166956925578
0.7955166742205918
0.7064568999823587
0.7529497930441327
0.0
0.7655318808557906
0.7961615724374544
0.7769509043927648
0.795753672361133
0.7467649315938502
0.7633978551162817
0.7412739364751749
0.7255016546122891
0.7813768526385348
0.7773758606011985
0.6990844282918647
0.7428571428571429
0.7696374535454996
0.7314134762192839
0.8497978747978747
0.7015780300272474
0.7763273125342091
0.697295090205538
0.7672286596327161
0.8400721933646699
0.0
0.7363739662072865
0.7269613438982899
0.6705468025949953
0.7891104520308786
0.8172797216105265
0.790538484276767
0.7232928973277074
0.7114077113932614
0.7309698996655518
0.6885128864139358
0.7690429449348876
0.6490783117213322
0.7367472051929318
0.0
0.7209781010180163
0.8636887661655464
0.769902848423829
0.842881679723785
0.721448733105779
0.7642204178968885
0.0
0.7883403931791029
0.8348369212366603
0.7275335775335776
0.0
0.7695183427108363
0.7002023783938678
0.7755142743176249
0.7870692499441955
0.6827137647213685
0.7136807636807636
0.7644920538837003
0.8364901298629986
0.8024423760749148
0.7046666071056314
0.7846173420548671
0.6812886367981644
0.784450023573786
0.7662790390464901
0.8608997942258526
0.0
0.7310627153594077
0.8027879767373333
0.8199433579547629
0.734274373266771
0.7419151704397606
0.7047924581175432
0.748730931095817
0.6738787582451297
0.0
0.7454647748765395
0.7788567138567138
0.7766349125395409
0.7409746588693956
0.7721677559912855
0.7333786052083551
0.0
0.8010855211433804
0.0
0.7846319444444445
0.791287355507539
0.6882782435655445
0.0
0.7406522941922372
0.7092331556278425
0.7333700085740765
0.815973862998208
0.7250203430856228
0.7923094105871792
0.0
0.0
0.7291967291967292
0.7921608644072574
0.6916015019463294
0.8461241173143321
0.7223248462512265
0.7551693404634582
0.6425248525461745
0.7091338582677166
0.7244211566282064
0.6776651805905537
0.6900598077068665
0.7419405829191762
0.777182372209359
0.6212398712398711
0.8231582762557524
0.5984180769144133
0.7879206634692246
0.7661173512188872
0.7592738581869017
0.807996181312978
0.7421800841262343
0.0
0.7662574662574663
0.6488277992366664
0.7790348114533338
0.7557448673462012
0.7614554823811153
0.7913618358917974
0.0
0.6897258297258296
0.7827100435796087
0.7646464646464647
0.762320881067783
0.7492763046280085
0.7886204519069419
0.7763813813813814
0.8277875539913614
0.736111111111111
0.7658119658119658
0.9172468770545694
0.888204769771678
0.8106571446839697
0.7376571111199738
0.72629417469843
0.0
0.778242509124862
0.7444182152186274
0.7603663609211461
0.7389382222633946
0.7728134733592437
0.7386111111111111
0.8188686216107967
0.8222222222222223
0.662291243605535
0.7130597918179618
0.8493224932249323
0.703858024691358
0.791369489556904
0.7370731120731121
0.7074542331699551
0.7427948802824672
0.7924925389007424
0.7724985302763082
0.7617341938638886
0.841862304319084
0.7678586495836335
0.7517004237592473
0.7771265703137146
0.8907683220707142
0.7980068995453612
0.8394494529203267
0.6579909805862619
0.7771458647290133
0.7688381953186288
0.7644339992166079
0.716372855871613
0.7505689955132314
0.7608556071858824
0.7632752045175598
0.7636132502139104
0.854335004280316
0.7617461007819198
0.7347146149261016
0.7906886418089248
0.0
0.7624490606308788
0.7606401784014576
0.8338637127179066
0.7019679816289986
0.784633278598796
0.6505252678897154
0.7471309608039977
0.784825888179379
0.0
0.7821516507143847
0.6672606824321662
0.766879047635915
0.6263352102608527
0.7982903172776591
0.7813574087273304
0.7605912421465763
0.7707142966225753
0.0
0.8017676767676768
0.7775530694205394
0.7756011580225942
0.7482121647314917
0.7839251326600479
0.7307450479100414
0.0
0.7123673215898826
0.63998223998224
0.7306478455769186
0.8280802964213686
0.8411860835641324
0.7602203018651935
0.6521075766338925
0.0
0.5907148407148407
0.7386572051928666
0.7211434801287195
0.0
0.6739495798319327
0.7090937090937092
0.7899726286977575
0.7281743619759423
0.0
0.7438618769145086
0.7909260090524818
0.7417472660298268
0.7896582268469873
0.7319096144149881
0.7399410888500073
0.7984113712374582
0.756493838523291
0.8419489007724302
0.7138249502699631
0.734576476901193
0.0
0.8417288853710057
0.7370799831661019
0.7739092234827041
0.7501260832572983
0.7369716275236193
0.0
0.7596188747731397
0.6972460626254069
0.7252136752136753
0.7829514658782951
0.820771636012179
0.7241823033224307
0.7870857699805067
0.7266922094508302
0.7040741555995793
0.6751298810122339
0.0
0.7503402372196986
0.745407538725139
0.7359246038491323
0.7468907112708706
0.0
0.6566760001037049
0.7501095899260326
0.7886532471703841
0.7001149016820659
0.7457750582750582
0.7289535017883928
0.7591635654793549
0.772275521023337
0.6889562289562289
0.7296536796536796
0.7162688035827047
0.7333122053463531
0.7293313672145888
0.7539337583197233
0.8317214288478656
0.8635421151582996
0.7859777537447167
0.7361217811922037
0.6851291375954071
0.7099470510628713
0.8907425162458719
0.7230769230769232
0.0
0.7491466277175318
0.760908808708704
0.7396813402567878
0.7878435927216415
0.748087448949518
0.6494613985769647
0.7173260911495513
0.7827945475004299
0.7624838955808224
0.9017639722040743
0.6812629399585921
0.7956941447561204
0.7375214532852999
0.7636769299419902
0.0
0.7230517023959647
0.7022049505786939
0.7332054093567252
0.787355403924319
0.0
0.7230482636040471
0.7576897223902668
0.0
0.7345553150774219
0.6729107579802024
0.7736928231230998
0.7380212930054307
0.7434887334887336
0.7670891402503024
0.7159839644359769
0.7291650737823993
0.0
0.8787892222058026
0.7326347489888976
0.7518007662835249
0.6764510585392655
0.6604324083724161
0.7060122501611863
0.6475728475728476
0.7640630905372422
0.7272005338672005
0.6843085200523875
0.7604146383678415
0.7395483150352794
0.7596604783042867
0.7322867940343886
0.821121283297793
0.0
0.694433950697061
0.7197728005690535
0.7213484167007405
0.0
0.5966665924590188
0.7590897589283833
0.7672877145438122
0.6751089324618738
0.6767410015649452
0.7850850850850851
0.8698569729273188
0.8790834613415258
0.7559851183568297
0.8571971527526077
0.8083305527749971
0.6545314958121771
0.7693434343434342
0.0
0.7301755447941889
0.7845678079530245
0.7607955647955649
0.9523336643495531
0.7731824012612191
0.7492884714033359
0.7807616848799125
0.7514963489925166
0.7869372962645631
0.7303855494321123
0.7593500735492159
0.6737812167362648
0.7938645456505594
0.8111299344206886
0.6940356818812642
0.6969238779548058
0.6790953003189806
0.8806008806008806
0.8240072907544903
0.0
0.7187595304911647
0.7586242514635727
0.6994805194805195
0.725195509097948
0.7928676687297377
0.7174908424908425
0.7314094201640519
0.8215211648035331
0.7791375966832356
0.7631922398589065
0.7561891608666945
0.8101228003034758
0.767348627214599
0.7653682625715147
0.6850266362252664
0.7923639958857908
0.7594987897407252
0.7808996524166804
0.7505528871422911
0.691684822076979
0.0
0.0
0.7230994152046785
0.6617023890866808
0.7725388994045709
0.7362629733763755
0.7656479759294893
0.7567749727286893
0.749126559714795
0.7037622350875363
0.7263423109826745
0.7332603990212686
0.0
0.7657285877863211
0.843461545731028
0.8159035913026006
0.7772506852203246
0.741252365784979
0.7416122004357298
0.824301113480218
0.6853939232183777
0.7594545864322741
0.6511988561525612
0.7056683806610341
0.7523550724637681
0.787737836827835
0.7330932048844795
0.6817927170868346
0.7798081534772182
0.77836898234361
0.742909008395734
0.7427738011896428
0.7639351641509752
0.7668016691212568
0.7329005869050363
0.725667998679372
0.7193440919371601
0.736532146682451
0.7439945991423764
0.7375055285272003
0.7797556314116725
0.7360611959668564
0.7969328866585661
0.7816114542779085
0.7429595494111623
0.7009730502881188
0.8130873085839291
0.6941317941317942
0.778046421663443
0.7317490097977902
0.0
0.6985510785510786
0.8141300914964419
0.7012250712250713
0.8033743287303414
0.7609405600406474
0.7244539411206078
0.7071134626690183
0.6495594109349043
0.738486083556506
0.8451997461990873
0.8616402116402115
0.7605660860941175
0.7604688708326514
0.7550771048377068
0.7911510740027118
0.7748138663631622
0.7998550465854288
0.0
0.7199512494996284
0.7454333210770026
0.785594752091094
0.7279197410776358
0.682257742901128
0.7682218721820817
0.7029187930880115
0.7212145035258243
0.7655659155659156
0.7239655636265806
0.8856147706263325
0.7908978174603174
0.7882957231893402
0.792571898385852
0.7727057200741411
0.7964027549834959
0.8812672660017794
0.7281502972992335
0.7053344192201975
0.7656313813481344
0.8420360897982381
0.7527224546059511
0.7192283661355826
0.7762496649198312
0.7987457508584269
0.7449195626195854
0.807179186228482
0.7251263911655595
0.751062766438284
0.7515305336272906
0.7112852861927426
0.7570335177822205
0.7437637241985068
0.715918584339637
0.7351153814568449
0.7798206742235122
0.7670631544530996
0.8107776607776609
0.792114521186632
0.6720178598675801
0.6935333729451377
0.0
0.7112752873194906
0.787178899505288
0.8495261589063624
0.7772042285200179
0.8949073275448987
0.7332163557201316
0.706547619047619
0.7989583888800014
0.7263468013468014
0.766868140331003
0.7747677669552671
0.7422222222222222
0.0
0.7479114452798662
0.7061364439731354
0.7777437780497757
0.7754259538573264
0.7750903446968698
0.7079445066567128
0.7424394547888524
0.7800842299536637
0.7774349125053351
0.7278088042843139
0.7840430710704903
0.7624794052642154
0.7403981333805895
0.7304157846170547
0.712465823212181
0.7540329513429467
0.7721586417843764
0.6961962243110428
0.8314754127128273
0.7469831698382529
0.7572858433220223
0.7516964342871776
0.713330576233802
0.7302867383512545
0.7617024685424139
0.7902045962376262
0.7035371822757798
0.8033017325923505
0.7552756797128161
0.7545569400138189
0.7379013148911219
0.7285287649322737
0.7405423630461389
0.7564816884464483
0.6769081164058334
0.6900848478162948
0.7211582856569306
0.7560250013975068
0.8378070459176198
0.0
0.728451733405156
0.7668011538244001
0.9268617021276596
0.7562688536953243
0.831866586296966
0.7114391473941745
0.6893241777142706
0.716183574879227
0.7756990665787212
0.7530094933153578
0.799685936151855
0.7571847507331378
0.7815476190476192
0.7835841972355131
0.7317658492822967
0.7913265886512441
0.7428255528255527
0.7672568634229252
0.7160415788734372
0.0
0.7855006757051312
0.8050840916541002
0.7254549808429118
0.7441493691493691
0.7765977629754719
0.7581361128416052
0.0
0.7300030459945172
0.8266205076219805
0.7300158338662038
0.7411231821984655
0.862949487949488
0.7651909160105882
0.8224834553757977
0.8530090359258452
0.7130986820957892
0.9033947398910902
0.681395471445534
0.7566339066339066
0.7412398324052845
0.7452951972128904
0.7740756046064803
0.7453879453879454
0.7834402294775519
0.7853002070393375
0.0
0.7422593279736137
0.7173971861471862
0.8179178549643548
0.7776650913968433
0.80933890759808
0.8156691985332635
0.7448785782119115
0.7488815548221489
0.8273902578227746
0.6722027972027972
0.7355665839536808
0.7279584430370739
0.7355291014340719
0.728307949360581
0.752203373015873
0.7581391875746716
0.7106958330104111
0.0
0.7012725844461901
0.7613705738705739
0.7968357397159406
0.7585264764193244
0.7229347640947029
0.7482987920036837
0.0
0.7031977703619495
0.8011467859640788
0.716819382891277
0.741770623127255
0.6804280813980439
0.0
0.7778791737408036
0.7828675671479584
0.7025636118111157
0.6232771060357267
0.8618071032909742
0.7323549732277247
0.7442692799202256
0.7320455701603242
0.8330095553976151
0.7558923426847955
0.7742334739803094
0.0
0.7499397227245329
0.7361316742240501
0.8553652048710253
0.7352865497076023
0.7166485017544427
0.7679794045306204
0.7357142857142858
0.7953056268104987
0.7413722252197751
0.7697017116172818
0.7467857365355263
0.7949284135330648
0.6602383021874547
0.6328864430263645
0.7573213251454676
0.7347531470008928
0.7703713884307617
0.7094508301404853
0.705950691917011
0.7544466403162056
0.7003663003663004
0.7552617368655105
0.7642087932837492
0.654572940287226
0.7234393367779326
0.9342251950947603
0.9203703703703704
0.9102167182662538
0.8775236316956471
0.861904761904762
0.8626649638143892
0.8485714285714286
0.9182905982905982
0.8380952380952381
0.822539360571815
0.9069272445820434
0.9381318681318681
0.8495818399044205
0.8631997658578118
0.8878911238825031
0.8248904818797292
0.8831090407177363
0.850613154960981
0.8831090407177363
0.8651059085841695
0.8488959748176992
0.919047619047619
0.8266009852216749
0.8902116402116401
0.8709037638043723
0.9153439153439153
0.8106749594163781
0.8696031746031746
0.8730842911877393
0.8413457556935818
0.81070647012676
0.81070647012676
0.9121557454890787
0.81070647012676
0.8372464726631393
0.9206349206349206
0.0
0.8053968253968254
0.8825051759834368
0.85351966873706
0.8825051759834368
0.8518518518518517
0.7741301907968574
0.9087179487179488
0.9087179487179488
0.9087179487179488
0.9087179487179488
0.9087179487179488
0.9087179487179488
0.9087179487179488
0.8525252525252526
0.8420634920634921
0.9079464988198268
0.7994058786741713
0.7826923076923077
0.8116738334129638
0.7958008175399479
0.7640547857939163
0.8505050505050505
0.9060606060606061
0.9159982971477224
0.9089912280701755
0.8696441539578794
0.8068840579710145
0.8730291447682751
0.8440436375218984
0.902014652014652
0.8565323565323565
0.8653198653198654
0.9126984126984127
0.85022640195054
0.8995098039215685
0.8292899005042932
0.8541235334713595
0.8519813519813519
0.9007936507936508
0.9090909090909092
0.7840909090909092
0.8546296296296297
0.8949096880131363
0.7905701754385964
0.812962962962963
0.755906500531247
0.7989926739926739
0.8905052264808363
0.8352402838251894
0.8304843304843305
0.8571658615136876
0.7896441990644889
0.8331224599340542
0.7606586918181121
0.8597883597883599
0.7461659381949236
0.9014550264550265
0.7869352869352869
0.8441977918722104
0.8913690476190476
0.8413808413808415
0.8493173493173494
0.8124934350118695
0.7829059829059829
0.0
0.8745552692921114
0.7768759018759019
0.8869895536562202
0.8917624521072797
0.8869895536562202
0.8718380385047052
0.0
0.788468720821662
0.8953968253968254
0.8230123180291153
0.7797619047619048
0.8999022946391367
0.7937948028673835
0.8497718733225978
0.7994949494949495
0.8437826541274817
0.8289589637415725
0.8666910866910866
0.8585434173669467
0.8585434173669467
0.8823529411764706
0.8585434173669467
0.834733893557423
0.8585434173669467
0.834733893557423
0.8535714285714285
0.8908730158730158
0.8353174603174603
0.8908730158730158
0.8908730158730158
0.8985507246376812
0.8458110516934045
0.799228012131238
0.8738368910782705
0.90392216479173
0.8891269841269841
0.8795986622073579
0.8772893772893773
0.8875218983914636
0.8621378621378621
0.8007856341189674
0.8184674329501916
0.8952380952380953
0.7784674329501916
0.8947368421052632
0.8798029556650246
0.8690958164642376
0.8947368421052632
0.7932676518883416
0.7956349206349206
0.8774509803921569
0.8552287581699346
0.8061647173489278
0.8095765345765346
0.8359182981608612
0.8196969696969697
0.7907910802647645
0.8842995169082126
0.8842995169082126
0.8725845410628019
0.8725845410628019
0.8091005291005291
0.875
0.9094578636607622
0.7456084656084657
0.8826633581472291
0.8116420361247948
0.8254652435686918
0.8918918918918918
0.7665482410309997
0.8311063218390805
0.8072009291521486
0.7809923634689402
0.8452380952380952
0.8621079671804309
0.8432928727046374
0.8705284981376064
0.8780357142857143
0.8105050505050505
0.8255932517612162
0.8442424242424242
0.8675213675213675
0.8675213675213675
0.809553872053872
0.8432928727046374
0.8432928727046374
0.8229888446606712
0.8432928727046374
0.8188777012306424
0.0
0.0
0.8359005376344086
0.8599163679808841
0.8268530020703935
0.7998412698412697
0.8633333333333333
0.0
0.8611111111111112
0.8334276018099548
0.8516239316239317
0.809187998593296
0.8023684025581558
0.7976563666218839
0.8031990231990233
0.8683862433862434
0.8765587494877348
0.840958164642375
0.8356259968102074
0.7430026135633993
0.7332046332046332
0.8525641025641025
0.8621378621378621
0.7888888888888888
0.7628362573099415
0.7846700083542189
0.854594017094017
0.7901785714285715
0.7713902308105207
0.8459876543209877
0.0
0.826984126984127
0.8249735449735449
0.8405372405372405
0.7591060985797827
0.7948203842940685
0.8138207471540806
0.8331224599340542
0.8076521179969456
0.7607824274490941
0.8055830039525692
0.7316731845717354
0.8267195767195767
0.851691518358185
0.8101627919072137
0.8307387057387058
0.7125252525252526
0.8156130268199234
0.8143522178304788
0.735598202377008
0.7976800976800976
0.7566111386002529
0.7462962962962963
0.7809289475956143
0.8366571699905033
0.7047619047619048
0.7343697864531199
0.814561759367994
0.7472996806330139
0.7786473429951691
0.7838046011959056
0.8106035437430786
0.7411255411255411
0.8584674329501915
0.8001165501165501
0.8224553224553225
0.7952856904880893
0.8718081435472739
0.7823189882013412
0.8110507246376812
0.8432400932400933
0.782717086834734
0.7865461208789545
0.7166910242357813
0.7883597883597884
0.8278388278388279
0.846986346986347
0.827065527065527
0.8309668695064233
0.6878030782205355
0.7155801188059252
0.8135396587420575
0.7648784906849423
0.7013864271928788
0.8329601433049709
0.7516339869281046
0.7025530025530026
0.806453610801437
0.0
0.750638052272631
0.7313131313131312
0.7609427609427609
0.8551587301587302
0.708645156013577
0.8009194108265315
0.7297844274588461
0.8357843137254902
0.0
0.8212345679012346
0.7492063492063492
0.8036907082521118
0.7635802469135803
0.8092338709677419
0.8277777777777778
0.8066386161757831
0.7294470324361629
0.7770660800552105
0.0
0.7990476190476191
0.794973544973545
0.8022668153102935
0.7486573111573112
0.8156896551724137
0.7803418803418802
0.0
0.8166666666666668
0.8493589743589745
0.8111943810868542
0.0
0.844047619047619
0.8248366013071896
0.8402255639097745
0.7524133175728921
0.7685185185185185
0.8004290004290003
0.7608695652173912
0.8116359447004609
0.689051689051689
0.7980952380952381
0.7585470085470085
0.6896710374971246
0.7729263965823105
0.8041791791791791
0.8278985507246377
0.7961548255665903
0.7961548255665903
0.8157142857142857
0.8022629036359014
0.7909961685823755
0.8199905033238366
0.8474603174603175
0.7518452380952381
0.7242899584076055
0.8366188769414576
0.7358058608058607
0.7513280489500764
0.0
0.7222314768541654
0.7228607918263091
0.7546068235723409
0.7928571428571428
0.7928571428571428
0.7163398692810458
0.831151118385161
0.7642667292057537
0.7786398467432951
0.8215565796210957
0.7980702162287839
0.7983299595141701
0.8103119790426292
0.8141378350089784
0.7505898755898756
0.7407407407407408
0.7467320261437909
0.8084795321637426
0.8130511463844797
0.85194467650608
0.813236531986532
0.7679738562091504
0.8180335097001764
0.748299770358594
0.0
0.8279503105590061
0.7249932523616733
0.7425371120107962
0.7918552036199095
0.7514005602240896
0.8080246913580247
0.7471668301187752
0.7951686909581647
0.7381578947368421
0.8132183908045977
0.702337858220211
0.734621212121212
0.8212481962481961
0.7297979797979798
0.8296457127102288
0.7875055978504255
0.7846469622331691
0.7279119699409554
0.7111207505944348
0.733665153955009
0.7370270317990006
0.7385912698412698
0.7869321641700159
0.6905594405594405
0.0
0.7579581708613968
0.7787524366471734
0.7763532763532762
0.780246913580247
0.7717171717171718
0.8166666666666668
0.7784743991640544
0.7782297023531246
0.8267469439883234
0.7496947496947497
0.6955674816139933
0.8218045112781954
0.7305877305877306
0.7164285714285715
0.7098684210526316
0.7973484848484849
0.7558641975308641
0.7554405847088774
0.0
0.8518518518518517
0.7698830409356724
0.6733497133497134
0.764012595591543
0.734288295263905
0.681171231481212
0.6419926822403603
0.730836236933798
0.0
0.7089007242429745
0.7247947233813434
0.7907041359053743
0.7598697598697598
0.7392466868170193
0.7478214381181502
0.7707307060755336
0.0
0.724867724867725
0.7770935960591133
0.7707002801120448
0.7893518518518517
0.7392466868170193
0.7350168350168351
0.7382395382395383
0.6924737392069517
0.6952075702075703
0.0
0.7619980723428998
0.6725308641975308
0.7792350014017382
0.7122292512280445
0.7518452380952381
0.750979602791197
0.6877820247385463
0.744869468099958
0.732882882882883
0.0
0.0
0.7568542568542568
0.7286340103544404
0.752599890530925
0.7748397435897436
0.0
0.7393162393162394
0.7282807212719603
0.7714285714285714
0.6860507246376812
0.7967544999803063
0.7214517265680055
0.741014541014541
0.6768627450980392
0.6822066822066821
0.7560504201680672
0.7120149602618046
0.6967636590278099
0.7035742035742035
0.0
0.7619658119658119
0.0
0.0
0.7427731092436974
0.6711401009646624
0.7320634920634922
0.0
0.7934536777674032
0.6980842911877394
0.7128824476650565
0.7556818181818182
0.6729512317747611
0.6503780195463765
0.7282612282612283
0.7042864656381487
0.0
0.6538780663780663
0.500943631378414
0.772967772967773
0.7015539151245491
0.7320433358528596
0.7774263023287117
0.6961375661375663
0.0
0.0
0.742821288846239
0.7321957300919433
0.6938271604938272
0.7237650697646755
0.7600809716599191
0.7302867383512545
0.7453760943139386
0.679342403628118
0.6474662592309651
0.6853305424733996
0.5430555555555555
0.738943278943279
0.0
0.7417903733693207
0.7332674671935958
0.7919799498746866
0.7312016600641388
0.7659749670619235
0.7095014494364332
0.8200023490721166
0.0
0.7371145905384728
0.7471264367816092
0.6881914381914381
0.6663978494623656
0.786954297096285
0.7371794871794872
0.7359511478412237
0.7013491609458429
0.6749707602339181
0.7548148148148147
0.7177777777777777
0.0
0.7634920634920634
0.7504093567251463
0.676954012939325
0.7163666279519938
0.7687134502923977
0.0
0.7209229390681005
0.5490544201583419
0.700956450956451
0.758617925284592
0.6578568041725936
0.7402473184395709
0.6638888888888889
0.8099529780564264
0.7250971250971251
0.7663001832417123
0.7334128403895845
0.7381349206349207
0.7675213675213675
0.6565487793557968
0.7461538461538462
0.597041847041847
0.0
0.7961309523809524
0.7392857142857143
0.7377450980392157
0.7284427284427285
0.7161558109833971
0.7035574229691877
0.7256843800322063
0.0
0.6600529100529101
0.6441973327219229
0.687908496732026
0.7288632776437655
0.7515700483091788
0.732267115600449
0.0
0.7398504273504273
0.6350889350889352
0.7335775335775335
0.6230842911877393
0.6607119791263014
0.6659824849480022
0.7201872201872201
0.6974660633484163
0.7330065359477125
0.6849890530925014
0.7644183402804092
0.6863139858642108
0.7603651484953619
0.7302271483305965
0.6658730158730158
0.723931623931624
0.0
0.5932832080200501
0.6892978700043918
0.7276612276612276
0.6702419139267576
0.6914351851851852
0.6855606214864327
0.6715648548981883
0.687936507936508
0.6532163742690059
0.6818513464854928
0.7463383838383839
0.6879185407296351
0.0
0.0
0.0
0.6917637917637918
0.6621693121693122
0.6687739463601532
0.7324445885165525
0.6363130047340574
0.5948704152093983
0.6427374743164217
0.631369798971482
0.6626955034213099
0.7223542615699478
0.7472158657513349
0.6627983000980713
0.0
0.7314009661835749
0.6827485380116959
0.0
0.63675645342312
0.6856785490931833
0.7082368082368081
0.6618566618566618
0.7318569454275794
0.7033936342524832
0.689644987890602
0.7000854411503926
0.7386473429951691
0.6318257359924027
0.6109924026590693
0.7301525261267298
0.0
0.7682132682132682
0.7023064654643602
0.6896710374971246
0.7852564102564102
0.6916666666666668
0.0
0.6445234708392603
0.6359993390068578
0.5113553113553113
0.5808661145617667
0.665945165945166
0.7131080389144905
0.73131071826724
0.7289810547875065
0.6360159448394742
0.7267795455651243
0.6390188434048083
0.6934865900383143
0.640491452991453
0.0
0.6805555555555555
0.6601851851851852
0.5368423846684717
0.6597437220502236
0.6540564373897707
0.0
0.0
0.6395663956639566
0.0
0.6312418300653594
0.6894586894586895
0.0
0.6501341589267285
0.0
0.0
0.0
0.6654761904761904
0.6619047619047619
0.6618357487922705
0.7006105006105005
0.6233870967741936
0.7217120181405895
0.7192791889483066
0.0
0.668323243275805
0.6428257163284387
0.6877820247385463
0.6266001024065541
0.7132047071702243
0.0
0.6979949874686717
0.6985727409199883
0.5741384863123994
0.0
0.7546327941064783
0.699047619047619
0.6769245247506116
0.0
0.0
0.6472222222222223
0.7004072987943956
0.603133903133903
0.6723699095022625
0.0
0.0
0.6798511430090377
0.7013285024154589
0.7179802955665026
0.6806690561529272
0.0
0.5941734417344172
0.0
0.6610406230004525
0.0
0.7067204301075268
0.6535469638917916
0.6721050454921422
0.633935508935509
0.6280262946929613
0.7257972257972258
0.6207047991155937
0.0
0.5642857142857144
0.7043142043142043
0.7374405046571475
0.6365914786967419
0.6328282828282829
0.6936507936507935
0.7166910242357813
0.7199752628324058
0.5562770562770564
0.6480414583862859
0.6564327485380117
0.6761904761904761
0.0
0.6900083612040134
0.6487905369484316
0.6939897910383666
0.654105154105154
0.6306935817805382
0.692514619883041
0.7144138755980861
0.6008403361344539
0.0
0.0
0.6288717288717288
0.6675824175824175
0.0
0.5569219140647712
0.577038661468486
0.62007062007062
0.6480217810862973
0.602330743618202
0.5984011962272832
0.0
0.6803662122427158
0.6631944444444444
0.6022041062801933
0.6050623624358034
0.659018759018759
0.6970899470899471
0.6294620412267471
0.5763888888888888
0.6911147600802773
0.6378575418173266
0.6346334586466166
0.0
0.0
0.6486928104575164
