52.0
47.0
56.0
53.0
63.0
67.0
119.0
67.0
48.0
62.0
107.0
71.0
24.0
123.0
57.0
39.0
46.0
55.0
50.0
46.0
57.0
56.0
39.0
48.0
43.0
34.0
80.0
87.0
25.0
88.0
57.0
59.0
66.0
103.0
73.0
45.0
51.0
53.0
48.0
75.0
38.0
92.0
105.0
83.0
40.0
84.0
47.0
61.0
83.0
34.0
72.0
27.0
55.0
65.0
40.0
81.0
83.0
115.0
59.0
123.0
105.0
50.0
54.0
51.0
74.0
29.0
51.0
66.0
65.0
73.0
106.0
82.0
108.0
41.0
32.0
41.0
119.0
60.0
45.0
42.0
71.0
111.0
54.0
46.0
54.0
94.0
32.0
63.0
78.0
68.0
40.0
97.0
24.0
107.0
37.0
78.0
38.0
87.0
28.0
57.0
41.0
88.0
45.0
88.0
30.0
74.0
85.0
47.0
76.0
27.0
73.0
76.0
70.0
52.0
88.0
14.0
42.0
69.0
50.0
28.0
61.0
40.0
45.0
44.0
56.0
35.0
52.0
69.0
33.0
47.0
63.0
66.0
68.0
95.0
54.0
48.0
54.0
91.0
49.0
24.0
73.0
61.0
94.0
56.0
49.0
76.0
69.0
83.0
43.0
42.0
31.0
84.0
83.0
119.0
73.0
64.0
51.0
41.0
65.0
53.0
33.0
65.0
52.0
53.0
49.0
92.0
66.0
78.0
73.0
78.0
50.0
53.0
71.0
72.0
46.0
50.0
60.0
45.0
84.0
43.0
43.0
72.0
53.0
134.0
46.0
44.0
59.0
61.0
74.0
79.0
61.0
73.0
49.0
55.0
21.0
96.0
106.0
40.0
63.0
98.0
50.0
77.0
51.0
71.0
56.0
54.0
35.0
48.0
35.0
48.0
71.0
64.0
43.0
46.0
75.0
52.0
36.0
74.0
46.0
85.0
38.0
34.0
28.0
35.0
73.0
38.0
64.0
46.0
61.0
74.0
51.0
82.0
48.0
82.0
22.0
59.0
64.0
52.0
71.0
90.0
45.0
102.0
62.0
37.0
46.0
101.0
42.0
74.0
60.0
90.0
41.0
104.0
33.0
54.0
51.0
64.0
28.0
100.0
87.0
82.0
56.0
55.0
39.0
47.0
45.0
55.0
82.0
51.0
73.0
47.0
63.0
42.0
76.0
69.0
23.0
78.0
33.0
47.0
53.0
72.0
61.0
72.0
25.0
64.0
53.0
44.0
50.0
92.0
56.0
82.0
109.0
45.0
27.0
27.0
84.0
62.0
30.0
52.0
64.0
60.0
58.0
101.0
49.0
43.0
93.0
46.0
57.0
53.0
52.0
48.0
108.0
49.0
97.0
45.0
54.0
48.0
85.0
39.0
55.0
55.0
46.0
42.0
61.0
69.0
56.0
41.0
68.0
60.0
83.0
68.0
49.0
73.0
67.0
64.0
48.0
54.0
40.0
61.0
33.0
71.0
61.0
76.0
87.0
56.0
80.0
49.0
53.0
62.0
38.0
36.0
51.0
72.0
53.0
70.0
49.0
51.0
53.0
44.0
45.0
69.0
52.0
59.0
69.0
47.0
33.0
80.0
37.0
29.0
28.0
48.0
44.0
38.0
56.0
30.0
58.0
40.0
46.0
29.0
38.0
88.0
51.0
65.0
50.0
34.0
61.0
44.0
71.0
41.0
113.0
63.0
75.0
87.0
56.0
50.0
104.0
52.0
53.0
73.0
37.0
106.0
51.0
60.0
52.0
52.0
86.0
90.0
33.0
57.0
35.0
37.0
54.0
61.0
31.0
30.0
57.0
35.0
78.0
55.0
62.0
124.0
52.0
51.0
36.0
56.0
46.0
50.0
34.0
38.0
45.0
95.0
69.0
58.0
53.0
86.0
48.0
6.0
64.0
91.0
71.0
42.0
91.0
54.0
72.0
58.0
33.0
34.0
61.0
51.0
69.0
45.0
103.0
44.0
59.0
82.0
33.0
36.0
34.0
79.0
27.0
68.0
44.0
68.0
45.0
33.0
52.0
42.0
73.0
69.0
45.0
53.0
128.0
82.0
66.0
37.0
64.0
67.0
25.0
64.0
58.0
37.0
51.0
77.0
125.0
54.0
60.0
84.0
44.0
71.0
45.0
56.0
57.0
31.0
74.0
109.0
56.0
58.0
57.0
37.0
55.0
40.0
40.0
77.0
38.0
53.0
80.0
49.0
53.0
43.0
66.0
62.0
68.0
67.0
90.0
78.0
42.0
49.0
52.0
66.0
54.0
70.0
24.0
67.0
54.0
33.0
48.0
48.0
34.0
60.0
53.0
61.0
50.0
44.0
55.0
27.0
139.0
57.0
86.0
58.0
84.0
49.0
65.0
62.0
84.0
36.0
38.0
67.0
52.0
67.0
37.0
54.0
59.0
21.0
46.0
66.0
33.0
73.0
54.0
49.0
66.0
49.0
67.0
68.0
118.0
66.0
46.0
44.0
46.0
55.0
78.0
69.0
44.0
65.0
40.0
48.0
53.0
63.0
65.0
68.0
88.0
75.0
92.0
118.0
60.0
60.0
94.0
58.0
81.0
46.0
50.0
74.0
48.0
42.0
76.0
63.0
42.0
70.0
55.0
57.0
63.0
61.0
50.0
49.0
60.0
65.0
51.0
69.0
59.0
68.0
74.0
63.0
63.0
51.0
43.0
83.0
31.0
47.0
55.0
60.0
55.0
58.0
56.0
34.0
52.0
47.0
94.0
85.0
55.0
93.0
84.0
45.0
61.0
46.0
71.0
73.0
49.0
67.0
58.0
44.0
21.0
32.0
35.0
67.0
62.0
45.0
44.0
63.0
99.0
29.0
58.0
44.0
65.0
60.0
77.0
37.0
73.0
67.0
49.0
39.0
33.0
49.0
48.0
74.0
57.0
31.0
21.0
50.0
67.0
56.0
66.0
91.0
60.0
46.0
25.0
54.0
27.0
37.0
74.0
31.0
108.0
29.0
49.0
58.0
70.0
57.0
24.0
107.0
34.0
55.0
67.0
51.0
44.0
55.0
77.0
59.0
62.0
32.0
85.0
66.0
56.0
54.0
45.0
46.0
48.0
50.0
62.0
50.0
67.0
60.0
39.0
52.0
61.0
50.0
49.0
51.0
54.0
66.0
33.0
52.0
35.0
154.0
57.0
42.0
113.0
88.0
70.0
48.0
87.0
44.0
94.0
75.0
74.0
36.0
72.0
30.0
52.0
89.0
69.0
57.0
69.0
75.0
66.0
47.0
43.0
73.0
45.0
56.0
32.0
57.0
62.0
64.0
4.0
8.0
3.0
7.0
4.0
4.0
4.0
5.0
7.0
6.0
3.0
4.0
6.0
6.0
5.0
4.0
5.0
3.0
5.0
4.0
7.0
4.0
8.0
8.0
6.0
5.0
9.0
7.0
6.0
6.0
4.0
4.0
4.0
4.0
6.0
10.0
8.0
11.0
6.0
6.0
6.0
5.0
5.0
5.0
5.0
5.0
5.0
5.0
5.0
5.0
8.0
5.0
10.0
12.0
6.0
5.0
5.0
5.0
4.0
4.0
7.0
4.0
8.0
7.0
7.0
6.0
6.0
6.0
5.0
11.0
5.0
3.0
7.0
6.0
5.0
7.0
9.0
9.0
8.0
6.0
4.0
4.0
6.0
5.0
8.0
14.0
10.0
5.0
7.0
7.0
5.0
6.0
6.0
6.0
11.0
10.0
7.0
6.0
12.0
9.0
7.0
4.0
8.0
11.0
7.0
7.0
6.0
6.0
6.0
4.0
8.0
12.0
9.0
10.0
8.0
9.0
9.0
8.0
12.0
6.0
4.0
4.0
4.0
3.0
3.0
3.0
3.0
12.0
6.0
6.0
6.0
6.0
7.0
14.0
8.0
13.0
7.0
7.0
6.0
8.0
8.0
6.0
6.0
9.0
11.0
8.0
12.0
9.0
12.0
12.0
13.0
6.0
6.0
5.0
4.0
9.0
6.0
7.0
7.0
6.0
6.0
5.0
5.0
8.0
8.0
7.0
6.0
8.0
6.0
6.0
12.0
9.0
11.0
10.0
17.0
6.0
6.0
5.0
14.0
9.0
9.0
8.0
7.0
6.0
6.0
6.0
5.0
5.0
5.0
4.0
17.0
15.0
15.0
9.0
10.0
7.0
8.0
7.0
10.0
5.0
4.0
9.0
8.0
16.0
9.0
10.0
8.0
11.0
8.0
6.0
13.0
10.0
7.0
7.0
9.0
8.0
15.0
10.0
12.0
10.0
15.0
16.0
8.0
7.0
8.0
13.0
13.0
11.0
8.0
8.0
11.0
11.0
10.0
9.0
10.0
11.0
12.0
13.0
11.0
11.0
14.0
12.0
15.0
13.0
8.0
9.0
8.0
12.0
14.0
13.0
8.0
19.0
13.0
18.0
8.0
14.0
12.0
10.0
9.0
22.0
7.0
18.0
12.0
12.0
12.0
9.0
9.0
10.0
9.0
12.0
13.0
11.0
10.0
10.0
10.0
10.0
14.0
11.0
9.0
19.0
24.0
11.0
11.0
11.0
12.0
18.0
16.0
9.0
7.0
9.0
11.0
9.0
10.0
12.0
8.0
18.0
12.0
12.0
16.0
12.0
10.0
17.0
12.0
15.0
14.0
14.0
9.0
12.0
12.0
11.0
11.0
13.0
12.0
19.0
14.0
13.0
9.0
19.0
14.0
11.0
10.0
17.0
15.0
14.0
9.0
8.0
8.0
9.0
13.0
12.0
12.0
10.0
14.0
13.0
15.0
18.0
18.0
18.0
12.0
12.0
11.0
10.0
10.0
10.0
21.0
15.0
26.0
10.0
8.0
11.0
10.0
30.0
16.0
9.0
9.0
9.0
13.0
12.0
15.0
21.0
20.0
19.0
18.0
11.0
11.0
9.0
5.0
15.0
11.0
10.0
10.0
12.0
11.0
9.0
13.0
15.0
14.0
13.0
12.0
11.0
11.0
18.0
14.0
13.0
13.0
10.0
18.0
16.0
14.0
23.0
11.0
10.0
14.0
18.0
10.0
14.0
15.0
18.0
20.0
13.0
21.0
23.0
34.0
11.0
12.0
24.0
10.0
12.0
17.0
17.0
18.0
20.0
20.0
19.0
18.0
15.0
17.0
15.0
13.0
11.0
10.0
19.0
16.0
13.0
12.0
11.0
11.0
11.0
10.0
44.0
28.0
20.0
23.0
22.0
20.0
19.0
20.0
22.0
18.0
18.0
17.0
18.0
17.0
19.0
17.0
15.0
15.0
15.0
13.0
15.0
12.0
24.0
10.0
11.0
15.0
21.0
18.0
15.0
18.0
15.0
14.0
26.0
16.0
14.0
14.0
13.0
21.0
16.0
13.0
13.0
10.0
18.0
18.0
22.0
10.0
34.0
17.0
18.0
16.0
12.0
34.0
20.0
18.0
15.0
26.0
16.0
25.0
19.0
30.0
15.0
15.0
14.0
28.0
16.0
20.0
18.0
26.0
58.0
34.0
21.0
20.0
16.0
20.0
20.0
23.0
13.0
11.0
21.0
24.0
17.0
13.0
13.0
23.0
20.0
19.0
13.0
69.0
18.0
15.0
15.0
14.0
21.0
20.0
18.0
20.0
22.0
20.0
26.0
26.0
23.0
19.0
22.0
20.0
20.0
17.0
14.0
17.0
15.0
25.0
14.0
20.0
15.0
13.0
12.0
10.0
16.0
28.0
7.0
25.0
15.0
13.0
21.0
20.0
18.0
34.0
15.0
22.0
20.0
17.0
17.0
12.0
32.0
27.0
25.0
19.0
15.0
28.0
27.0
22.0
20.0
20.0
17.0
15.0
22.0
12.0
22.0
22.0
33.0
22.0
21.0
25.0
24.0
23.0
28.0
16.0
33.0
26.0
18.0
21.0
26.0
24.0
38.0
19.0
18.0
17.0
20.0
24.0
32.0
42.0
26.0
21.0
15.0
14.0
14.0
32.0
23.0
23.0
21.0
23.0
23.0
21.0
19.0
19.0
18.0
18.0
17.0
15.0
15.0
15.0
30.0
17.0
23.0
22.0
21.0
18.0
17.0
15.0
24.0
29.0
23.0
32.0
22.0
18.0
19.0
16.0
16.0
24.0
23.0
17.0
19.0
21.0
33.0
16.0
22.0
21.0
21.0
27.0
27.0
25.0
19.0
15.0
15.0
32.0
18.0
40.0
18.0
18.0
16.0
16.0
14.0
24.0
20.0
28.0
39.0
22.0
20.0
24.0
23.0
21.0
23.0
17.0
17.0
18.0
27.0
26.0
25.0
22.0
14.0
36.0
22.0
24.0
21.0
37.0
19.0
32.0
33.0
24.0
18.0
17.0
28.0
29.0
26.0
19.0
32.0
45.0
19.0
19.0
33.0
17.0
26.0
24.0
40.0
46.0
17.0
17.0
61.0
38.0
22.0
21.0
20.0
50.0
27.0
23.0
22.0
25.0
22.0
26.0
15.0
33.0
22.0
15.0
18.0
29.0
28.0
24.0
27.0
24.0
23.0
27.0
33.0
30.0
27.0
33.0
37.0
42.0
35.0
57.0
47.0
33.0
31.0
23.0
26.0
23.0
21.0
20.0
19.0
18.0
16.0
16.0
15.0
