0.5535055350553506
0.30000000000000004
0.2887700534759359
0.8037383177570093
0.09661835748792269
0.13259668508287292
0.11038961038961037
0.301255230125523
0.2857142857142857
0.20814479638009054
0.15172413793103445
0.49853372434017595
0.49242424242424243
0.2955974842767296
0.4328358208955224
0.4949494949494949
0.2622950819672131
0.26291079812206575
0.261437908496732
0.53551912568306
0.32863849765258213
0.2518518518518519
0.2676056338028169
0.15135135135135136
0.17322834645669294
0.4147157190635451
0.29370629370629375
0.3083700440528634
0.40816326530612246
0.46441947565543074
0.25555555555555554
0.24271844660194175
0.24888888888888894
0.2517985611510791
0.30434782608695654
0.19047619047619047
0.20765027322404372
0.27941176470588236
0.6709677419354838
0.1968911917098446
0.2896551724137931
0.17840375586854462
0.3975903614457831
0.14084507042253525
0.3191489361702128
0.136986301369863
0.7950819672131147
0.392
0.6718146718146718
0.35649546827794565
0.20895522388059706
0.2304526748971193
0.6382978723404256
0.1875
0.24454148471615722
0.1923076923076923
0.15887850467289721
0.2222222222222222
0.40569395017793597
0.20238095238095233
0.16167664670658688
0.3145161290322581
0.3301587301587302
0.3614457831325302
0.3173076923076923
0.8072289156626506
0.20242914979757087
0.23232323232323238
0.5602409638554218
0.3559870550161812
0.23938223938223935
0.3448275862068966
0.11356466876971605
0.32499999999999996
0.29714285714285715
0.289308176100629
0.36094674556213013
0.327683615819209
0.21875
0.4044943820224719
0.1982507288629738
0.6122448979591837
0.4242424242424242
0.18867924528301883
0.65
0.1724137931034483
0.2272727272727273
0.12631578947368416
0.21122112211221122
0.33492822966507174
0.3223443223443223
0.2942942942942943
0.43023255813953487
0.19241982507288635
0.17391304347826086
0.30493273542600896
0.5662650602409638
0.415929203539823
0.23589743589743595
0.4267515923566879
0.32558139534883723
0.2109375
0.19696969696969702
0.254071661237785
0.3122362869198312
0.43243243243243246
0.2148760330578512
0.5714285714285714
0.18326693227091628
0.3879310344827587
0.26347305389221554
0.2947368421052632
0.3646408839779005
0.20270270270270274
0.14141414141414144
0.484375
0.6453900709219857
0.1428571428571429
0.39572192513368987
0.4521739130434783
0.18300653594771243
0.5877192982456141
0.17518248175182483
0.23728813559322037
0.4356435643564357
0.2647058823529411
0.6367041198501873
0.22352941176470587
0.31864406779661014
0.16249999999999998
0.43262411347517726
0.4464285714285714
0.28260869565217395
0.49101796407185627
0.3033175355450237
0.3620689655172413
0.3004291845493562
0.2981818181818182
0.527363184079602
0.28691983122362874
0.27083333333333337
0.17391304347826086
0.18397626112759646
0.3551401869158879
0.484375
0.34782608695652173
0.31875
0.17621145374449343
0.19409282700421937
0.5
0.39766081871345027
0.2508474576271187
0.40892193308550184
0.46405228758169936
0.3745019920318725
0.5024630541871922
0.303448275862069
0.24460431654676262
0.22707423580786024
0.20547945205479456
0.6666666666666667
0.5202702702702703
0.23529411764705888
0.34304207119741104
0.5568181818181819
0.19999999999999996
0.2748815165876777
0.7163120567375887
0.1643059490084986
0.2857142857142857
0.2158273381294964
0.3825136612021858
0.4756756756756757
0.2953586497890295
0.1837837837837838
0.2981366459627329
0.14937759336099588
0.35403726708074534
0.16877637130801693
0.2714932126696833
0.6802721088435374
0.42666666666666664
0.24285714285714288
0.3383685800604229
0.1573033707865169
0.3987341772151899
0.708955223880597
0.14634146341463417
0.2545454545454545
0.2777777777777778
0.15384615384615385
0.1188118811881188
0.5698924731182795
0.22999999999999998
0.6417910447761195
0.35433070866141736
0.44043321299638993
0.15517241379310343
0.37419354838709673
0.2804878048780488
0.4315352697095436
0.46760563380281694
0.19580419580419584
0.1235955056179775
0.35359116022099446
0.12676056338028174
0.6113207547169811
0.5841584158415842
0.2875816993464052
0.3660714285714286
0.19512195121951215
0.2666666666666667
0.7414965986394557
0.24242424242424243
0.12173913043478257
0.717948717948718
0.30927835051546393
0.3589743589743589
0.44052863436123346
0.2108843537414966
0.21794871794871795
0.7659574468085106
0.7891156462585034
0.42603550295857984
0.4122137404580153
0.3493975903614458
0.49498327759197325
0.40701754385964917
0.14070351758793975
0.21599999999999997
0.43881856540084385
0.6718146718146718
0.1806451612903226
0.33048433048433046
0.3666666666666667
0.19108280254777066
0.24561403508771928
0.35031847133757965
0.21568627450980393
0.2716981132075472
0.2994652406417112
0.23529411764705888
0.5017921146953406
0.38743455497382195
0.4565217391304348
0.18181818181818177
0.5454545454545454
0.136
0.21319796954314718
0.20600858369098718
0.6556291390728477
0.5
0.26046511627906976
0.09756097560975607
0.44043321299638993
0.2971014492753623
0.2804878048780488
0.4817927170868347
0.2222222222222222
0.3568464730290456
0.34523809523809523
0.5338983050847458
0.5660377358490566
0.3645320197044335
0.1985815602836879
0.5714285714285714
0.4776119402985075
0.3793103448275862
0.15609756097560978
0.417910447761194
0.21192052980132448
0.5471698113207547
0.12844036697247707
0.15596330275229353
0.7678571428571428
0.2829268292682927
0.4864864864864865
0.17391304347826086
0.4563106796116505
0.1333333333333333
0.3655172413793103
0.23529411764705888
0.29508196721311475
0.23170731707317072
0.2578125
0.20588235294117652
0.18404907975460127
0.4581497797356828
0.27561837455830385
0.34509803921568627
0.2846715328467153
0.22099447513812154
0.5321100917431192
0.32432432432432434
0.18106995884773658
0.39834024896265563
0.3529411764705882
0.7164179104477613
0.2870370370370371
0.4285714285714286
0.388235294117647
0.18452380952380953
0.18666666666666665
0.2981366459627329
0.4083333333333333
0.6031746031746033
0.32558139534883723
0.49079754601227
0.4636363636363636
0.3643410852713178
0.16479400749063666
0.4885496183206107
0.18604651162790697
0.17266187050359716
0.5094339622641509
0.27826086956521734
0.1746724890829694
0.5476190476190477
0.3502824858757062
0.25236593059936907
0.17021276595744683
0.4444444444444444
0.31999999999999995
0.20610687022900764
0.4675324675324676
0.17333333333333334
0.20779220779220775
0.4
0.27467811158798283
0.19565217391304346
0.43442622950819676
0.5766423357664234
0.48375451263537905
0.40167364016736407
0.2222222222222222
0.3157894736842105
0.16000000000000003
0.49664429530201337
0.4484848484848485
0.3163265306122449
0.24444444444444446
0.15602836879432624
0.11162790697674418
0.101123595505618
0.22522522522522526
0.2870370370370371
0.4084507042253521
0.23913043478260865
0.6595744680851063
0.7321428571428572
0.27083333333333337
0.3278688524590164
0.20253164556962022
0.24434389140271495
0.4568527918781726
0.4593301435406698
0.2191780821917808
0.40784313725490196
0.33333333333333337
0.38834951456310685
0.21118012422360244
0.4444444444444444
0.24338624338624337
0.3700787401574803
0.18666666666666665
0.22999999999999998
0.5235602094240838
0.5026178010471204
0.5202312138728324
0.4896551724137931
0.7203791469194313
0.3312883435582822
0.23376623376623373
0.5648854961832062
0.19095477386934678
0.7557251908396947
0.31746031746031744
0.6424870466321244
0.27941176470588236
0.15822784810126578
0.5573770491803278
0.16993464052287577
0.25
0.20833333333333337
0.7346938775510203
0.31858407079646023
0.24
0.5221674876847291
0.6054421768707483
0.3004694835680751
0.3732057416267942
0.3744292237442922
0.26877470355731226
0.37234042553191493
0.3010033444816054
0.5616438356164384
0.5196078431372548
0.19767441860465118
0.6212765957446809
0.18243243243243246
0.5536723163841808
0.09183673469387754
0.2787878787878788
0.16091954022988508
0.20792079207920788
0.15384615384615385
0.34375
0.26415094339622647
0.18045112781954886
0.2063492063492064
0.38414634146341464
0.47148288973384034
0.37262357414448666
0.7755102040816326
0.2545454545454545
0.2222222222222222
0.23364485981308414
0.6615384615384615
0.3717948717948718
0.2529411764705882
0.2508960573476703
0.14141414141414144
0.3851851851851852
0.273972602739726
0.31775700934579443
0.49781659388646293
0.16000000000000003
0.48351648351648346
0.15204678362573099
0.31775700934579443
0.3812316715542522
0.53125
0.29333333333333333
0.23661971830985917
0.23529411764705888
0.4545454545454546
0.13215859030837007
0.2023346303501945
0.2612244897959184
0.19753086419753085
0.18497109826589597
0.5047619047619047
0.35690235690235694
0.1775147928994083
0.4025157232704403
0.2948717948717948
0.17808219178082196
0.1428571428571429
0.4947735191637631
0.7024793388429752
0.38585209003215437
0.3921568627450981
0.182648401826484
0.2779661016949152
0.5606060606060606
0.6524064171122994
0.3163841807909604
0.3943661971830986
0.33333333333333337
0.3298969072164949
0.2125603864734299
0.17948717948717952
0.44324324324324327
0.35856573705179284
0.21052631578947367
0.2787456445993032
0.15625
0.5018450184501845
0.2890625
0.25409836065573765
0.20571428571428574
0.16190476190476188
0.1146496815286624
0.5524861878453038
0.17525773195876293
0.19289340101522845
0.852589641434263
0.29591836734693877
0.30833333333333335
0.3221476510067114
0.19999999999999996
0.2325581395348837
0.28391167192429023
0.18627450980392157
0.23750000000000004
0.19169329073482433
0.40909090909090906
0.445141065830721
0.31794871794871793
0.24630541871921185
0.4715447154471545
0.3384615384615385
0.11673151750972766
0.21943573667711602
0.1428571428571429
0.22429906542056077
0.14583333333333337
0.4748858447488584
0.2722513089005235
0.30000000000000004
0.41004184100418406
0.24840764331210186
0.5968586387434556
0.26178010471204194
0.296969696969697
0.6160337552742616
0.3876651982378855
0.47619047619047616
0.12371134020618557
0.14689265536723162
0.1775147928994083
0.29166666666666663
0.14754098360655743
0.19266055045871555
0.3027888446215139
0.3190184049079755
0.1581920903954802
0.47346938775510206
0.41747572815533984
0.3320158102766798
0.3516483516483516
0.36250000000000004
0.36
0.3913043478260869
0.3458646616541353
0.23357664233576647
0.5174825174825175
0.4755244755244755
0.26277372262773724
0.24309392265193375
0.14583333333333337
0.2592592592592593
0.63003663003663
0.4152249134948097
0.09826589595375723
0.23076923076923073
0.17940199335548168
0.24929178470254953
0.2736156351791531
0.3777089783281734
0.15873015873015872
0.20359281437125754
0.136986301369863
0.5957446808510638
0.28358208955223885
0.4419889502762431
0.5315315315315315
0.160427807486631
0.28767123287671237
0.4137931034482759
0.37241379310344824
0.28771929824561404
0.5321888412017167
0.26724137931034486
0.37305699481865284
0.16428571428571426
0.13654618473895586
0.5447154471544715
0.321285140562249
0.5529411764705883
0.2929577464788733
0.49068322981366463
0.1577287066246057
0.3076923076923077
0.435374149659864
0.47058823529411764
0.3076923076923077
0.32867132867132864
0.3843648208469055
0.22340425531914898
0.448780487804878
0.21649484536082475
0.48
0.2660098522167488
0.18181818181818177
0.13
0.17004048582995956
0.20846905537459282
0.11912225705329149
0.34080717488789236
0.19130434782608696
0.11801242236024845
0.30051813471502586
0.2702702702702703
0.2543352601156069
0.6885245901639344
0.48372093023255813
0.578125
0.2100456621004566
0.4
0.2857142857142857
0.26086956521739135
0.29268292682926833
0.2727272727272727
0.47777777777777775
0.38620689655172413
0.22999999999999998
0.2790697674418605
0.13953488372093026
0.4
0.5
0.21052631578947367
0.26900584795321636
0.32258064516129037
0.6849315068493151
0.3344947735191638
0.24264705882352944
0.2282608695652174
0.6581196581196581
0.17679558011049723
0.19138755980861244
0.33766233766233766
0.4626334519572953
0.16289592760180993
0.5810810810810811
0.28776978417266186
0.26217228464419473
0.19931271477663226
0.30456852791878175
0.1724137931034483
0.5146198830409356
0.5
0.14893617021276595
0.48550724637681164
0.5474452554744526
0.1640625
0.227979274611399
0.2594142259414226
0.410958904109589
0.5844748858447488
0.22099447513812154
0.2857142857142857
0.19718309859154926
0.5
0.41255605381165916
0.12941176470588234
0.3052631578947368
0.2564102564102564
0.3398058252427184
0.33333333333333337
0.20983606557377055
0.13207547169811318
0.09708737864077666
0.3152173913043478
0.5190839694656488
0.3614457831325302
0.5425101214574899
0.40816326530612246
0.35074626865671643
0.18461538461538463
0.2773109243697479
0.25080385852090037
0.13168724279835387
0.25120772946859904
0.24644549763033174
0.6363636363636364
0.4375
0.5277777777777778
0.5695364238410596
0.26993865030674846
0.31958762886597936
0.5617977528089888
0.09459459459459463
0.31034482758620685
0.6538461538461539
0.4688995215311005
0.3650190114068441
0.5205479452054795
0.29496402877697847
0.259493670886076
0.42148760330578516
0.1568627450980392
0.5147058823529411
0.10810810810810811
0.6714285714285715
0.5095541401273885
0.19354838709677424
0.5813953488372092
0.3032069970845481
0.5662650602409638
0.19289340101522845
0.14102564102564108
0.19409282700421937
0.10909090909090913
0.6233766233766234
0.11392405063291144
0.4677966101694915
0.36363636363636365
0.2962962962962963
0.30622009569377995
0.46153846153846156
0.20915032679738566
0.17760617760617758
0.39534883720930236
0.19428571428571428
0.3278688524590164
0.3513513513513513
0.18181818181818177
0.2658959537572254
0.35789473684210527
0.25
0.19148936170212771
0.4719101123595506
0.3212435233160622
0.31313131313131315
0.5882352941176471
0.4444444444444444
0.17021276595744683
0.32799999999999996
0.1954022988505747
0.460431654676259
0.1428571428571429
0.19444444444444442
0.2883435582822086
0.7230046948356808
0.22413793103448276
0.4
0.5574912891986064
0.5172413793103448
0.16990291262135926
0.4657534246575342
0.4233576642335767
0.19618528610354224
0.514792899408284
0.6
0.3125
0.4114832535885168
0.2736156351791531
0.15162454873646214
0.16080402010050254
0.22058823529411764
0.17931034482758623
0.3492957746478873
0.29670329670329665
0.15135135135135136
0.17159763313609466
0.2086330935251799
0.16774193548387095
0.23958333333333337
0.5483870967741935
0.3293172690763052
0.21399176954732513
0.2857142857142857
0.2277227722772277
0.44131455399061037
0.33333333333333337
0.2834645669291339
0.29166666666666663
0.19875776397515532
0.2654867256637168
0.8163265306122449
0.5
0.631578947368421
0.5176470588235293
0.4642857142857143
0.4642857142857143
0.4642857142857143
0.5357142857142857
0.3492063492063492
0.7619047619047619
0.8888888888888888
0.6296296296296297
0.39344262295081966
0.29508196721311475
0.42622950819672134
0.7540983606557377
0.6153846153846154
0.8076923076923077
0.6153846153846154
0.5
0.5952380952380952
0.6829268292682926
0.65625
0.59375
0.375
0.7636363636363637
0.44705882352941173
0.41509433962264153
0.41509433962264153
0.49056603773584906
0.7924528301886793
0.7924528301886793
0.7547169811320755
0.7924528301886793
0.43333333333333335
0.8378378378378378
0.4864864864864865
0.42105263157894735
0.47058823529411764
0.47058823529411764
0.3921568627450981
0.43137254901960786
0.7843137254901961
0.7450980392156863
0.7450980392156863
0.7450980392156863
0.7450980392156863
0.7450980392156863
0.7450980392156863
0.7450980392156863
0.48275862068965514
0.7931034482758621
0.75
0.8602150537634409
0.6785714285714286
0.7755102040816326
0.7346938775510203
0.7755102040816326
0.6190476190476191
0.7619047619047619
0.7142857142857143
0.5142857142857142
0.2622950819672131
0.5925925925925926
0.6666666666666667
0.4814814814814815
0.7037037037037037
0.42553191489361697
0.85
0.821917808219178
0.4545454545454546
0.5454545454545454
0.6153846153846154
0.5
0.42307692307692313
0.6538461538461539
0.6666666666666667
0.5614035087719298
0.5964912280701755
0.7017543859649122
0.7894736842105263
0.8421052631578947
0.46376811594202894
0.48
0.5432098765432098
0.4301075268817204
0.5806451612903225
0.4651162790697675
0.4727272727272728
0.32727272727272727
0.7636363636363637
0.4727272727272728
0.7636363636363637
0.7636363636363637
0.5671641791044777
0.5063291139240507
0.7333333333333334
0.41666666666666663
0.4375
0.30952380952380953
0.4666666666666667
0.4444444444444444
0.49350649350649356
0.5846153846153845
0.6415094339622642
0.7169811320754718
0.7547169811320755
0.7169811320754718
0.4528301886792453
0.7317073170731707
0.6896551724137931
0.4137931034482759
0.42666666666666664
0.72
0.2857142857142857
0.47058823529411764
0.5588235294117647
0.27450980392156865
0.42352941176470593
0.7058823529411764
0.5294117647058824
0.5294117647058824
0.2941176470588235
0.5294117647058824
0.5294117647058824
0.5294117647058824
0.5294117647058824
0.4
0.3928571428571429
0.3928571428571429
0.3928571428571429
0.3928571428571429
0.5641025641025641
0.33333333333333337
0.5245901639344263
0.5915492957746479
0.6938775510204082
0.6938775510204082
0.653061224489796
0.5925925925925926
0.6296296296296297
0.7037037037037037
0.37037037037037035
0.3389830508474576
0.7796610169491526
0.44067796610169496
0.78125
0.75
0.5
0.78125
0.6376811594202898
0.43243243243243246
0.4864864864864865
0.43243243243243246
0.5945945945945945
0.6075949367088608
0.33333333333333337
0.34042553191489366
0.5957446808510638
0.3829787234042553
0.3829787234042553
0.7659574468085106
0.42553191489361697
0.34615384615384615
0.7307692307692308
0.5769230769230769
0.46153846153846156
0.5614035087719298
0.7719298245614035
0.42105263157894735
0.7741935483870968
0.3870967741935484
0.4444444444444444
0.31707317073170727
0.5357142857142857
0.3555555555555555
0.6181818181818182
0.5142857142857142
0.5428571428571429
0.7
0.4363636363636364
0.3666666666666667
0.43999999999999995
0.6799999999999999
0.76
0.8
0.5142857142857142
0.5142857142857142
0.35
0.5142857142857142
0.34090909090909094
0.7671232876712328
0.7671232876712328
0.6031746031746033
0.4137931034482759
0.37735849056603776
0.30188679245283023
0.7169811320754718
0.75
0.42105263157894735
0.5454545454545454
0.2857142857142857
0.4285714285714286
0.759493670886076
0.3529411764705882
0.3137254901960784
0.6666666666666667
0.6376811594202898
0.3913043478260869
0.5365853658536586
0.36111111111111116
0.6666666666666667
0.6296296296296297
0.7037037037037037
0.40816326530612246
0.5714285714285714
0.375
0.6129032258064516
0.31999999999999995
0.24561403508771928
0.5428571428571429
0.6024096385542168
0.717948717948718
0.3846153846153846
0.34042553191489366
0.3529411764705882
0.4411764705882353
0.47058823529411764
0.4363636363636364
0.4363636363636364
0.36363636363636365
0.32727272727272727
0.4363636363636364
0.4
0.5454545454545454
0.3492063492063492
0.31999999999999995
0.5172413793103448
0.24137931034482762
0.3793103448275862
0.32432432432432434
0.2432432432432432
0.4222222222222223
0.6
0.30188679245283023
0.41509433962264153
0.49056603773584906
0.28985507246376807
0.4444444444444444
0.2222222222222222
0.45833333333333337
0.22429906542056077
0.2650602409638554
0.29333333333333333
0.6101694915254237
0.47457627118644063
0.576271186440678
0.4067796610169492
0.6666666666666667
0.39534883720930236
0.37209302325581395
0.6
0.32258064516129037
0.3870967741935484
0.5483870967741935
0.40740740740740744
0.5555555555555556
0.40740740740740744
0.4347826086956522
0.6956521739130435
0.3076923076923077
0.45614035087719296
0.38596491228070173
0.42105263157894735
0.42105263157894735
0.38596491228070173
0.47058823529411764
0.3529411764705882
0.36734693877551017
0.379746835443038
0.25688073394495414
0.4
0.4666666666666667
0.6333333333333333
0.5915492957746479
0.29268292682926833
0.36585365853658536
0.5365853658536586
0.5365853658536586
0.6538461538461539
0.3076923076923077
0.34615384615384615
0.34615384615384615
0.3492063492063492
0.36363636363636365
0.38961038961038963
0.4727272727272728
0.36363636363636365
0.4545454545454546
0.2545454545454545
0.4
0.3296703296703297
0.49275362318840576
0.5797101449275363
0.37681159420289856
0.4482758620689655
0.6551724137931034
0.3793103448275862
0.3793103448275862
0.5172413793103448
0.4137931034482759
0.6808510638297872
0.46808510638297873
0.3373493975903614
0.25
0.3055555555555556
0.28
0.42666666666666664
0.21333333333333337
0.36
0.4
0.65625
0.3125
0.34375
0.5128205128205128
0.3589743589743589
0.3589743589743589
0.41509433962264153
0.339622641509434
0.41509433962264153
0.26415094339622647
0.41509433962264153
0.23880597014925375
0.4477611940298507
0.5074626865671642
0.3950617283950617
0.4691358024691358
0.2962962962962963
0.3214285714285714
0.5
0.3571428571428571
0.3928571428571429
0.5357142857142857
0.5238095238095238
0.6849315068493151
0.410958904109589
0.2542372881355932
0.44067796610169496
0.4
0.48888888888888893
0.48888888888888893
0.25899280575539574
0.30379746835443033
0.5416666666666667
0.375
0.375
0.29166666666666663
0.375
0.27692307692307694
0.4
0.47058823529411764
0.44705882352941173
0.2647058823529411
0.3529411764705882
0.27450980392156865
0.27450980392156865
0.23529411764705888
0.3529411764705882
0.3137254901960784
0.3529411764705882
0.3137254901960784
0.33333333333333337
0.2962962962962963
0.2702702702702703
0.38596491228070173
0.5263157894736843
0.5614035087719298
0.38596491228070173
0.2807017543859649
0.5263157894736843
0.49122807017543857
0.2857142857142857
0.2666666666666667
0.3666666666666667
0.3666666666666667
0.44999999999999996
0.5396825396825398
0.5714285714285714
0.24242424242424243
0.32608695652173914
0.42307692307692313
0.3076923076923077
0.32727272727272727
0.6551724137931034
0.3793103448275862
0.39344262295081966
0.28125
0.23880597014925375
0.5205479452054795
0.3013698630136986
0.40506329113924056
0.29268292682926833
0.22580645161290325
0.36363636363636365
0.34042553191489366
0.33999999999999997
0.339622641509434
0.576271186440678
0.5806451612903225
0.3870967741935484
0.2857142857142857
0.4418604651162791
0.3111111111111111
0.19999999999999996
0.26086956521739135
0.28125
0.2777777777777778
0.3157894736842105
0.3555555555555555
0.40740740740740744
0.3555555555555555
0.33333333333333337
0.24
0.5
0.2592592592592593
0.42105263157894735
0.4285714285714286
0.33333333333333337
0.1777777777777778
0.2857142857142857
0.5681818181818181
0.1707317073170732
0.4473684210526315
0.4473684210526315
0.2894736842105263
0.26315789473684215
0.2465753424657534
0.2571428571428571
0.26865671641791045
0.26865671641791045
0.35820895522388063
0.17910447761194026
0.26865671641791045
0.28125
0.3278688524590164
0.39344262295081966
0.4482758620689655
0.24137931034482762
0.27586206896551724
0.2545454545454545
0.2692307692307693
0.19565217391304346
0.4347826086956522
0.4651162790697675
0.29729729729729726
0.3529411764705882
0.23529411764705888
0.2941176470588235
0.3384615384615385
0.22580645161290325
0.5161290322580645
0.37777777777777777
0.44067796610169496
0.44067796610169496
0.3214285714285714
0.3928571428571429
0.14814814814814814
0.339622641509434
0.4528301886792453
0.339622641509434
0.46808510638297873
0.34782608695652173
0.26086956521739135
0.37362637362637363
0.2727272727272727
0.2429906542056075
0.2222222222222222
0.2857142857142857
0.2222222222222222
0.3414634146341463
0.5148514851485149
0.2666666666666667
0.23333333333333328
0.4
0.2894736842105263
0.3157894736842105
0.273972602739726
0.37037037037037035
0.20370370370370372
0.37037037037037035
0.33333333333333337
0.2222222222222222
0.21568627450980393
0.27450980392156865
0.26865671641791045
0.2650602409638554
0.16161616161616166
0.4375
0.3035714285714286
0.1875
0.28125
0.33333333333333337
0.20779220779220775
0.3116883116883117
0.5901639344262295
0.360655737704918
0.2666666666666667
0.4054054054054054
0.22988505747126442
0.31034482758620685
0.24137931034482762
0.3793103448275862
0.3098591549295775
0.4225352112676056
0.3098591549295775
0.4285714285714286
0.19323671497584538
0.21818181818181814
0.2909090909090909
0.2545454545454545
0.2545454545454545
0.4117647058823529
0.32352941176470584
0.32352941176470584
0.32098765432098764
0.27692307692307694
0.28205128205128205
0.2954545454545454
0.25
0.3466666666666667
0.29333333333333333
0.29333333333333333
0.18666666666666665
0.29333333333333333
0.32258064516129037
0.3548387096774194
0.30508474576271183
0.27118644067796616
0.1707317073170732
0.30434782608695654
0.28985507246376807
0.26086956521739135
0.21739130434782605
0.30434782608695654
0.3913043478260869
0.1428571428571429
0.2696629213483146
0.24242424242424243
0.39534883720930236
0.15094339622641506
0.26415094339622647
0.2857142857142857
0.3492063492063492
0.19047619047619047
0.26
0.31999999999999995
0.22499999999999998
0.34285714285714286
0.3666666666666667
0.16666666666666663
0.36
0.18556701030927836
0.25287356321839083
0.2857142857142857
0.20895522388059706
0.3157894736842105
0.14893617021276595
0.2142857142857143
0.2702702702702703
0.28125
0.1875
0.28125
0.33333333333333337
0.3098591549295775
0.40909090909090906
0.1282051282051282
0.17647058823529416
0.3414634146341463
0.2153846153846154
0.3384615384615385
0.3055555555555556
0.36111111111111116
0.15189873417721522
0.25316455696202533
0.2545454545454545
0.32258064516129037
0.25806451612903225
0.25806451612903225
0.17391304347826086
0.28915662650602414
0.24096385542168675
0.14414414414414412
0.2033898305084746
0.23728813559322037
0.23728813559322037
0.33333333333333337
0.17500000000000004
0.25531914893617025
0.25
0.2857142857142857
0.25396825396825395
0.326530612244898
0.23809523809523814
0.23809523809523814
0.18947368421052635
0.38636363636363635
0.21621621621621623
0.2432432432432432
0.23880597014925375
0.23880597014925375
0.20895522388059706
0.23333333333333328
0.2666666666666667
0.30000000000000004
0.19999999999999996
0.16666666666666663
0.339622641509434
0.2264150943396226
0.18867924528301883
0.17391304347826086
0.26086956521739135
0.21875
0.125
0.21875
0.15625
0.17543859649122806
0.21052631578947367
0.18666666666666665
0.24
0.3529411764705882
0.2790697674418605
0.29508196721311475
0.16393442622950816
0.1311475409836066
0.2295081967213115
0.14814814814814814
0.27692307692307694
0.15384615384615385
0.17021276595744683
0.1724137931034483
0.13793103448275867
0.22448979591836737
0.23529411764705888
0.3870967741935484
0.29032258064516125
0.12903225806451613
0.1917808219178082
0.2727272727272727
0.20779220779220775
0.21818181818181814
0.2909090909090909
0.2727272727272727
0.345679012345679
0.30508474576271183
0.29166666666666663
0.25
0.16666666666666663
0.33333333333333337
0.16666666666666663
0.16666666666666663
0.16216216216216217
0.25396825396825395
0.202247191011236
0.19999999999999996
0.23076923076923073
0.15384615384615385
0.20895522388059706
0.14925373134328357
0.17910447761194026
0.14634146341463417
0.2857142857142857
0.2142857142857143
0.2142857142857143
0.2816901408450704
0.2535211267605634
0.19718309859154926
0.19999999999999996
0.2666666666666667
0.1063829787234043
0.375
0.1875
0.15625
0.20408163265306123
0.20408163265306123
0.19277108433734935
0.21568627450980393
0.11764705882352944
0.30188679245283023
0.2807017543859649
0.1578947368421053
0.19999999999999996
0.29508196721311475
0.29508196721311475
0.19047619047619047
0.18461538461538463
0.2222222222222222
0.12307692307692308
0.19565217391304346
0.34782608695652173
0.23188405797101452
0.1643835616438356
0.15384615384615385
0.2407407407407407
0.18518518518518523
0.18518518518518523
0.12048192771084343
0.2142857142857143
0.27586206896551724
0.1724137931034483
0.22580645161290325
0.16666666666666663
0.303030303030303
0.18181818181818177
0.12121212121212122
0.1428571428571429
0.17142857142857137
0.1282051282051282
0.18604651162790697
0.11111111111111116
0.23529411764705888
0.23529411764705888
0.1454545454545455
0.25396825396825395
0.15873015873015872
0.2222222222222222
0.35820895522388063
0.23880597014925375
0.14925373134328357
0.16901408450704225
0.18666666666666665
0.3733333333333333
0.17721518987341767
0.2168674698795181
0.16091954022988508
0.17582417582417587
0.08791208791208793
0.4695652173913043
0.18518518518518523
0.17500000000000004
0.3157894736842105
0.20588235294117652
0.2222222222222222
0.23333333333333328
0.1428571428571429
0.1428571428571429
0.07692307692307687
0.1333333333333333
0.1923076923076923
0.23076923076923073
0.25
