0.836469765819626
0.6529853263606205
0.7984683094313803
0.8297618506774357
0.4500366151350576
0.5807113605265255
0.7017926892937355
0.8248297439018596
0.7697175789093752
0.7716917118984254
0.6764679353619022
0.9611830482273247
0.954433417703217
0.9825592776751586
0.8508372527799664
0.807461295667554
0.7874448472529739
0.7563456140144601
0.6350312925363985
0.9183203205482351
0.7706471642472346
0.3267467767302358
0.7095563026007222
0.7313867377341192
0.42711403189745445
0.9497359755891204
0.8302722934709057
0.6948788055138513
0.8996582232454208
0.8058365272828815
0.6750967124596474
0.4987017124173972
0.3192040241835106
0.888077122371018
0.7047955219499863
0.30409421124426794
0.5198637113523557
0.7234416036670074
0.9335579594761043
0.7072029720380131
0.7718482288890827
0.5153243171443703
0.7342518695071145
0.8519176781907795
0.6627310401842119
0.7002578680902902
0.8961005620102716
0.600795321534189
0.6570191226591826
0.7928902917109563
0.7174045745275377
0.9270737565161727
0.935160450990419
0.6048661544399055
0.7053330321056016
0.6305366985228239
0.5670444590434848
0.7040336969732919
0.803623713204001
0.6476107693472366
0.7442983476238114
0.7337982989304122
0.8389277241528368
0.7545623896703978
0.4938853424505946
0.9680033163694135
0.8223104235031646
0.7878443859701207
0.8502744590912127
0.7994317771394862
0.8673963704147581
0.8028628335556305
0.711214940751861
0.6555378795487632
0.7313798563776955
0.8106235365789844
0.901339665207625
0.5834703681397323
0.48563279863554604
0.7772979991910163
0.9090953160601837
0.7904279622441754
0.5982314083861064
0.6366238710335088
0.9081047218805121
0.6657897455581396
0.8672464472375823
0.7617709090755825
0.67541273095738
0.7624616199085017
0.9053810534630234
0.7869007698339867
0.7937674604695628
0.6999472198116987
0.6539666997223891
0.7268236792802373
0.7435457916161989
0.7993581282949209
0.713899243029912
0.9032335065599936
0.3246067517228932
0.6149678611375538
0.5984313211610306
0.7154006219802885
0.7550124514535792
0.5739382949582038
0.5904863260029277
0.7001236951155818
0.30850995041412665
0.8896583376822623
0.8534107477017611
0.7250997662470288
0.47521012338823543
0.5242508237616431
0.5137831424555074
0.7936906882757735
0.6260525909931082
0.7572147166833474
0.3994135805714473
0.7171882396840729
0.6315195492483142
0.8341330936416308
0.5534816820364447
0.6500131187655531
0.6110308887623389
0.6731880464639823
0.7870124002210795
0.8174018579404033
0.8434063102479511
0.44213851499172313
0.7846539125173286
0.7575846235416255
0.7435298757011772
0.9868623818966086
0.7801389721663338
0.6594937169832935
0.6051857911248113
0.6938263314688979
0.9088593311126079
0.8909324098796768
0.47852544382168705
0.47520851775545997
0.7433727302096744
0.8814766643353981
0.7551716683852014
0.519801855399949
0.8793169959772603
0.48048624238732385
0.8340228837376628
0.8084597510039617
0.9389661525846545
0.8189246670513431
0.938265327081983
0.9759602730343395
0.800272660016988
0.46999942533478967
0.7048555816356109
0.6835439395195575
0.6180967025919507
0.4629473235061476
0.8400936017249118
0.792499391497635
0.8677137544954192
0.7246867387306527
0.7258575054441039
0.7206837706044137
0.8084651541757637
0.8746975744544062
0.7509469967432912
0.6506932033173228
0.8600800396379763
0.36806997541077097
0.7739804176955818
0.7149788728767718
0.5905923983733733
0.6743932270025886
0.7543464401783829
0.8367374568797559
0.4909253722574676
0.8765862888766431
0.7575433022787871
0.7171257632434715
0.806078809282418
0.8438701624121259
0.6997374814706003
0.7932171440033888
0.9003240682433833
0.7533553439713121
0.25845500283938466
0.5053720068334864
0.8661989411843652
0.3929811275700118
0.74014450617074
0.41166217042332065
0.8387530101655756
0.5821766498526989
0.8856750427923069
0.5424566032004168
0.8434649713194341
0.6119515741927456
0.9294218331003622
0.9682425805536927
0.5591340744979333
0.33594489498489716
0.6152949099171273
0.5645728281842873
0.8696919324938087
0.9078043773214579
0.5139388745932033
0.8262240116665722
0.5997798359285096
0.7373285499839279
0.7702956635157862
0.8398977198576155
0.4487639895077014
0.8700798882301584
0.7047950506583617
0.8795359808753495
0.8994856626857377
0.7745424359979657
0.6997970657885418
0.8883456795919181
0.8750607602689723
0.5824826147674487
0.7578791516190011
0.5133751958393176
0.9653247342769917
0.8845965125802485
0.3945143993481765
0.43619589739083875
0.6655900714310744
0.9243841285536922
0.7412892243635429
0.8564677895677533
0.8527186574045387
0.5860959050291094
0.6383374705166062
0.9875173556945859
0.7079654029004676
0.9214553912780429
0.6151142719595233
0.49635934320431874
0.8620286852292022
0.7396392805483817
0.8786917617799989
0.7127034452603068
0.9017528824278108
0.45824808652827287
0.7593573184595213
0.928668825210952
0.6944546826676469
0.9337769264104218
0.8725744987496467
0.5588623300364653
0.913381313630893
0.6434644944452749
0.2748128915663045
0.6939613141129551
0.7707881363731814
0.7892668002724814
0.5855267949886006
0.839298894076171
0.7051672389170673
0.691371507138411
0.6301906425555024
0.8604032729004011
0.9518705088987244
0.8812496078470111
0.6575796835545976
0.8029243237906951
0.670536275283217
0.8864986773483035
0.5767596191522749
0.43838184009959125
0.8089099611127805
0.6549624905881318
0.7754711142142955
0.3733272903529089
0.8571569788149372
0.4442264834270873
0.7268103602768256
0.5584013200253916
0.6490936891266635
0.6275930241302038
0.8408639633854635
0.7971636867088797
0.614713630462265
0.7192186304590682
0.8835553890325147
0.7925279916515862
0.7996401590161595
0.742780253260802
0.6933757295832916
0.01745385832502201
0.482323751271615
0.8757292736080976
0.8589998903787458
0.9248063504369544
0.49920292023478424
0.6651391051720053
0.759642457125488
0.6334833495497764
0.45092171703009165
0.7169717582299348
0.6773694215158991
0.740050005515987
0.8110041274370271
0.871404497940766
0.7979396537692623
0.8179873464404378
0.9726934136736632
0.8516470390268246
0.5931368519591411
0.5869384163203082
0.8185958924790707
0.871771222833405
0.5449634990926665
0.8734722589673755
0.6268802142367355
0.8540254084451646
0.7366071842038594
0.6922734634517732
0.9002174084388505
0.30945275746228373
0.8089106376794049
0.6694204928761971
0.4808066943596057
0.7100772537481889
0.6912391552079994
0.6981175649914104
0.8675981434016308
0.7542370149735853
0.8078639520675482
0.6618686044255276
0.5660991229371035
0.5245303349202336
0.6972919654982
0.7619501451347783
0.8677805186102092
0.5175568725997333
0.7531078175119174
0.9101699189056203
0.5090703263426386
0.6557889609806928
0.6699469024299147
0.28932273949133325
0.8320080370038436
0.5917822341041332
0.8832645529892146
0.9500964132555685
0.6894099646751319
0.8186052140079674
0.6996454883244194
0.7665916334140169
0.7075075826592067
0.7933175466296998
0.651014252568671
0.9070520118960573
0.7290904935401415
0.8819913401444813
0.6271476292310179
0.7785204008052897
0.7848438900360747
0.9392569911302526
0.5591738490453101
0.453200723761959
0.7849314897566413
0.7670273460703838
0.7044647909368953
0.9095063640612708
0.8409128782345956
0.7283900404905532
0.5244452447159349
0.8404101863759219
0.6844294148808566
0.9164066921269713
0.7944968095995258
0.9389180349447848
0.31358194755025004
0.8514810834135859
0.34903337206464896
0.6424985917071483
0.6009030244935061
0.6136695080021577
0.9175875490418052
0.8415078667406859
0.767467104334236
0.7935260713231934
0.9999999999994463
0.7744961021234366
0.8192724423170469
0.7990004806331299
0.718925383202335
0.748268801517305
0.7754338946559944
0.7097895320673209
0.8690725971856236
0.23124137767797842
0.8883674007615896
0.7693116649345072
0.856810471747986
0.24825233192480714
0.6494652931297549
0.5421417682977596
0.6714552606460504
0.7444743129355118
0.4551976509698112
0.2760004416990145
0.37914846959962045
0.747872899420084
0.9008105553296789
0.7533113293830157
0.9006588944709086
0.8313612429651284
0.5754241659255511
0.3260541291583812
0.7533089348443059
0.9402387502091931
0.5476641687110728
0.6309548800485705
0.8760338597222346
0.6545649090100071
0.6048163482669556
0.6355407400528316
0.944985815833471
0.8347788614992437
0.35829523879584907
0.6387294571772364
0.5685471029600245
0.5309934560104519
0.903369927137372
0.9168989796194839
0.6612209918682527
0.6770372073791282
0.6393631014677166
0.8927560116962762
0.7033995482589156
0.49236985837577135
0.4809315892500179
0.8449490697502852
0.7511701352270597
0.8578628893128286
0.9113091510914627
0.6785898697832023
0.5258369148058414
0.7143011121028104
0.48776053313933243
0.7330652205734742
0.8699449846670376
0.7590290683594404
0.902076167384329
0.8786919594581313
0.6650416675648486
0.5110749001606246
0.4376455675490539
0.8335913267171619
0.8264792986546521
0.6891115129000966
0.03454533884701377
0.8938011212421761
0.5994502583825357
0.6927353710600161
0.8142429114690529
0.8046099631301132
0.45978731544201956
0.8061501280664396
0.4137622771320302
0.8065471540082388
0.8590569760627591
0.8762721028268263
0.7722127284798744
0.48983568747939005
0.5539023966150273
0.7045018233744919
0.7625146282932377
0.7718370180557425
0.9184220191097902
0.7067737177291735
0.7061848390639849
0.7422801320172555
0.5869320605753245
0.5819357601192838
0.599269469718366
0.8290432442408469
0.44887597777937793
0.8195219442408518
0.8682768291979834
0.9167274393161797
0.513104909036168
0.6452033677976087
0.7913139263056798
0.8959431192038891
0.7526901540175317
0.5989776919039993
0.6388158522801796
0.8173275392541766
0.5832505651650037
0.7191180125394165
0.551151053251328
0.40735348662513843
0.9507192427509997
0.7061863753419709
0.8229405095302621
0.4073394729897073
0.815312456527505
0.8796000164102912
0.270269196549262
0.7803462521520755
0.55478096596182
0.8935866876260155
0.6963680555081505
0.7485079590807399
0.7913911918578868
0.6026617443604929
0.6316557788092573
0.7173050927238551
0.5959979583015744
0.750014416481073
0.7416603931230191
0.7052940604042308
0.6928434633565145
0.5894455031730608
0.6076875901767121
0.6898016035175714
0.8701754600583772
0.530659364297283
0.5527985009657328
0.6614243416994202
0.40922347489931854
0.5403827789631868
0.7112984513539572
0.864361435668919
0.7105311124855048
0.9283967010659501
0.666833724559368
0.5964935476052694
0.8776908041373982
0.8509702139307586
0.6951091082975508
0.8627902193240888
0.6785697871430795
0.4879917211144476
0.7002578680902902
0.8679918413252704
0.5407984081116771
0.1763113143138242
0.7719355474932402
0.6154806755662322
0.7237158257545407
0.6834203995282567
0.9297177177780049
0.9459568842942163
0.9572098619086032
0.6450746576035327
0.8215660681319216
0.8512948897921553
0.5682795699264931
0.7577272502970454
0.7574813483767981
0.6288175593497699
0.8026967105450188
0.8803172336041593
0.6852794572632691
0.37520010161094997
0.7729940808175584
0.8405901525124404
0.7505673778414692
0.9999999999991294
0.783452099302321
0.424113923118107
0.39712594243369287
0.575095135063747
0.7300476909216651
0.789491021917213
0.3446893146999438
0.7529456653323326
0.8122833347015082
0.8010131926753414
0.761334688642764
0.8960088564845133
0.5504152220417688
0.4321075591222487
0.47854173762531077
0.6258160654143909
0.4860672523401533
0.9256400791819956
0.7401809662443353
0.870755619117523
0.803700060514964
0.4516500467309466
0.8202053380376908
0.44982018471514773
0.5511946259659327
0.9543278489548798
0.40050580440876
0.7788752865217202
0.7803237575171836
0.6682628164111247
0.7806393466284662
0.8815738760132332
0.9377779872004386
0.604167803330127
0.7894906278571697
0.8530582500088814
0.8912935219918134
0.9151803263565191
0.7997807923766093
0.8067805135656909
0.7720368374514294
0.6421919352032528
0.7612739966120238
0.550959764694377
0.8827657461467444
0.8612888822613939
0.6488968625735757
0.6809502323330593
0.7761809289313699
0.8917372489831188
0.7591713351016479
0.4704577456455856
0.6993456098539359
0.7952389415496985
0.7074291920663582
0.8939040729157535
0.90425517436054
0.7814304895056134
0.7330877783511272
0.8288638241994652
0.7106806187224193
0.8491208659300177
0.6905022276139391
0.5086287466956849
0.4823899485121609
0.9140870900758723
0.5185440933768997
0.7473384890771129
0.44129749947302443
0.5072811548123711
0.8298569627798467
0.8296304456301875
0.8511597703246573
0.5750205023578591
0.4500366151350576
0.6148249872301211
0.9447095850670523
0.8173754984460945
0.9261573183906117
0.8285801546298972
0.7724144772513133
0.674510276455791
0.6191326770268469
0.7954135065276681
0.7346239066600778
0.8204944004384623
0.7291447304953667
0.8316567838852015
0.7360548730627621
0.9275513969180775
0.8430673639007671
0.7306602996801184
0.6829203190267098
0.4602768827390218
0.5471162606207055
0.3521632201848346
0.8557256104025401
0.6713964826222875
0.7046957135012556
0.7067291535421828
0.75239242931208
0.5806679319981897
0.8736444982735436
0.6026930025355787
0.7723821659841448
0.7201616591137294
0.7776132164509996
0.7383868986843579
0.8829877040632618
0.7886127939659933
0.8155538521594871
0.8036031043338254
0.40818185738736457
0.6430246366644503
0.6936992257995762
0.5530662489189151
0.9474434764166323
0.6275131364459071
0.9780356187096573
0.6692870395101693
0.7721799870425865
0.8232265298483908
0.8868804615001784
0.5396189819260143
0.6263508656017938
0.5745086340892529
0.481331958848811
0.5984653266591003
0.8097789388825413
0.5881868064371087
0.5622720484386114
0.4968745749158327
0.48495047895534754
0.8224611440949527
0.8924134683678617
0.8119873080639456
0.5522655035902176
0.7922122957868795
0.793403066677617
0.5137952480299813
0.8157167217877336
0.690873039928759
0.8247292480458774
0.7153049599829729
0.6788993869478326
0.7456902421482154
0.8924780131401309
0.7537342951563087
0.6634684963989513
0.9442690972674378
0.8363192060017788
0.6964406089288167
0.8365357631917026
0.8689109297911877
0.5519701568614955
0.7855057741640635
0.8615729363843287
0.8583995573778977
0.879240457064419
0.9478135644459057
0.6871734451088802
0.636066948313633
0.7421532528131829
0.7410546345275635
0.9250259959018549
0.8530781533699123
0.7342103177871926
0.7670920265387196
0.9199869131063434
0.6239314581786167
0.5983127228572649
0.7558062243050484
0.6827683583079528
0.7504465369257933
0.9036967701993773
0.6814427399463356
0.6297563550149041
0.47197180494567664
0.9020906068823562
0.7835269421914667
0.6163407668131312
0.7297547757102861
0.7393159656745497
0.9391768400811316
0.5058408758118619
0.8716425297687262
0.7023267653798498
0.669604079797208
0.6995139930178101
0.6603140343422065
0.8172696410815359
0.7102673193758702
0.8380050932050459
0.38743849858120855
0.9078488294448047
0.8665905840031533
0.6860469489707071
0.8774366051700245
0.8773979761100195
0.6953180451233727
0.8773979761100195
0.6788419393894117
0.8099878090285179
0.5212373452959177
0.721987936314288
0.8710902237227324
1.0000000000000095
0.7802228873386727
0.9999999999991015
0.8729274724056276
1.0000000000015719
0.39149050309500577
0.6938839724512617
0.6824456313125261
0.6953206382006863
0.6938839724512617
0.9999999999998868
0.9057676022274218
0.5934842635402836
0.9347700938161596
0.9999999999999353
1.0000000000007616
0.9999999999999093
0.39238666648430237
0.6750216439852447
0.6803263751217697
0.6803263751217697
0.6803263751217697
0.6899303336813919
0.6899303336813919
0.6803263751217697
0.6803263751217697
0.8164965809276713
0.6762239140121779
0.832044891976141
0.9236959211348189
0.6865087984206032
0.6764315232791127
0.707513718136748
0.6941683052934046
0.6345281727295797
0.7097059087825499
0.667694780899579
0.5667366082741541
0.6035032046845225
0.713142074392648
0.6710216230458343
0.39267859724900184
0.6765849039549274
0.9999999999999075
1.000000000000024
0.9012459468849823
0.5353700043717686
0.5060636281650536
0.7129791354672234
1.000000000000136
0.36911910083843835
0.40312293600338095
0.9096032112167869
0.875171281588544
0.7917702238527458
0.6771725400772528
0.47748275259075706
0.48050643123558806
0.8389407170416121
0.6878628963003612
0.5478429364812888
0.9311020766259881
0.7359216984065372
0.8860525155824872
0.6768674014753232
0.700147629425638
0.7144755727806605
0.4225677142723554
0.608102428865025
0.7934039155920884
0.7475802705742906
0.7498207724854828
0.6119597526569969
0.9999999999999274
0.7461656931357143
0.647546241147197
0.5619050916477799
0.4593017746051664
0.6159987426372583
0.7983531632999252
0.3970127348866371
0.5892533928005992
0.6811567976082439
0.6902314980935944
0.5995197795703142
0.5185576856485434
0.6711319471021736
0.7904087218296817
0.900322955969784
0.5708715600589677
0.49469442731629165
0.9087184191488497
0.9166230792451865
0.8700932545338202
0.8119710520401291
0.6888607293753841
0.5070229506025344
0.5047676440922456
0.013648365167922455
0.5075659480592152
0.515579198250331
0.5093544360305116
0.515579198250331
0.7890503178561259
0.3504626345160966
0.382754795188667
0.34959713571829704
0.3504626345160966
0.9999999999999954
0.9130575823347621
0.7860111165223177
0.7958293525952262
0.6931042589699312
0.6803263751217697
0.42988011462395
0.41352639342425224
0.3856342993681386
0.6774778977580868
0.5245273307510105
0.7586810300262286
0.8772942524300724
0.6608239561865118
0.7993562342653271
0.7140446895777635
0.6444372292911215
0.7993562342653271
0.6998214178621945
0.5352291753811131
0.5039918259733042
0.06507855051999567
0.7179360832526721
0.7487405622428609
0.9999999999999238
0.9999999999999853
0.5086376544447336
0.3655971834928937
0.3655971834928937
0.7084369537794659
0.3354280721530535
0.676296954856078
0.6808618022628361
0.5694137927774073
0.6531406362810044
0.8676725998349104
0.640594084550114
0.3302732163532695
0.7796328660745485
0.3844680785007758
0.753823295373074
0.6573982322564279
0.8306182748317914
0.9999999999999075
0.7033626590722526
0.5084237164494148
0.792637313344155
0.5860800171659839
0.35844851507815567
0.7302740156932982
0.38153293269005706
0.6802401976508825
0.6827700226205765
0.5651733212931999
0.5079232268592513
0.5079232268592513
0.42203898537680906
0.510193167971186
0.8855729957256285
0.7864064940287917
0.7934464524471342
0.765043298887217
0.5999769734682907
0.9999999999999817
0.04817973208675369
0.6857619225171306
0.8193999151059537
0.0629920114282585
0.5031476074838193
0.8909229476983183
0.6976846501277982
0.9285403604390271
0.8843809650018071
0.6937466363370571
0.6353801934336609
0.5138942776827911
0.733944414938727
0.5066464914049079
0.5663283193346792
0.6369324452139448
0.3877835971801426
0.6772808779898982
0.8769276902504909
0.37526695470604987
0.6848837738923844
0.7655561264467193
0.707646688996517
0.353176747701598
0.7797468735896603
0.7682573642184457
0.7127496195232887
0.7007297963883347
0.7211801330932034
0.6693493456157777
0.6823745073048966
0.4949143628226388
0.5953402483409115
0.6366656735070249
0.6121981146532363
0.8672513524316566
0.6790494911716667
0.39257283971897056
0.3853966136428329
0.533081007958465
0.3865448112770956
0.7700875665176528
0.593735698199138
0.701745689223931
0.5921348316299494
0.6749473812451431
0.8360275665851579
0.7137397552096918
0.7096701339514011
0.33789114349964694
0.3586770171965598
0.699119012045338
0.6205713485927895
0.4030137655942228
0.33846925616899864
0.540403517773714
0.43010219080680046
0.06222910787764641
0.6732456269817584
0.5997002638581448
0.611540368224145
0.3763279204972074
0.6289713989869657
0.8163844540983397
0.07040060173104175
0.7139676497012957
0.5418419810774475
0.29257001526302423
0.34491101155278353
0.3448644297414749
0.38202323396248083
0.3024716072841075
0.704179183389948
0.7254097185019533
0.6731678281912356
0.7948186938183429
0.3400877897434584
0.6112739184611029
0.5292428702235289
0.3318778945170002
0.62871719615944
0.2812668867002107
0.4130113174036601
0.6758050972374878
0.6092917873131556
0.5993640959888101
0.5855970177416802
0.5873409197147551
0.49177642472847344
0.6088347141791863
0.8932874110116673
0.434104999758554
0.44881480491331643
0.7089149783420345
0.7743355171057044
0.35728875346904565
0.30285155680498593
0.2881627860116683
0.670039676460325
0.6465195371168855
0.36364526976067596
0.6030772585582562
0.33414312022548026
0.05597453993626109
0.3810388654791674
0.8224573660522773
0.7594528815661713
0.5686954283949985
0.7018532324321561
0.6261515273823125
0.584881506470643
0.29034761303180495
0.28641397174313066
0.3505510588761926
0.5955505199660572
0.7324171541552638
0.3697859695231059
0.649570912223686
0.2971873299012476
0.44643811760669405
0.39347239968517506
0.7805859976534287
0.5405640602594066
0.6197506837327819
0.3337855945937137
0.5900037558448278
0.3360980474604991
0.3642677730353628
0.3867095378655738
0.07323406029213442
0.07323406029213442
0.3620042834750734
0.3458722474396654
0.4001512107883399
0.05179225466228264
0.3384827915687492
0.2921444166378606
0.2749623368188327
0.6551328524746488
0.7057645726442573
0.6109191044597787
0.3986973199171627
0.913303653966665
0.3926351039513524
0.33907590544131777
0.3766617480770792
0.41146908925475606
0.4246028668055648
0.7103217265247302
0.5566370283222484
0.5354486759556258
0.4706304857296871
0.33928500005087825
0.41220844589649713
0.40943593299204273
0.776825943311748
0.2536725646195222
0.4535013806383875
0.4112694728669157
0.3360154394764065
0.501794323563621
0.30851430937574664
0.2946867553554271
0.697647366680769
0.6449437953879784
0.7361694820915898
0.6171155749957448
0.3219105244960829
0.36282942112264976
0.020723472494638698
0.01027291192989009
0.39985778195355565
0.04833414688278436
0.6774778977580868
0.07923302274477
0.32035173255556165
0.04799134255755958
0.017449232943844734
0.3381816877754866
0.36166358742210475
0.508139816729653
0.29782241936544074
0.037627677843751386
0.3831443306126883
0.40912716304150726
0.6294890596197548
0.07706448022190754
0.37089073106877024
0.5879055284237412
0.4201429313900596
0.3766051338539494
0.5988823304663324
0.6887531972090094
0.7727989145438082
0.3337891890782428
0.09378614597834398
0.35875798057763797
0.7083754258130411
0.3031272925511006
0.4050295733904326
0.3286665468237179
0.6309973404947314
0.5575248311651987
0.49481130328473266
0.6363263101541022
0.46656956831382185
0.6557198811634976
0.4318190292606711
0.8191427685401953
0.7207656770526134
0.4195670491927194
0.5504078442860935
0.5664775464139884
0.6086144937214982
0.6944296588845263
0.5325036032396074
0.42628505005851836
0.5581360113170818
0.5304919206396631
0.5915016735203008
0.5126445703408228
0.3503214959218819
0.8196261823141896
0.37545138928473
0.7006607776241581
0.6782295197808041
0.276787315482674
0.4416292850773917
0.04421509983444777
0.3056679169357242
0.4223823541806998
0.058381600816610583
0.12438483063239955
0.8980914642340531
0.5125821031890211
0.7331521324163722
0.6698857817749406
0.4318748187290025
0.5994076710304589
0.05388617075254125
0.9038253987204662
0.6897106553499853
0.47414561594025384
0.5244175355741284
0.532616457215814
0.555262658537439
0.3422665032092128
0.29305080055293153
0.6012076667953443
0.3646336819010964
0.3372265564198686
0.06062364442339311
0.053633947135298475
0.05449017536891847
0.058902703044960036
0.5368654334957534
0.014296680490710074
0.3679628196550728
0.2691946126042736
0.5668955519928794
0.5580845430586312
0.663219323678636
0.688065022924957
0.6108615790813784
0.4740382757678975
0.45529699822366043
0.3477282015488969
0.525548332005621
0.3365798631351648
0.295422091032861
0.2806303835871588
0.3435851358607679
0.3659508842721982
0.29418673872041384
0.4370882368748836
0.2686362673813992
0.5626713025806035
0.2743882673761587
0.33783384424630786
0.6437590791870045
0.0416169483585879
0.29144741999683776
0.05044830893117266
0.0603555912953834
0.7256352637911988
0.5516835291905284
0.43259337858033126
0.3840909548272278
0.48406570270233945
0.32308814190638935
0.29859971539217095
0.6247533455517479
0.20255255020521948
0.3071351193763071
0.3770608940576899
0.020575183439149002
0.4236309966128037
0.0632029799149027
0.33119724193991185
0.22771118377955638
0.43429952043040626
0.8850964672106306
0.4469408552492353
0.5629246017989812
0.2766858582595701
0.3611277397686294
0.6250054604796738
0.6706000209217857
0.6319526248452646
0.3317911828075946
0.4478091511925564
0.4564538786240115
0.5533368002257685
0.30548187716849645
0.1304318075942335
0.3028817147646086
0.5350362321613048
0.3132186498559821
0.6346880516794215
0.40670448363943335
0.6192826939945454
0.31946953594949395
0.32749668862085524
0.061029727055031104
0.07621932382309982
0.37370213099883254
0.2677201732776859
0.2810268414444862
0.4359038830570835
0.6619527795986977
0.23469166665070382
0.6189409726136638
0.40477799512956913
0.6330104252122715
0.27161131587002685
0.2401318814765613
0.07786920709033207
0.2378674728697885
0.3014839666761032
0.29034340243904466
0.2939153339853723
0.26629056559007985
0.2631008324564521
0.32603777355453417
0.28669559668387784
0.01652111635724009
0.06010220360748526
0.03264189259297482
0.34023410507297225
0.043829234164753206
0.6033726555041666
0.0029575068491831213
0.667643562913628
0.031040067285743347
0.08591208247914384
0.2931483901904535
0.3395488634557026
0.016824458276052237
0.5999985338739243
0.6620787062364015
0.25056075440902076
0.34115843725113293
0.48333164133035966
0.10178362572333188
0.34820796739844845
0.5595239680355669
0.27554830300486927
0.3995524728094793
0.19306599618411607
0.5381078895015378
0.2605277034152347
0.26504650009275216
0.7764680354489004
0.38437265054780295
0.9077465542586745
0.01499269571356789
0.3184692260138373
0.34646824453015773
0.6436396835018944
0.33482474670884244
0.49237794943955937
0.6430452647111232
0.639544868123951
0.2841487705401716
0.2894499557387839
0.4309486152251029
0.2543107938491716
0.43729600178063127
0.6242765543072851
0.5452882121451633
0.3754686355730235
0.31337174786305483
0.06669235468865907
0.6382266106229262
0.2977536268632114
0.47846382527713427
0.3890143572951208
0.08826869397671039
0.4074487907432701
0.3111884768941222
0.3291601550148767
0.3469445089455609
0.4025291988928013
0.589584985605426
0.286391627375021
0.34983156793389303
0.4132751220316459
0.011766942852513174
0.49135749045366056
0.26727073412781394
0.7472337501677467
0.41485392558231104
0.37121663912095726
0.06397509764716691
0.08537058638647536
0.5419014578563698
0.3050441613894154
0.05324744436532493
0.010898103338995897
0.08266807688802164
0.34520319686558487
0.024853833546774166
0.019684395676575133
0.25715109706022754
0.3652599123001231
0.7830656236571439
0.08424723343158143
0.0432263233561362
0.567253924017937
0.03227450120997533
0.001271724354236026
0.26475304809404615
0.2469008662491662
0.6262507960400726
0.24909839189710478
0.3435279989713161
0.4385341364539762
0.014672389130546958
0.05438800877424308
0.0027149998530220446
0.7135559671728577
0.058569379136019506
0.011830685236217924
0.051950173529425735
0.03410579484146636
0.44822326113306743
0.37214347379339946
0.21417974111570945
0.3074436871541454
0.014867883252825065
0.08026664352569154
0.29656074120563697
0.2481289007383738
0.049138218425444885
0.2644103534698054
0.33894390700244986
0.4219144560663471
0.6127304185652064
0.5287665584041893
0.3080404240255172
0.052299508640111764
0.3089132448615081
0.026236447201633564
0.04585188798762108
0.4926866076388276
0.4403001914946665
0.24997613091686738
0.6326194361808145
0.5666868189755335
0.02718087252207723
0.34433398113574143
0.014656191600201053
0.02210752763888766
0.37342386723031334
0.8213344431268191
0.5621437257194217
0.2949588448144235
0.6012500304261515
0.4057804595184971
0.9396849770959463
0.3523497400672216
0.34985032754147954
0.5917396410062378
0.3014225600168586
0.24311663934706967
0.09779859036820819
0.5154398971655102
0.014434366719992018
0.11445307738464154
0.2589394535255213
0.42399284056452885
0.7433986776531726
0.3485967376832394
0.030675745520558014
0.32191383476531854
0.2813109995661082
0.30524674928006007
0.5747148477544144
0.3988518371609018
0.0700084198209527
0.03015269048135425
0.3799171634314548
0.6099209806180689
0.0839439406816702
0.2956468307650054
0.40343337553813546
0.3910775716678471
0.37864011643053075
0.007230402268865947
0.5901807089037533
0.33203559771461666
0.317189625053882
0.26697828143318286
0.2572983167028025
0.4868416997011847
0.022725376027125457
0.021306634150897157
0.01550323474843141
0.27358138667728776
0.44594603733641486
0.07259462407569427
0.010128387181807396
0.25154674152796724
0.04441552306123981
0.07731280237672776
0.006609756600304202
0.46322345215215804
0.041428701462197945
0.05599938554012136
0.28419385537780256
0.27623016885333934
0.1361122704342453
0.233340490394795
0.04871903849012629
0.325455044496624
0.4868340997121056
0.268917056178984
0.19675988974650624
0.04279329920104323
0.04639378169728162
0.5261457931211242
0.46315766358180777
0.5168956979460744
0.3359489879111815
0.3083863082398279
0.3926203500396991
0.2910254708882279
0.08330759623035104
0.31443693447265814
0.0607747062973734
0.0447350716614074
0.02017041705982681
0.2947308502329701
0.444049539532488
0.8195073823103707
0.8772555898630232
0.7958743344462977
0.8555810793012835
0.8571186995492592
0.8203632573019498
0.8361165370195058
0.7151879319882991
0.7677187704474948
0.9443007058465223
0.8205727571128525
0.5245450459066625
0.9999999999999569
0.9164651080588662
0.7416930099718207
0.8558483076018126
0.7330764970034285
0.8592339139582187
0.8438999456698544
0.7075619548325498
0.8001385055007334
0.5599210784728341
0.8459825777715232
0.5715614609185566
0.8457107204160066
0.7362140177929335
0.4002474292635579
0.744799297034832
0.8039513024841526
0.48715360222614473
0.8975221151632831
0.9415378330747043
0.6983764788957217
0.7300704670261836
0.7464184615138626
0.6943712618185174
0.749749386853591
0.8743155615155543
0.8495966723182469
0.9284107831614518
0.768044087141685
0.8444486443347009
0.9385355084578367
0.849288936579777
0.7863767978622276
0.7637314438936809
0.9999999999999072
0.7360856447906874
0.8346850118267573
0.8033023536504366
0.8561192092759494
0.8562463489407945
0.8609859755027781
0.7730005434085265
0.7410660517127388
0.8209095129473806
0.7913812022732069
0.544804538223145
0.756365377648016
0.9101682734956631
0.8550325279624137
0.8775583556599942
0.8450249752692117
0.8739916842607668
0.9101594646594324
0.7676358128340844
0.8498744177596067
0.8779484856315168
0.7077243257577993
0.9143645525173667
0.8199206182850943
0.8317525603864805
0.8533815015835661
0.7068445187788767
0.8486790820802153
0.8679285305834894
0.6611057615396947
0.785441043898235
0.5727074816388451
0.8753821787216142
0.82650027668804
0.8282228954009978
0.8730644957296366
0.8714338851071806
0.8558243301422012
0.8973257436624983
0.8893976518733598
0.6717327694164917
0.5222355657345875
0.8743155615155543
0.8567458810376727
0.8827798951325241
0.7039828923271685
0.8685164490890882
0.7522116015007828
1.0000000000006901
0.8379612127521971
0.788809816410406
1.000000000001961
0.9433053916365305
0.8748804033172273
0.8156532695114476
0.8319443024882153
0.8466434431326963
0.9579463100732214
0.9999999999993108
0.809780859801781
0.6860026555665952
0.9038156228737535
0.9228288109719832
0.7200627557450077
0.6262675961438551
0.7460693275003811
0.8305028711053724
0.8955026073782058
0.7222875654193219
0.7804992678315102
0.5955828363544746
0.8080670812776758
0.3529381997640983
0.16144226259712158
0.6063182844525425
0.7409418089416325
0.7264840141237273
0.8396278332580749
0.6336665588536848
0.4938244800433896
0.8832418809271416
0.8473086045115161
0.7764409289108595
0.8366327602409906
0.8855146066517767
0.6488274079446151
0.7823863587043335
0.8491177439068572
0.7501939411505255
0.6924308091352077
0.8113676527024718
0.5737603831355618
0.9059846570565181
0.9286409102332411
0.8164410455080799
0.7962548150976185
0.8390967575076511
0.8041814841408473
0.8768776664097289
0.7962559801324299
0.8448458889071722
0.9081770496539533
0.7805453934016704
0.8694702666239846
0.016824698219191598
0.8049440679191383
0.9215465217315211
0.9238857406202609
0.8017125082702067
0.8203816541707161
1.000000000001961
0.9306475130430851
0.7248589558224078
0.8208272781381453
0.6951601207011358
0.9789436586981612
0.8220092228647905
0.39807892452469074
0.7076670557818342
0.404565802057447
0.7507567582681817
0.9119395532061455
0.7952178417238673
0.7489857491837514
0.014409560507606514
0.8660589461217261
0.7971262011085068
0.9091224859172932
0.9167212946449835
0.746212218638743
0.488875764536628
0.6218327460563272
0.8114597005252229
0.9331127567274168
0.8791870493626323
0.6509457000930967
0.9580919654607613
0.6059162497845393
0.6039582718088116
0.7325502406744134
0.7895930375321184
0.6820658295439599
0.4592080232693473
0.571334455292659
0.8020955652006673
0.8610382469881444
0.7517219453485909
0.8604078143124522
0.8636551961835897
0.9293331346857369
0.9491184746318072
0.9174761493680564
0.8614611618993279
0.642211635716
0.7691150135969788
0.5105138746403651
0.7955055216970262
1.0000000000000149
0.8704232862649353
0.6090094409587569
0.8555195141849913
0.7585768834008
0.745854056506369
0.5793292178205393
0.9452049550721575
0.8208513136906751
0.7566480056742375
0.8210299676428952
0.9308450841371135
0.9197902791119241
0.5854392494040107
0.7049531676163955
0.7554794859606438
0.7144998637192852
0.8402170157320772
0.7621854885528702
0.6487450747246154
0.7933969168825828
0.8020256659476203
0.8250860522450297
0.9999999999990492
0.8684680193989688
0.8313447509739007
0.7164449517272985
0.8617169182548141
0.7162994349604972
0.8538633269150355
0.6516617911383882
0.5830559928805368
0.016013797577483828
0.9369327734624444
0.91343922350076
0.8923608228271311
0.9165459239119336
0.718302762537505
0.8353782398303418
0.8288410963405157
0.7827694665537133
0.9624799665012924
0.8013194297635515
0.8581234687188374
0.7517489953199036
0.9207585028442793
0.5844827378621055
0.8237912593439627
0.8348552045900146
0.9141623940231581
0.8314417894305373
0.9999999999999072
0.7217160686149211
0.8199855752305253
1.0000000000000149
0.9170591503343111
0.9149157496489617
0.8347476178851279
0.7805730022889565
0.8567216781504328
0.8194431209840932
0.8755250302212959
0.8766606431245982
0.9327797825255328
0.8497914372052786
0.8101821124302192
0.956834326793484
0.596689650520901
0.8172110621449074
0.7324431325225593
0.8447020903437403
0.8005573887354662
0.6940754372485987
0.8523462281222747
0.8082318650754613
0.9305190673703668
0.8364508684893954
0.7903371634794203
0.7915857899348733
1.0000000000012348
0.797435247122544
0.8122902081153792
0.9127701524372951
0.7922351503266506
0.9789436586981612
0.8104336612062447
0.8973257436624983
0.6729912617050896
0.7484640441446233
0.9127114715403102
0.794458977192165
0.014664523785078418
0.999999999999287
0.8827783677858215
0.9189486300740551
0.9009439499237849
0.7339178654649807
0.37548142258548933
0.8693116252119243
0.9104995175720713
0.8060050835988978
0.8025218806965846
0.6805921096616939
0.817393800296951
0.7654023435162918
0.9999999999999569
0.9036081472575174
0.7909830865804914
0.6326605448253148
0.7772002626347784
0.6889006997140177
0.8823410847703943
0.8349968185238339
0.8411828734606904
0.815376645958086
0.6720462649663591
0.8990825582025715
0.38473242750169956
0.9176550869079196
0.7265025850949003
0.6611057615396947
0.9380545511157983
0.700288721447594
0.8805319031875762
0.6351111694473991
0.7941732783014989
0.8004917023508564
0.834684490952904
0.6835718474529628
0.8831708423035138
0.01522966527693076
0.5051002876867898
0.8670444181820478
0.7790221500628424
0.8539223445432408
0.47661102477478356
0.7829163408721527
0.7435807290389401
0.8545165849942674
0.8598578530415912
0.7563688154813591
0.7820880968742179
0.8693144012508476
0.7708962206430997
0.5804322889140434
0.8326571408916517
0.7349515137087924
0.9315632543610509
0.7598027614483529
0.7510485746412184
0.8419411148922245
0.8354883040684129
0.8721002470507907
0.9165459239119336
0.8802606010686685
0.919643976508451
0.8037725717498958
0.772709713167452
0.8455263369310265
0.732742383652043
0.7929345055305749
0.827356452043468
0.7798369381181871
0.9000270371677903
0.5477481137217669
0.8135162593745648
0.712560209601816
0.8751820763105348
0.7542243296166118
0.7392860157498538
0.8841410921169688
0.8262338783296332
0.8136780360896766
0.7456883573489466
0.9599842323277266
0.8172110621449074
0.7494073560099865
0.8589408395568706
0.8468082349690684
0.7225943895504362
0.5782249432481286
0.9723094794004858
0.804919904335017
0.541395629488049
0.7997593499041606
0.8535490894688894
0.9532672044059091
0.7767872033874387
0.8142168307624783
0.8760141206190691
0.8943306159959069
0.7546729245466175
0.6169746296429068
0.9210189722646174
0.8519712299653964
0.9202481290535385
0.5379858197920929
0.7796946644946913
0.6719562433790479
0.9378667090808203
0.8013563529440827
0.6811182160823003
0.7252559935073075
0.886937010481347
0.794177883472779
0.7928752840194245
0.9173375657291073
1.0000000000006901
0.9460220358347731
0.7772002626347784
0.9187935294079971
0.8981629070013503
0.8201045940731108
0.8373099493048463
0.8270029300271083
0.6811182160823003
0.3915651176094303
0.7399023526742683
0.9316547467342406
0.8371601012702462
0.7566342549342869
0.8592149438149856
0.7485213739405999
0.7617625814416071
0.8512883322856842
0.9178244544926585
0.7586712241107463
0.8233060603884992
0.6190430410461637
0.5164099448027035
0.8432323240732044
0.8513136611686242
0.84329151645384
0.7385604821463566
0.8226701046282247
0.50863339677313
0.5895147914365467
0.7484878726464775
0.8331638122804688
0.5967543187302485
0.7827199525030462
0.8059948276720121
0.75392298240638
0.5366970410681041
0.9209937394305339
0.9393545754399886
0.8321367851505844
0.8681565881560024
0.7929345055305749
0.7399598054814434
0.9233026893337396
0.7244973405518268
0.804457034711277
0.7235979728036848
0.5730848357235749
0.6065211916304978
0.70111170557299
0.5512289914694919
0.347878600987476
0.8436651985315953
0.8138726096501399
0.86493766095419
0.395436488977006
0.844489979622458
0.8900006502263446
0.6826059073222521
0.8805870078828175
0.7779052615871312
0.8091361661808819
0.6329101205306402
0.765649492114783
0.9549985586286632
0.5860637134576517
0.8542282979879563
0.8691084934506534
0.7843610944946625
0.9406097791746869
0.8258056781289119
0.6881632837239436
0.7289087841359216
0.7203094785780876
0.6292092105715007
0.8314398573323531
0.8834258908454172
0.7744841231793204
0.9050733422223178
0.9231001791268996
0.6843504610031313
0.6972865118406242
0.7634142683895687
0.8203103455116681
0.6082933512693584
0.7839515341163757
0.7324775896054467
0.7466713949036676
0.7414704727678249
0.813980009570877
0.9491184746318072
0.7851034605500486
0.8815731227114846
0.7782911527488232
0.8797496785044682
0.6253402162700855
0.921260416257512
0.8923068916660309
0.7448220931202034
0.9019542914070625
0.8159287040697575
0.6016832457583051
0.63816826524841
0.6066296914214467
0.7135330704068737
0.8744119227874241
0.6134257639556241
0.6376165160700913
0.5549512053109357
0.8558782093046741
0.8201621886093475
0.8460449780853866
0.7854505577743626
0.3968018638941375
0.50935007405015
0.8685774110935199
0.8713245871198776
0.692491885294377
0.7903681003627533
0.6945987790110364
0.9253712810430739
0.823547977832273
0.7292827621605654
0.7656992862303535
0.9277208328055079
0.8153794904984137
0.8211053100336021
0.6931468204766362
0.9117073557641877
0.014572532017424053
0.565004616632174
0.9169908002592423
0.6302037599578086
0.6498955340001918
0.8636950875205439
0.9346351437560161
0.7554886799718435
0.8555969393780726
0.45646379643042223
0.8133575134545513
0.7344831921719974
0.9344170479930363
0.7856946824454093
0.8333638600219311
0.8530249665966089
0.8909269867179056
0.8205693282254629
0.8080032335849019
0.7398706201192906
0.8967359646390994
0.6528309025939619
0.748116183101819
0.9588434605133156
0.7571043447266832
0.7905046075122291
0.5249143607248126
0.7106239909528507
0.6658395247825398
0.8753821787216142
0.7515099089687854
0.9244521116281275
0.8097243546070193
0.8760739206717326
0.9480071348479373
0.7447392558960596
0.7234168679369075
0.7915332140939837
0.702287697031744
0.9897961004989667
0.8760465011138652
0.697156765074519
0.7975583818824853
0.7483791930965407
0.6642339714294323
0.9305190673703668
0.9330232976280626
0.7625275223600754
0.7099137460422155
0.7577107808323765
0.8587443653515913
0.8149476249761461
0.8356309846261603
0.8483880503693312
0.8467587834666652
0.921448346645816
0.8090228564788269
0.9453641340785036
0.8412436203099525
0.6713921423016096
0.607713223758631
1.000000000001961
0.8670613380873383
0.5377248227400563
0.8724854280416859
0.6019024507846442
0.8465190377264865
0.785512603689302
0.7885224198809795
0.6579836653259673
0.7677250570018175
0.6692078757183243
0.8006013606496681
1.0000000000000149
0.6549015071587173
0.9385355084578367
0.8144231812195172
0.8827798951325241
0.6832078811311826
0.7421442517888298
0.7856547596817914
0.8824735094324934
0.8214565259334614
0.7334226483103197
1.0000000000000149
0.7591316248153683
0.7456883573489466
0.8829102322255299
0.7699884491102168
0.866380266463611
0.9648028205563209
0.8128556156454895
0.8463481592838542
0.721260745841786
0.8392013530266176
0.864997829889826
0.8299982668209556
0.5999056276760893
0.6813890922028336
0.8868862181460605
0.9024260004777228
0.8111119454738052
0.6356652886447168
0.7554794859606438
0.8190531001240244
0.8593727877073511
0.8203227216079205
0.765649492114783
0.906585843992144
0.9534441686812705
0.6404070379826357
0.8321367851505844
0.8693329856317891
0.8524029462806402
0.7720951667650846
0.8973276439137776
0.6129672494979342
0.8154757094865249
0.7166593040552227
0.9562763340144161
0.8731787706123755
0.8353863570926942
0.8567856571766103
0.9284359429379264
0.7406477295146875
0.751861943248136
0.6789324425470868
0.9659947350994383
0.8482334125319144
0.924553336275012
0.6826820982491353
0.5648722651577893
0.7525810531341425
0.8801306646989177
0.7555904296051769
0.5240452476540979
0.4762688568767219
0.954665885018261
0.7541920440796988
0.9999999999993108
0.7491769610347023
1.000000000000208
0.8106979066376763
0.8567116454997707
0.7510485746412184
0.7619683831230685
0.8248679324266864
0.8617169182548141
0.6622642167821827
0.8104564119618703
0.8208365645459852
0.6598217436771089
0.7015549885940694
0.9481435141823873
0.7929345055305749
0.7817911462996057
0.7551524295941184
0.7019116378159768
0.8521360736895919
0.014964938107755772
0.9999999999999569
0.6364591089569551
0.8603145095981023
0.6065211916304978
0.8484440642460676
0.8413627952438968
0.8819848112553205
0.4376827268299383
0.7944950708714447
1.0000000000000149
0.8928759179904221
0.5310948214686009
0.8814423173030088
0.9999999999993108
0.9145301297979022
0.7434016706486433
0.8852305709615327
0.7092915991918313
0.6577906897803442
0.9578742770788427
0.4991775750468856
0.6737621845193992
0.8375580890433509
0.9999999999990492
0.8288669270541703
0.4915747646188585
0.7546012829916868
0.867471170900293
0.7872784423000916
0.7151095972974958
0.6818984068333651
1.0000000000006901
0.7821356371756167
0.3501358812087961
