0.900341253520564
0.8562404467880257
0.8231195807944257
0.9416135063802186
0.8328380088651621
0.7217528698454582
0.8097916728396418
0.9022235412470857
0.8833874166225903
0.8861548450963159
0.886799903292809
0.9754282388950151
0.9524430222149933
0.943036252961779
0.9556291149389426
0.8627029629545966
0.8759130709756172
0.6768710714733973
0.5639266475902062
0.9136657768647888
0.7205118166109533
0.6442214665353632
0.7280591293244344
0.8444170082381967
0.7236595435576649
0.9045572426908521
0.8027573929977956
0.6519395062773026
0.9624218061925877
0.763905861905758
0.8570423413963373
0.8160829850831399
0.7431055001210605
0.9366721308127611
0.939503218784388
0.6326349432313246
0.7208502376962191
0.8687942723623576
0.769736516604592
0.7852498609018891
0.7468645649523757
0.8616456811998875
0.8740415959512015
0.8472925509437297
0.9078409424655859
0.7830333959879586
0.923340071897511
0.7681308941589039
0.8998008514520175
0.9203973813336235
0.9087084741555054
0.9947968985894646
0.9220526866271448
0.7826535712431842
0.7892660412842869
0.7847879148767685
0.7968913060047358
0.7754783897391995
0.8820150464358312
0.7704184525522577
0.8932089689714859
0.8349457815897958
0.9381239971599298
0.7148799272764701
0.7590559618222139
0.9658743486024729
0.9256792863943332
0.8918509824618153
0.8597461624254399
0.8418067024780401
0.9723302167454336
0.8025476560560264
0.9056642829039941
0.7486028122403046
0.7346919439386185
0.9458854197522746
0.90460247911493
0.8285129446791323
0.5717202192686847
0.7633168197072573
0.9592604442049157
0.8685272873093359
0.7405666554057823
0.7628526084251471
0.9064934438556685
0.8168465338194123
0.9406284707864091
0.7667616895447307
0.9378286588510021
0.8079507789387195
0.9032140323654756
0.8938902458287581
0.9250232414383058
0.8796450345705737
0.7767852418125962
0.7762083449722761
0.7696434091524823
0.8267690325776921
0.9196250109816266
0.9491673328054081
0.5919508790093638
0.6936112995880596
0.8328357803444355
0.8498507574536301
0.8920332902683998
0.8510939608065677
0.6908475651168478
0.8137192912329497
0.8232449209012246
0.8228684782050265
0.924279462245796
0.8474581935373803
0.7971214721495488
0.6982823817239181
0.80483081109857
0.8680695044325403
0.9306563217351234
0.7191153038993242
0.6557174804024765
0.7875411456656742
0.7239086282055871
0.8600444002445135
0.7814954937283711
0.7274053777685352
0.7930034109336102
0.6904994380535727
0.9057292604809193
0.812811418190523
0.8398813377447112
0.8328058576845632
0.899545282053609
0.9431210915953886
0.863939329779439
0.993830492409517
0.7864648558485843
0.7357606933774252
0.683084962910801
0.7955865294731678
0.8710595774437471
0.9558057252478475
0.7705605316426235
0.7326600100525952
0.789034124979275
0.9421037576113885
0.8428816180875026
0.7737193683658536
0.9226865925121143
0.8673828257327733
0.9437633466656996
0.8422139451242616
0.9664049959140933
0.8994297087563198
0.9632785492477751
0.9789197356549948
0.8794163176573062
0.6449492524355217
0.6230485489307769
0.7589131976423573
0.8273818954138806
0.6278241005660723
0.9265714158412621
0.7528613453174194
0.7946594975961392
0.925249869025839
0.7542749189351101
0.8734885395832385
0.8139101946887272
0.8301862268098933
0.846319109942937
0.7786721914197908
0.9662817801376032
0.7702632126008653
0.849209320027513
0.9525271156515106
0.8214767755029545
0.6315850954145728
0.921595225569579
0.9161112607834133
0.7184801480002553
0.9099257564901093
0.7833339091749195
0.6401637114890729
0.8844152773139117
0.9167681372689539
0.8172949165447869
0.9397111217436709
0.9216469462425886
0.7968183344059917
0.7398951046177855
0.8865097606795534
0.8519792319576646
0.8613518442206028
0.899615507598661
0.6123739753839146
0.8795449871536636
0.8090330567337282
0.9744435021437012
0.8144317304365485
0.9503196656518119
0.8107447634611624
0.8783705719774821
0.9634284961340359
0.8314011587002308
0.7913407286535714
0.7276380943981033
0.8562841345138317
0.965159160721046
0.8798340697619937
0.6574892214122775
0.8869531004274227
0.7715259311849845
0.8836880093941138
0.9135656654672559
0.9114295060001065
0.8720532584834515
0.8662394895922573
0.9245721806821056
0.9131475886953458
0.9137397396197723
0.8511843596251063
0.8733095998468935
0.9234778240958097
0.8311988800705358
0.8302581552409672
0.825771079009151
0.9086626826612957
0.9089651667796586
0.9452352603503464
0.861984288974746
0.6786931674043402
0.7100026102641133
0.9465018255066192
0.8545803920608341
0.8830609934603838
0.9825404712600213
0.6513649810267437
0.6593864477300474
0.9821117151179284
0.7235621536266715
0.9731108052547227
0.7508433638174097
0.7656915632572696
0.9035017791554214
0.8928556623993222
0.9378515823212634
0.893499054578405
0.7802032789244089
0.7286596983340643
0.9115284481442996
0.8981912053537843
0.7826433152487118
0.9718070497961439
0.8085895720252387
0.7548409905575167
0.8963945259416043
0.8474369164837225
0.8621786930555245
0.7044420637260235
0.9080902702736038
0.7697683494067924
0.7599279398316497
0.9024994605649296
0.8597467210649788
0.823475159322798
0.8127684405597514
0.8942053840117766
0.8858768471051508
0.8294970318463727
0.8344206801880918
0.9350390036893921
0.8710375586735619
0.9594988576106801
0.849016139105909
0.8343626537791945
0.8883104935493937
0.7646925421815156
0.8318461160472103
0.5298718087483503
0.92507724770578
0.8283619616036597
0.9333192783689642
0.8122238333442358
0.7147214445047314
0.6974345171620042
0.8789386633949653
0.914288716348452
0.8041061628929908
0.7264887362157564
0.6862031931915881
0.7226591262919622
0.8197331894135585
0.856700837172985
0.8339701736407794
0.38775467750589726
0.7706933702714593
0.9435505035353398
0.9688925535202663
0.9060327799340829
0.7504180150263232
0.8307603388647787
0.9202572061830786
0.7017584403719516
0.6047657355002691
0.8471957784201907
0.7170681270165093
0.8322911241615336
0.896464872198327
0.8733050066198064
0.9504520889999355
0.8207902073051316
0.9736727704555184
0.8752460404864534
0.7993478981003237
0.8184293415544919
0.9249815022682552
0.941645834483314
0.8189011998152473
0.9121789363440246
0.6967513893838385
0.9068397439678244
0.7800768665771166
0.7644568046633274
0.8835469438081529
0.7842717495777783
0.8597518650599049
0.862776707243903
0.7871089000126935
0.864620393865016
0.9358751910753217
0.6224706040215908
0.9104191865710753
0.9156222131993086
0.8185817335062572
0.9096742746388365
0.884704692272091
0.6056771630706856
0.8117702274605306
0.8656582737744063
0.8657809002138445
0.744506861926659
0.7918189626687678
0.9223178319312282
0.8484502282150524
0.6921942351030486
0.8428855412681887
0.8089251953053728
0.774737740228986
0.6242942468928111
0.8439142570074469
0.9602029105667726
0.7749772328152427
0.8315416613068858
0.7650713855711483
0.8361157621218277
0.6454944057138371
0.8601500236605268
0.9301959284728175
0.9154017588033172
0.9319467381571286
0.9072466936696411
0.8224274727925663
0.8074429380054976
0.8750796179043202
0.9247585004702584
0.8390593372923595
0.779221614295257
0.942034578320173
0.7967120486711873
0.8857471275982355
0.9104842275765634
0.8537893469991872
0.8360942956332462
0.7528427397465978
0.9533270576600972
0.4556849546738658
0.8843514746931292
0.7820301530709785
0.887199042863663
0.7515645263571642
0.7713871105639716
0.6310002727708556
0.8154600747319362
0.7097206407054804
0.6137967360225098
0.7838524797369915
0.7851029258032994
0.9343960052546664
0.8185753952709841
0.9999999999993635
0.6768693847535621
0.8657976482488065
0.8866955887301702
0.8953032661798531
0.8181204603603103
0.8777854721370628
0.8464953332279105
0.8204907236990602
0.8025273303552205
0.9139894281302531
0.9354731106011733
0.7732593896992401
0.8172512816074541
0.8465251215277638
0.6544122028746611
0.8882672195957336
0.8819798939348018
0.7384982362001228
0.6683109727901079
0.7221924429583958
0.960790299478435
0.897111933712024
0.8674957456676751
0.9677217429275623
0.825005905711098
0.7870298055208601
0.8093309375863794
0.896966901205176
0.9662823643464521
0.8398629265374803
0.8318525950421158
0.9166946101756087
0.8475792389510465
0.7635726257886587
0.8617121198884001
0.9332443919412674
0.9398988696747193
0.7871120443146391
0.7271846144092875
0.7802377529725928
0.842587463295141
0.8821613264063982
0.7718853170925872
0.7263166813504641
0.8741356511732763
0.8263886986443705
0.7741779429869884
0.7093462530553619
0.8962641594006527
0.7481580090633322
0.9219727821325656
0.8224732283700149
0.8987622673318869
0.9649997953639418
0.7667917521833032
0.8627233550346997
0.8335660103419564
0.6329111413970951
0.8465968840573908
0.9058195572047663
0.9418622867841778
0.9423070003401438
0.9452411246890297
0.8304819416478603
0.8977256878849605
0.6815456861954954
0.9009580586709169
0.9234930175690744
0.9369498061489802
0.1696612077291681
0.9442577314291387
0.869124314296418
0.6606312174519039
0.9156265711096728
0.9660047953468448
0.684197611235125
0.923851968926213
0.6932065477169488
0.8989769600312514
0.9686627764724182
0.8464236599770483
0.8409657128802432
0.8543459843918824
0.7548616686264397
0.9222002908251413
0.6849743655493802
0.8605385526114295
0.9311004955578481
0.7432726605241275
0.8747951114656056
0.7414895467064916
0.6593150683957675
0.7595509848651381
0.8225658326288501
0.8279436903395778
0.7194610116869411
0.8452693487953712
0.8563697781882332
0.911438923773518
0.878375201603573
0.8252033794535838
0.8381387768260045
0.9773965117740271
0.9185376038999451
0.8098629504981935
0.8156617244658616
0.8322157928061424
0.8089041197463085
0.8990933977730916
0.756880839884176
0.5719263122229877
0.9224251786898316
0.8479684663388138
0.9285057431367387
0.6388940174734573
0.8796110536333637
0.9528384825880466
0.6649400161251477
0.8752896910011906
0.7274066865028174
0.9151380536522452
0.8411798057646026
0.8712877086037536
0.8789873329814049
0.7708364296631038
0.8627087220207333
0.9113107475718726
0.6281683894477316
0.8162286328256873
0.8216980126684589
0.7803728824230359
0.7937131560261453
0.8167120231159698
0.7864850889678131
0.631721820847189
0.9690446610165715
0.6313865438158464
0.8237180147898224
0.7144069106713697
0.7599951424572697
0.5820756128487699
0.8867175149433009
0.8459025052085944
0.8690704046926852
0.9498284410911849
0.7594277610300098
0.7228020689105282
0.9198064973900302
0.8753942911029302
0.8287403935496741
0.9327918881107011
0.7179306637411923
0.7232700031256944
0.7830333959879586
0.8226635962706124
0.8277300598720946
0.6952133143742877
0.868978210365781
0.729265200638335
0.8254938184768127
0.849399246748583
0.913816980170383
0.9565862712789335
0.976854644465105
0.7785189075893433
0.8794088833230838
0.7855141230548844
0.866698753934344
0.8094867834005204
0.808867864417205
0.8441233430206451
0.9134440240188312
0.9424846629737859
0.8640854872491881
0.7478480332180594
0.9168507818139287
0.9217157134359022
0.8167207761188029
0.9711139378988342
0.8938944054889089
0.7048796098598659
0.7582501944676543
0.8622887327840528
0.6837254164066144
0.9572545923199076
0.7785255503795334
0.7106964783033236
0.8631700178494736
0.8595621602548479
0.8455367726028851
0.9837973817485122
0.853241329227687
0.741665341400032
0.8406746921186088
0.9083267361433998
0.7483070816591549
0.9165187748225987
0.904043798501492
0.782795504382696
0.8550039244391113
0.4647453978777754
0.8956785248290189
0.7698083805546224
0.7349264346613411
0.9329840794371618
0.8094688628797461
0.7814125181805072
0.7904808628485952
0.7666455416871897
0.7284189617439009
0.8620384344236885
0.940086458913855
0.6842461658703478
0.846870092402698
0.9005228005176039
0.9208141776128146
0.9220041716419938
0.9021168700497835
0.7914150589134942
0.841177405646157
0.8772971678684273
0.6807149614368788
0.6765293601451807
0.9431399927919194
0.9477606426161899
0.8375797001690014
0.7717267532501598
0.9256032030906394
0.9092484142800151
0.8459033032901165
0.7901669528188412
0.7488397015156233
0.7138809139605263
0.8950948676013397
0.8751264908456514
0.8996333328947732
0.8009495443322576
0.9075480316526546
0.8509242238280776
0.8930463956541641
0.7589536829450365
0.822496726358463
0.595434619947437
0.9067497548800544
0.8784426700776113
0.9099455342011606
0.8922674853790086
0.8917940503517096
0.7501436357900112
0.8734974313482582
0.8422167154423166
0.9600861867480832
0.7851459755033239
0.8328380088651621
0.8066458725213085
0.967874042922662
0.9041796796771598
0.9129009898152703
0.8807482221836072
0.8890784921961018
0.8361328118065037
0.7789821593273647
0.7972929428013026
0.8759191086013736
0.9168109743357857
0.9055401921744066
0.8546570854446932
0.9283831665828698
0.9471006484229376
0.884022657660282
0.875351876189562
0.7589447585795769
0.7712581888765319
0.655128336316241
0.7429922565996021
0.9178515506468985
0.7971264173611307
0.8261684238316391
0.8369100235187787
0.8337794842016168
0.7587464837360511
0.9400880941158933
0.7779048320841891
0.9239623750990895
0.8756912781913079
0.8173484157808534
0.7930124782565074
0.8716905013182003
0.8447685199316817
0.8543349519407406
0.8161542315352708
0.7478765445934208
0.782830996043144
0.7413005406566017
0.7824272601967571
0.8503194292919383
0.889113625793649
0.955895369966685
0.907397504109338
0.8478406161080999
0.8469233559166017
0.9417534023673675
0.8084964856053556
0.7643159865843292
0.8175102160592743
0.9068204805630314
0.7283581943223731
0.8219592787845265
0.7073137351671988
0.7392388601548706
0.6940967164945562
0.740928726467063
0.8789193732422877
0.9498888353486603
0.8883182437296077
0.840835083925854
0.8911933728022656
0.8606643766510019
0.7390224497873863
0.7982239981497657
0.865044755932185
0.9056666513676244
0.8867135135636197
0.9346514991244762
0.8348104372190598
0.9427558822633453
0.7981289873093961
0.5956617283346433
0.9168192976727815
0.8587764888066856
0.8374998164970459
0.7989955166836522
0.92069728662256
0.7668671129137655
0.8964643858279919
0.9352362591653548
0.9083506619417286
0.7985872807418887
0.9907336365116539
0.7383247727732729
0.7036683907506764
0.8912879460961938
0.9660149975855278
0.9024400059470385
0.9397200315002161
0.8799261931554512
0.8038349736175997
0.9246791763749784
0.6929006429592323
0.7656399679256662
0.9507781494895166
0.8036858548120629
0.8703851811751278
0.8859248707737817
0.8237222142845103
0.7724066033727207
0.7423891376285469
0.8851359232325078
0.7308007163445058
0.675578422452733
0.8516874176995455
0.8237557730404137
1.0000000000006974
0.570559072204099
0.8101286727231687
0.742484438909708
0.7060617115081244
0.7258333645376054
0.8597956749337277
0.8939978009329491
0.7204002709774342
0.9999999999974865
0.6105015587456647
1.000000000001569
0.876960060357308
0.8614512951483233
0.8129357639268909
1.0000000000002394
0.7843378740635369
1.0000000000002394
0.7250101432201617
0.7722425825927113
0.6549868213303037
0.8064127763159902
0.9999999999996316
0.9999999999990378
0.784483768004641
0.99999999999971
0.9023082189062271
1.0000000000024922
0.5591197614616937
0.8129357639268909
0.8073255445360912
0.733928731181149
0.8129357639268909
0.9999999999999319
0.906577574356202
0.7675559289716153
0.9366538330798935
1.0000000000010612
1.0000000000021194
1.0000000000008238
0.5827830063910548
0.7690169393356674
0.784483768004641
0.784483768004641
0.784483768004641
0.818591293934211
0.818591293934211
0.784483768004641
0.784483768004641
0.8874541273949115
0.7433782065233986
0.8143496372222799
0.9438770978362983
0.9999999999999687
0.769920539555376
0.7811692608697485
0.8332707570740016
0.5846515320372563
0.7309847458893752
0.7021704389594935
0.6077621608596157
0.6784431145381853
1.0000000000021194
0.7356326293162121
0.5518170418786036
0.7383873070028856
1.0000000000021194
0.8766204197476011
0.8890325259284952
0.602052209900997
0.5729492937583057
1.000000000001771
1.0000000000011864
0.41389756347574447
0.6195639880204741
0.9076870077514447
0.9172298866783185
1.0000000000017308
0.759451824394931
0.7479435673455209
0.7634895284270384
0.8512904899471844
0.7834621910944968
0.7022962592686295
0.910405928177785
0.8137133498863621
1.0000000000026186
0.7435918639441341
0.7418773640331938
0.7706466974353089
0.5853204607858202
0.7839944398199417
0.9198989328111536
0.8249452562066834
0.7238618473633749
0.6892387057375192
1.0000000000000822
0.8246332926371163
0.6190472105859093
0.600488276574547
0.6676424197022851
0.5540436501300735
0.9026534113275361
0.6254673585966704
0.7256296132548788
0.7899857620132179
0.7966968264197776
0.7068059049036841
0.6455735061688854
0.6953471844464884
0.8442509258933507
0.8866352389870081
0.7536256457011502
0.6946554880949637
0.9317118920876263
1.0000000000012779
0.9018833222366596
0.8076498906745914
0.8120313407134471
0.5701068097347236
0.6015163456195572
0.12475722089859498
0.6300772389003415
0.6517632136292507
0.6344542514223804
0.6517632136292507
0.8620014460732793
0.4662540761219532
0.5030615382935689
0.4613427734853079
0.4662540761219532
1.0000000000004758
0.9527087940204115
0.7205151670726739
0.8938995927310142
0.823509206886668
0.784483768004641
0.5993899124405819
0.6043909816378573
0.5657664420574108
0.7348820872284595
0.45235569728746183
0.7687006506408343
0.8972443375135783
0.8005412307068985
0.9114266298217657
0.8705440972940708
0.793961396945237
0.9114266298217657
0.7231487780218777
0.6096439259057163
0.5639492983882487
0.29928523134224466
0.5793225303287799
0.6664667938206275
1.0000000000008455
1.0000000000012246
0.7590548791945306
0.4968983197811542
0.4968983197811542
0.7760464955118795
0.4270817526941501
0.7754855314562148
0.7727237719373578
0.564040959911999
0.8052998809524993
0.8819542331891029
0.7784168634661494
0.38713332965630254
0.8806732160275205
0.560315574051117
0.7451872614784383
0.6622020486241585
0.8854894587276884
1.0000000000021194
0.8337601120400089
0.5879178203978285
0.8726815440060646
0.705172733109966
0.5721076917507797
0.4381050858347819
0.6550537946536424
0.8626862742726413
0.7781768797318148
0.6444177238936956
0.6236973401949819
0.6236973401949819
0.3317518768957348
0.6444528053963352
0.9026810452545704
0.8984707452227448
0.8909650971469272
0.7713446576127034
0.6543621831580548
1.0000000000009155
0.2273728020922106
0.7363434083525817
0.8392956089666156
0.2794484547925485
0.5745466887482041
1.0000000000021194
0.702663491677807
0.8876880506833771
1.0000000000014253
0.7865001402933235
0.9198989328111536
0.5861289705110303
0.8535582511026414
0.5624502952939552
0.6807472155708871
0.615498829273923
0.5474148042530971
0.7363289933822948
1.0000000000015454
0.458552333549293
0.8334348617439109
0.7574277362364005
0.7079216467236162
0.5722288038507684
0.9062289748857446
0.8950130327899267
0.8910539144305256
0.8481794698299232
0.8597956749337277
0.8706272478926128
0.7503823561257521
0.550223116270189
0.760144281847167
0.7910662578697074
0.7069746932522393
0.8810824837477076
0.766970359930216
0.5001386876289593
0.6744805694713797
0.48940491498796307
0.6236119703422267
0.8911835815313408
0.7534731591320626
0.7243361838079668
0.7282948077959877
0.7523613187890044
0.8403554735511326
0.8382768379164607
0.7710448885866493
0.4505819433330136
0.4613260670649024
0.6977712808765721
0.7981703788023395
0.5853731870319262
0.4449285990951999
0.7513895432627583
0.616695378826888
0.23741398300172475
0.754668833378336
0.7026227500387401
0.8626862742726413
0.45214850148105656
0.9198989328111536
0.806446826713208
0.601368769879197
0.7940531315724517
0.656161498644062
0.4101637887404298
0.4201839495704673
0.4122071479810829
0.5665854844163192
0.3806840481266384
0.7501642784148214
0.8500348682863713
0.8755267509200838
0.7823457569882781
0.49082029606706884
0.7451279634097498
0.8129357639268909
0.4203739181225282
0.7430105723314917
0.47113267398106706
0.5320112132335734
0.9094962272305943
0.6266751055765678
0.7551175308817702
0.6600060346610023
0.716532140997714
0.5122766224516899
0.7570357468853728
0.8495239209495824
0.5692398472378267
0.5746226859982946
0.7282356271200512
0.77447766223503
0.47590320333213143
0.39261307129938355
0.41657429096769505
0.5350946488398467
0.7720574584426637
0.5728644752256754
0.8019740965102555
0.576842680973331
0.3428156793319967
0.48628481015943464
0.9202970978892223
0.7837242183168074
0.709453365289889
0.6707848455690201
0.7403367508922448
0.6721093540892635
0.4053123686114928
0.3784885547260399
0.4691572246941634
0.4107869472189369
0.8715420182830806
0.5629994915424673
0.8418529075704202
0.49892704421226475
0.36461990282082307
0.6358896631754949
0.9641174841896327
0.6069396402177798
0.784483768004641
0.4107869472189369
0.7703407292507346
0.5524518138766353
0.4838239318274419
0.43951406135203885
0.3200130210818676
0.3200130210818676
0.4508120692676219
0.5095418997841661
0.44521583829871436
0.2673320890180512
0.42806141718003965
0.49179458082875255
0.42148840933626
0.7221101218604752
0.4021390519510916
0.735734324907
0.5895655034541954
1.0000000000011007
0.5510583389356145
0.4022174923877513
0.4661796428981641
0.6108512495102006
0.5180619668611667
0.7861264881856592
0.8111725835703347
0.6721460973738327
0.35488263309311846
0.4542494548282042
0.4558985972646796
0.44421642183479965
0.6621135445545625
0.2464872541457223
0.5210619814307808
0.538895585604493
0.5294261664944413
0.30704802940295123
0.48423619506453697
0.42891519743228856
0.8028806941241889
0.7846428917060457
0.8291380078188696
0.9229205433915268
0.5114869765145871
0.5636404411442945
0.12358972678226988
0.21749125253314208
0.5511580977482042
0.20340437133826092
0.7348820872284595
0.3550086361416853
0.5620962877457032
0.24195675393430502
0.1412611851405363
0.5172428607123701
0.5952817067444804
0.8626862742726413
0.40528928631494826
0.21467867293343706
0.6118595908464672
0.586259783373492
0.7044005849326352
0.37187943918308697
0.4662853909394044
0.15123746037492136
0.5857168783415992
0.684419084652296
0.7360246021835405
0.7954663814726596
0.8144573373453973
0.44203232524181124
0.3186649589489655
0.6244231318390444
0.8295191314101342
0.3952580032119114
0.3645625752138938
0.4874562793956241
0.747683185424497
0.811641082740114
0.615570297965647
0.764635730134462
0.6074072283922638
0.7282621861316588
0.49130664037044824
0.8541929042963312
0.7915517791386213
0.3899855660455121
0.7233584359221025
0.6932840029025458
0.7246963952335619
0.7276443951415612
0.5962569677127142
0.6732675163213976
0.7382310030517739
0.6874537487162136
0.6448348438088168
0.5922294711847207
0.488501449353614
0.8632822536465729
0.4617421084609374
0.8120078933760262
0.3711085126548074
0.5262353565129919
0.5262264222674456
0.22128821357087364
0.3875879986740566
0.5858148197883948
0.29651785885447424
0.3618026549474358
0.8973025508265802
0.614487104381572
0.7158242642479526
0.8190315691183222
0.6365112741784688
0.35531443010542907
0.3005226576734684
0.9218023673463603
0.800155665101178
0.6533677198574721
0.6725614389448641
0.6808297198237717
0.18549834690044065
0.5214698093544651
0.38216469007221937
0.7176749262973784
0.4320155960027184
0.43934556303391475
0.2436980343065669
0.32214005068253254
0.320351980643961
0.3018834685754251
0.9184372098798064
0.03970367744912128
0.5655160989945107
0.4159228607304893
0.6855170542570598
0.7120783711583472
0.6036881967098527
0.6647388090865437
0.7554490231414857
0.6944652116960401
0.6491912581943038
0.4764652392257352
0.403325172429037
0.4911737389089448
0.44716147379029064
0.44546502617433464
0.4415601514753526
0.5917384788885105
0.3953892327716088
0.4657031804410677
0.38905965116107644
0.19243340624818572
0.530209386714148
0.421231554550133
0.7372386668539755
0.14689196528240897
0.5341437649115259
0.28215210943457397
0.3231268620733126
0.8286857793627148
0.703560644546851
0.19410503807340082
0.4848341267930815
0.6155526408745259
0.5467794687051617
0.5140442306987085
0.8998046492613913
0.2790554806666267
0.4705176299596525
0.5509185007624907
0.22776304475529247
0.4551548532745914
0.2529344133272759
0.4245285249716582
0.33740361089736004
0.4657080543778802
0.923307491485064
0.6870426353871074
0.920255804362987
0.44139281840821304
0.5794937414347463
0.7606627366929573
0.6350588160996476
0.7673987734947568
0.3680505020249302
0.6088245294420604
0.6926580505875602
0.6784815873287481
0.5410355057075109
0.4156105111850343
0.38363191478438263
0.6930112774762874
0.5060066603123123
0.7196753151506647
0.43004692853069737
0.7166984319049566
0.22201260554116603
0.5603906545168928
0.30970818553207796
0.24981851791593657
0.49933354269472235
0.44751836272895434
0.4449804033320121
0.37999345657877986
0.8969541439953342
0.4030739385473848
0.6919662511449644
0.5557123366176907
0.8522170840952348
0.46182553700195295
0.519948894010455
0.25179092970407246
0.32218501796836807
0.476980318084577
0.40857843488812556
0.37223292611314956
0.4915636357542831
0.5241344798330099
0.5108632561611617
0.42614129769183606
0.19439380250342841
0.2844687669932278
0.1403200727504407
0.44016238745491276
0.20974088514467654
0.5918988248909096
0.05339102455316061
0.7948066978809118
0.23217712207601046
0.36736647377273834
0.4586056205595439
0.6095139001259965
0.1910392574009511
0.7697228329079695
0.8711351345716374
0.3696455294012665
0.6223695475655303
0.4340056407701355
0.1889659136058178
0.4292476485106049
0.7179232609470809
0.4710999587686474
0.6354746096716215
0.4009677351406538
0.7292201824715577
0.28865495124941853
0.40545228682437034
0.8056931016180641
0.4780964922452634
0.9481949496976688
0.2300946888153433
0.5548638147913164
0.500905981311995
0.7282356271200512
0.6804947647216807
0.6045276244786615
0.7235423984835657
0.9131473870016933
0.37881737137447297
0.4371394099810391
0.6239724082631569
0.4140066493471445
0.45498027884455405
0.79352476239631
0.6514281153883552
0.5078253476148475
0.5701309485698405
0.17454654559968227
0.40238689112082854
0.4800808682812209
0.7765396170655583
0.5259943793135431
0.2784370465516109
0.23999580491116435
0.5514083175963613
0.6425281939393126
0.561615509570631
0.63881142384263
0.3490142061802529
0.11417312050043289
0.45299621493004005
0.5334768749894132
0.14292215403182904
0.7204931278181991
0.5413376931239404
0.5279527566201364
0.7241804257654979
0.6310872020597467
0.2785002788558181
0.2892351122570538
0.6843047730359447
0.4431779441313915
0.19668476756083195
0.08517402146847217
0.2734667857507998
0.5062913605672569
0.21994707865156954
0.18686225730124395
0.6010918464010777
0.5210740676261011
0.830638819665889
0.2999632140977575
0.27083060924411695
0.58782897874061
0.16782430529852538
0.06728066040737715
0.4420778039558977
0.3845626660516291
0.7487772081051927
0.3688157406713818
0.4551446515512707
0.6068117147153634
0.08357316025230312
0.31942313279657913
0.08388213880517333
0.7078506226177556
0.18102589528269733
0.16490302101076856
0.22367655306129353
0.18596390754529804
0.6752852774672646
0.6540257007087705
0.45282236238053375
0.4303531103623033
0.13243884563679506
0.31183205743064696
0.5594282619186292
0.11834580934644207
0.2411700186228576
0.4180298308357333
0.4472610226736934
0.5722457451434527
0.6846458110139222
0.5565902834717843
0.5315202440000142
0.32803161697358213
0.46983468745786705
0.20134231304181793
0.2479508166256902
0.5592800039078856
0.33578318025388415
0.43829195503162705
0.6962190570654943
0.7288189660985528
0.2397747211069275
0.5534087327003916
0.132310157019531
0.2083513073902041
0.39497607989899225
0.7178947412444687
0.7049206281064707
0.4149205049957223
0.5692169185872613
0.6603454066993046
1.0000000000007536
0.6075196920218893
0.4902122546071692
0.6370114152552485
0.5299886804626127
0.39563477125617524
0.2915897857255909
0.7732667411061996
0.12531972115301518
0.47471347814244064
0.34513198946891105
0.24061087017675617
0.5099466539649731
0.49642966454357407
0.19124786833884003
0.5036163796627735
0.5216566557617999
0.43349971455056924
0.7384455675452617
0.6151035253246714
0.23030749971234418
0.2520658295099556
0.6415166619929512
0.5436430940676406
0.27359589061422984
0.4383619553746314
0.5980387598112527
0.6529487205758994
0.5419894826265507
0.05177867017819988
0.7785285814491976
0.5886598327726389
0.5183868237625806
0.5031095255415429
0.37297115707203354
0.688673641783174
0.21814660418285023
0.22898348595152918
0.1545570363872438
0.5764241872675819
0.4503247720223202
0.2007905430270033
0.14904065938205946
0.4221259582284624
0.35261136903031354
0.32706874526158436
0.0783364948683661
0.6172764703709676
0.27020703263822826
0.27169377888624063
0.4588278343224935
0.4974863107158305
0.252630865421073
0.3587129848229419
0.30332778976358643
0.6226377489445877
0.38470047583960815
0.4039114292280362
0.31900458265867043
0.21906542433095283
0.2162392924545917
0.7120389232834553
0.6219583754876212
0.6342288340159745
0.46607596255444195
0.39114816255263013
0.310481236459292
0.48506691364789895
0.28669345903152477
0.44435014832955505
0.391489341615705
0.21366063313302272
0.30004448859912514
0.3983821524835396
0.568640636553061
0.8870401555889936
0.8780366304135272
0.8050191255067572
0.9176161397759174
0.8540967543768081
0.8648572572787963
0.8560620512904409
0.8560969733386133
0.8338050126244106
0.9290886857583496
0.9525375440175655
0.7915120609227693
0.9999999999981894
0.9564417871536407
0.8395690449597625
0.9238348747772072
0.5629598939639666
0.8981163015879359
0.9165296679820423
0.8175950788751327
0.885592825399018
0.7636662412126021
0.7911534032044099
0.8249185288446865
0.9417333549107173
0.8038674737800177
0.6266125207848336
0.8174929191183652
0.8615414108731158
0.6773476228238016
0.9512967449677936
0.8863101940720953
0.863348756133945
0.8687178320930464
0.8135743120315779
0.8207790276766234
0.7800641836502076
0.9232050208524483
0.8250660601057868
0.9511953566916226
0.8836572409065139
0.837657915876883
1.000000000000012
0.8433038500417576
0.8562979052179974
0.8856056222452258
0.9999999999997612
0.7629330978202467
0.9019304547582079
0.8663496872210106
0.7929625436501627
0.9059417950666627
0.9125761603447464
0.7505451338800317
0.7531778445920683
0.8949765220028845
0.8554517132754745
0.5425326370826432
0.797428569574413
0.9204330735959234
0.8408658338260764
0.8976051340260511
0.9064296019970367
0.7901523764924933
0.9519557975681779
0.8376385359081417
0.9336764852222781
0.8886304603718268
0.8378179167271945
0.9549067556024855
0.8632603074830688
0.8524641866591032
0.961273116736607
0.8228298327627853
0.8728739857732737
0.9281800593223779
0.7581210664001586
0.8102746270225972
0.7217394811096243
0.910015236374821
0.9046605610519053
0.8508451658677816
0.9310272714742297
0.9344908066949518
0.8515791684659838
0.9682059169716098
0.9223392813057077
0.8462228073553159
0.751646167388887
0.9232050208524483
0.8541914511097105
0.7663763755560878
0.825482530164044
0.8645267124495432
0.8594778352905177
0.9999999999999493
0.8121186291552238
0.8223052095867748
1.0000000000003302
0.9425035020115217
0.8812066851279384
0.9112768358222458
0.9103258827669339
0.8570199221495493
0.9890077296504024
0.9999999999981578
0.8004844742659081
0.7806649107600064
0.944191667500607
0.9691599939325459
0.888726252825456
0.5519172778848019
0.8626184098799818
0.880626211902109
0.87967563991826
0.7346105844581359
0.8968764541775006
0.8870667904395229
0.8760732354550126
0.48484273160622293
0.30987199257373166
0.756912609873797
0.7666850386552516
0.8623943048025897
0.8787235573773379
0.806010720423972
0.8462036136053374
0.9289085630609417
0.896242727821381
0.7902882133571553
0.925334351691185
0.9440085460700381
0.7610413821950787
0.7940898330498887
0.9500880123310783
0.8286056181689962
0.821174655606272
0.8507221421449616
0.7114667962385778
0.8904970944984245
0.9084419494611262
0.8094177316097327
0.8320107889746146
0.9048514141139314
0.7575937446961359
0.9493034081327693
0.8650866538583871
0.8553591163256854
0.8947857722911616
0.8996381728807081
0.9221995672366757
0.06497058471586567
0.8071883097840965
0.9296005722737
0.9429981302043873
0.9340676944812314
0.7444969101763593
1.0000000000003302
0.946843342920936
0.6849914248692643
0.8627448038663115
0.7350429329401024
0.9797385909780749
0.9305922330184322
0.5876798037440539
0.9305521521107578
0.15252083019731705
0.8974331258398932
0.9667262171747228
0.8934233258170317
0.5605924777639475
0.06698779598201288
0.8928227086592163
0.8628458013579361
0.9372819452328106
0.9563186271529702
0.5668652076381671
0.639645420607834
0.8687255215933427
0.8443861177562271
0.8681775180835667
0.7663763755560878
0.8309395250987464
0.9666181526304829
0.7187839868928951
0.5684972720612282
0.9577661153739974
0.8711029568201003
0.8159921336303033
0.6773476228238016
0.665329420301853
0.8083771740819955
0.8322526924829847
0.8957641525487284
0.9335972491566609
0.7929625436501627
0.7858987038354756
0.8468701219553869
0.9024606312088093
0.9308794361755891
0.589324675854619
0.5670889290150523
0.6181747261615638
0.8474599212791065
1.000000000001302
0.9030175761706384
0.8400709931182969
0.8151811202411362
0.8145802148210822
0.8921320955746117
0.5633154023031268
0.9506083881873533
0.8887866022403071
0.8402001662634337
0.8707423363174911
1.0000000000024194
0.954761229288291
0.7390931984379023
0.7350429329401024
0.8617153005941778
0.5161523528233299
0.9135899023865152
0.8416222854116352
0.7195376229210861
0.810268316094722
0.8894918392539348
0.9133702829354353
0.999999999999677
0.8650474435087598
0.8557703007410069
0.8837873973776276
0.9129832361861672
0.8087615702861531
0.8369136989671858
0.5770548995635056
0.7972565535150884
0.06689001564704822
0.9089763913618427
0.9412580543197765
0.7929625436501627
0.9570240766107626
0.8771695656650558
0.8612894724137862
0.8538712689714976
0.8941599682520166
0.9229796670184882
0.7020049785770246
0.9127869618976848
0.8019366599268914
0.940615896367061
0.8450927357713662
0.8416017718176975
0.9174916535019574
0.9040675490914585
0.8469896657829332
0.9999999999997612
0.723424722887911
0.887181074618904
1.000000000001302
0.95946810176624
0.8712425975112422
0.8857168511470588
0.856621098510337
0.858779443530887
0.6863780742781395
0.8948426432174441
0.7276905164573918
0.918926404192696
0.8660147207241405
0.8245274935708645
0.9064698015993895
0.5786587478864715
0.6863780742781395
0.8716865034006138
0.9346496575759442
0.8346684294438139
0.8895922195605569
0.6536648523063675
0.8010739002647933
0.9686602584199685
0.912041185168994
0.8627324103146035
0.8174450523081861
0.9999999999993059
0.8022784660268683
0.8732401160770259
0.8860950880976429
0.9115183709163006
0.9797385909780749
0.8451524203371379
0.9682059169716098
0.7487492755320346
0.9281758558613344
0.8421801666507802
0.9064755458093741
0.06698779598201288
0.9412766585762185
0.9369380216501018
0.8699415762057914
0.9241553553606632
0.7681337275230612
0.44888961181023546
0.5599919851927497
0.8663148621277216
0.7175473918635952
0.7020049785770246
0.6943299593015285
0.8087079273794031
0.8216981974847568
0.9999999999981894
0.9530464362916126
0.8948822784636267
0.792154919517044
0.8064709387773714
0.875934657876666
0.9574602936811036
0.7915860587795512
0.9161691450286502
0.7991549477183005
0.6647908800234534
0.8975615298716042
0.7277734764035879
0.9481454359977527
0.8170837503596577
0.7581210664001586
0.9452032511897265
0.8002700528878508
0.9403911148587074
0.7797177558025612
0.8316241248302683
0.8197797145175928
0.8805895253001486
0.7165218256486723
0.9461827088241668
0.0667390578352435
0.6557917805635441
0.9362707641127205
0.8761807240400682
0.8729742128922817
0.737610763045846
0.8646549641623463
0.8723517484920236
0.9603075761541718
0.9488974429445156
0.824325205559932
0.8571167462255534
0.9020061340657867
0.9114299340280582
0.6475617396166768
0.8854152533056403
0.8383765204476001
0.9337171088333496
0.8180549257542922
0.7895499051807606
0.8330950300310788
0.7915029008212708
0.916683887612478
0.9570240766107626
0.8309499155920704
0.9603046103901829
0.8796268435927839
0.8424153064195188
0.7945199981076511
0.8750818531191129
0.7759064639349508
0.8811188624919285
0.7748420520422523
0.8942718483782649
0.6328817335636421
0.8575298947216694
0.8005989900493083
0.8633683524349935
0.8592820492730286
0.5575071665927742
0.9513456963910268
0.9110235275015489
0.9278419952429885
0.8899412431419449
0.9485915720859844
0.6863780742781395
0.8064709387773714
0.942854013332922
0.8408695496253992
0.8450927357713662
0.6443725911011913
0.979320363297984
0.8254060143620345
0.8194003723624194
0.9071596384105167
0.8727028964410006
0.8927486174717744
0.8613509299713593
0.9110235275015489
0.8954787004507543
0.8745623453823179
0.675012339153211
0.5684972720612282
0.971244067686294
0.713971348983071
0.9472821399112302
0.737610763045846
0.887873188781508
0.7874244535411339
0.8905096553353103
0.90154280163011
0.7106617542767181
0.8758651816991564
0.9064296019970367
0.8022698192882262
0.7691413134758295
0.924793885209425
0.9999999999999493
0.9810435795921649
0.8064709387773714
0.9451937158488233
0.8666693555538505
0.9050033007777617
0.8727028964410006
0.9228000003648893
0.7106617542767181
0.6661635073651481
0.5674313670706447
0.9316556740420966
0.8688842528692483
0.7836480736902882
0.892360119521293
0.8960219074336552
0.8307580258985409
0.9064296019970367
0.9064698015993895
0.779747725172454
0.8402348706210284
0.7942344252372845
0.7696719408712644
0.7213172900233328
0.8927318179981458
0.898518483854593
0.8154333803364838
0.9095457244626037
0.8193479936349938
0.5161523528233299
0.8891623500883261
0.9154037242046869
0.7483596719821894
0.889941243141945
0.9183304794262696
0.9051629541380393
0.7655305305779515
0.9566452701125674
0.9396978495168666
0.8653388279883614
0.87492878275081
0.7759064639349508
0.8050191255067572
0.958292099229368
0.8659899479534874
0.8953570302254903
0.8005989900493083
0.6694361568034506
0.715180132715061
0.8743618353027813
0.7655305305779515
0.5922816401393216
0.7663763755560878
0.8425762351653213
0.9048749548641103
0.5840317529893383
0.9297275783529948
0.9352118241990011
0.8580137718165812
0.948364024716958
0.7811815916419995
0.8404305854363433
0.7617837887938602
0.8228081269001207
0.9588104833149629
0.7701998920027866
0.9263034680097374
0.9196594052460884
0.9245813230263793
0.956295921055127
0.8476087071470555
0.7076099019756072
0.7832796889595419
0.8750838011077133
0.7209521479764993
0.8838945004392144
0.8537544734854964
0.7666828705009341
0.9505585905750443
0.9457858882132654
0.813501266388907
0.7547356388771648
0.8881513672741571
0.8652520486321182
0.8109733831768614
0.8739442735750558
0.6926065249918348
0.8666983555253397
0.7789876288832303
0.9272164753541154
0.9999999999999493
0.9180513368740163
0.9454041714378897
0.7351972616715763
0.8252608192214556
0.7716832700103025
0.9458165640309188
0.907716746040682
0.8234170397173008
0.9647759679890328
0.8428993323340644
0.8457806685415472
0.8140485698344406
0.6865094095161062
0.8485168038316577
0.8547999932095716
0.8300129382651916
0.7763738984842239
0.6609137403670696
0.8564633561611444
0.8921414446110713
0.7000784445676348
0.871913845716545
0.6532658723243351
0.7115500024824893
0.9158492800742633
0.883193690263705
0.8354147266834423
0.8719689844869409
0.7522799496035991
0.9121753479855463
0.906827254427468
0.7664922693821715
0.8742637481602039
0.9121134491827675
0.8413794958663801
0.9045021397543487
0.8555443600240523
0.9505816239888033
0.06698779598201288
0.7905456341070721
0.7749751715878447
0.8535678439060617
0.7591281910846033
0.93962484281687
0.9569332516247594
0.850880675016929
0.8073641652507031
0.6686801158814074
0.9095888673067469
0.8205773755644672
0.9316700801475896
0.9163982342682727
0.9065314322301345
0.8795643016872576
0.9338387863865519
0.8921414446110713
0.9182488175896806
0.8758505653978074
0.8485789785970994
0.568180798429005
0.8533570472606796
0.922796883215043
0.7312373987142389
0.7972065279426638
0.70330983093865
0.8303749972688719
0.8051255231771381
0.910015236374821
0.7859151043081921
0.915539970103563
0.8819417453126265
0.848096460338912
0.9273904616921083
0.8228081269001207
0.6096535830609523
0.6877664981560863
0.8450927357713662
0.980278843821058
0.8115626272616779
0.8172085210520968
0.8978217940129399
0.8900109534483582
0.6693702595795495
0.9686602584199685
0.8699415762057914
0.8525506987606715
0.85666149565413
0.7354066408383529
0.838028174568447
0.8323789206400417
0.8734046432945715
0.912588849255945
0.8573558986211501
0.9121134491827675
0.8494686280188052
1.0000000000005402
0.8003006884583134
0.6596718658652766
0.7187839868928951
1.0000000000003302
0.9369722863029849
0.7011177518106846
0.8754028161951014
0.5462368185067047
0.9317929259647842
0.8690399807304483
0.8583335978081531
0.7730337550046806
0.8903824823834834
0.8865304955400213
0.8522103086434399
1.000000000001302
0.7785041297309647
1.000000000000012
0.8859851899177635
0.7663763755560878
0.8498435548903542
0.8394126280052429
0.7951795070550214
0.871573602046276
0.8991767256338646
0.8676426845693749
1.000000000001302
0.8416222854116352
0.889941243141945
0.961273116736607
0.8854131012207962
0.9275278285449461
1.000000000000012
0.8522757977074615
0.8549366849106761
0.800984914665935
0.9224246911093469
0.9299135477593484
0.9131503391213548
0.6723912736390666
0.7833936522935389
0.9554045223733443
0.8970830261763305
0.9316333804636605
0.5868985076732864
0.8771695656650558
0.937200836932596
0.9133702829354353
0.9273447794279754
0.8228081269001207
0.943909838040332
0.9588104833149629
0.7500608421350212
0.8653388279883614
0.9003166689618658
0.8941610634022523
0.8173390395120121
0.8973278123541731
0.8079736225392807
0.8053405543869111
0.829489994699201
0.9491001829162615
0.916537342188613
0.8236376114576701
0.8980267005820781
0.9605141268745953
0.797753384316682
0.5780549604902856
0.792154919517044
0.9697792508061727
0.8195883658454642
0.8991277600281634
0.8040015273347598
0.7736958547509261
0.8732937674732005
0.9396831505478973
0.7165239798844899
0.7594073160432531
0.6894627229450954
0.9099818867131241
0.8921320955746117
0.9999999999981578
0.7690343647227191
0.9064698015993895
0.904930237293204
0.8486299681445177
0.7895499051807606
0.8315748327717692
0.9198913437604737
0.9129832361861672
0.7370998657581032
0.6430063731855176
0.8741998767399186
0.7122555827536405
0.7441305365165239
0.8699415762057914
0.7759064639349508
0.927492074313054
0.874471274850666
0.7127500452153253
0.8844438034793292
0.06581413915244123
0.9999999999981894
0.6819159567485319
0.8765444329706458
0.715180132715061
0.9161691450286502
0.8620575992492102
0.9305659231232134
0.8598200506739522
0.8540168382686396
1.000000000001302
0.9065542750215043
0.6197706844901942
0.9220029737722525
0.9999999999981578
0.915539970103563
0.7627989856773981
0.9451972417362053
0.8511060866351327
0.8269223767033625
0.8903932660002349
0.6804227521203808
0.7039932454061693
0.8429442481707222
0.999999999999677
0.9043604498357531
0.6779033207357575
0.8947545999901736
0.939787083879873
0.8233297254661809
0.742460548436295
0.8359999207763829
0.9999999999999493
0.8386251769654895
0.500587489779947
