0.7749077490774907
0.6625
0.5989304812834224
0.8286604361370716
0.5507246376811594
0.5303867403314917
0.487012987012987
0.7029288702928871
0.7142857142857143
0.6244343891402715
0.48275862068965514
0.750733137829912
0.8863636363636364
0.4591194968553459
0.4477611940298507
0.7171717171717171
0.5245901639344263
0.6384976525821596
0.5359477124183006
0.7431693989071038
0.647887323943662
0.5481481481481482
0.5915492957746479
0.6054054054054054
0.5826771653543308
0.8762541806020067
0.6923076923076923
0.5814977973568283
0.8571428571428572
0.6217228464419475
0.6555555555555556
0.6504854368932038
0.5777777777777777
0.5035971223021583
0.6521739130434783
0.5396825396825398
0.6775956284153005
0.5294117647058824
0.6838709677419355
0.5492227979274611
0.6620689655172414
0.4694835680751174
0.6385542168674698
0.619718309859155
0.7340425531914894
0.5388127853881279
0.8032786885245902
0.648
0.6795366795366795
0.851963746223565
0.6069651741293532
0.8559670781893004
0.7659574468085106
0.5729166666666667
0.759825327510917
0.5673076923076923
0.514018691588785
0.584126984126984
0.7259786476868327
0.5952380952380952
0.5868263473053892
0.7096774193548387
0.7936507936507937
0.6024096385542168
0.5480769230769231
0.8192771084337349
0.7692307692307692
0.5454545454545454
0.7289156626506024
0.7378640776699029
0.555984555984556
0.5123152709359606
0.5867507886435331
0.7125
0.7085714285714286
0.7169811320754718
0.6094674556213018
0.6101694915254237
0.609375
0.6629213483146068
0.7755102040816326
0.6190476190476191
0.5757575757575757
0.6415094339622642
0.775
0.5775862068965517
0.6818181818181819
0.5473684210526315
0.693069306930693
0.6507177033492824
0.7985347985347986
0.6726726726726726
0.8023255813953488
0.6122448979591837
0.5217391304347826
0.6098654708520179
0.6987951807228916
0.6106194690265487
0.8102564102564103
0.7898089171974523
0.5736434108527132
0.5625
0.5909090909090908
0.6254071661237786
0.8523206751054853
0.6396396396396397
0.6115702479338843
0.6923076923076923
0.6055776892430279
0.8448275862068966
0.7485029940119761
0.5368421052631579
0.5082872928176796
0.5
0.5656565656565656
0.84375
0.8226950354609929
0.5612244897959184
0.6417112299465241
0.6956521739130435
0.49673202614379086
0.7631578947368421
0.5255474452554745
0.4576271186440678
0.6831683168316831
0.6176470588235294
0.7640449438202247
0.5058823529411764
0.8677966101694915
0.6
0.7588652482269503
0.6607142857142857
0.7028985507246377
0.7065868263473054
0.6635071090047393
0.43103448275862066
0.703862660944206
0.6690909090909091
0.7263681592039801
0.8523206751054853
0.5520833333333333
0.49689440993788825
0.6231454005934718
0.8099688473520249
0.7421875
0.5893719806763285
0.76875
0.5903083700440528
0.7932489451476793
0.7181818181818183
0.7836257309941521
0.6576271186440679
0.6617100371747212
0.607843137254902
0.6374501992031872
0.6305418719211823
0.5793103448275863
0.6474820143884892
0.6026200873362446
0.5205479452054795
0.782051282051282
0.7027027027027026
0.6844919786096257
0.7378640776699029
0.6704545454545454
0.6727272727272727
0.5876777251184835
0.7234042553191489
0.725212464589235
0.640926640926641
0.7985611510791367
0.644808743169399
0.5729729729729729
0.6751054852320675
0.6270270270270271
0.5838509316770186
0.6473029045643153
0.8136645962732919
0.5654008438818565
0.7873303167420814
0.6938775510204082
0.6133333333333333
0.5571428571428572
0.4652567975830816
0.6179775280898876
0.7974683544303798
0.7761194029850746
0.6666666666666667
0.4242424242424242
0.5714285714285714
0.4970414201183432
0.5742574257425743
0.6774193548387097
0.6
0.791044776119403
0.5511811023622047
0.6064981949458483
0.5689655172413793
0.7806451612903226
0.5914634146341464
0.7385892116182573
0.7718309859154929
0.5314685314685315
0.5056179775280899
0.6298342541436464
0.47887323943661975
0.8603773584905661
0.7623762376237624
0.6797385620915033
0.7321428571428572
0.5
0.5666666666666667
0.7959183673469388
0.7619047619047619
0.6434782608695653
0.7282051282051283
0.7628865979381443
0.6959706959706959
0.775330396475771
0.6938775510204082
0.717948717948718
0.8449848024316109
0.8027210884353742
0.7218934911242604
0.633587786259542
0.7228915662650602
0.782608695652174
0.8350877192982455
0.592964824120603
0.704
0.6919831223628692
0.6795366795366795
0.567741935483871
0.7350427350427351
0.8
0.5222929936305732
0.5263157894736843
0.7707006369426752
0.5196078431372548
0.6188679245283019
0.7058823529411764
0.47058823529411764
0.7168458781362007
0.7643979057591623
0.6521739130434783
0.5252525252525253
0.7878787878787878
0.656
0.5888324873096447
0.5407725321888412
0.794701986754967
0.7055555555555555
0.8
0.524390243902439
0.8158844765342961
0.6956521739130435
0.7804878048780488
0.6722689075630253
0.632996632996633
0.6224066390041494
0.6071428571428572
0.7033898305084746
0.7264150943396226
0.6995073891625616
0.5957446808510638
0.794425087108014
0.49751243781094523
0.7758620689655172
0.5853658536585367
0.7462686567164178
0.4768211920529801
0.8427672955974843
0.5321100917431192
0.6055045871559632
0.8660714285714286
0.5658536585365854
0.7567567567567568
0.5652173913043479
0.7378640776699029
0.523076923076923
0.7517241379310344
0.6617647058823529
0.7377049180327868
0.5731707317073171
0.765625
0.7549019607843137
0.5889570552147239
0.5814977973568283
0.7491166077738516
0.6666666666666667
0.5985401459854014
0.6850828729281768
0.6788990825688073
0.4864864864864865
0.6090534979423868
0.7385892116182573
0.7914438502673797
0.736318407960199
0.6388888888888888
0.5476190476190477
0.6235294117647059
0.5892857142857143
0.5733333333333333
0.670807453416149
0.5583333333333333
0.7089947089947091
0.7441860465116279
0.6503067484662577
0.7454545454545455
0.7286821705426356
0.5093632958801498
0.8091603053435115
0.6686046511627908
0.6330935251798562
0.6603773584905661
0.7304347826086957
0.5327510917030568
0.7619047619047619
0.576271186440678
0.7634069400630915
0.5957446808510638
0.7314814814814814
0.736
0.6259541984732824
0.6926406926406927
0.64
0.49350649350649356
0.7183673469387755
0.6094420600858369
0.5108695652173914
0.7295081967213115
0.7299270072992701
0.7003610108303249
0.7029288702928871
0.625
0.5657894736842105
0.6514285714285715
0.5369127516778524
0.7757575757575758
0.5510204081632653
0.6
0.7021276595744681
0.5209302325581395
0.5617977528089888
0.5315315315315315
0.7314814814814814
0.5915492957746479
0.5543478260869565
0.7446808510638299
0.8035714285714286
0.6666666666666667
0.4699453551912568
0.5822784810126582
0.6153846153846154
0.6598984771573604
0.7177033492822966
0.6940639269406392
0.8156862745098039
0.8301886792452831
0.7572815533980582
0.5838509316770186
0.6868686868686869
0.5185185185185186
0.8110236220472441
0.6533333333333333
0.5800000000000001
0.7329842931937173
0.7643979057591623
0.7514450867052023
0.8137931034482758
0.7772511848341233
0.7484662576687117
0.5844155844155844
0.8702290076335878
0.6331658291457287
0.83206106870229
0.5238095238095238
0.7461139896373057
0.6323529411764706
0.6265822784810127
0.5737704918032787
0.43137254901960786
0.5921052631578947
0.6666666666666667
0.7510204081632653
0.6017699115044248
0.6618181818181819
0.6995073891625616
0.6122448979591837
0.6666666666666667
0.5741626794258373
0.5936073059360731
0.7114624505928854
0.6063829787234043
0.5351170568561873
0.6438356164383562
0.7352941176470589
0.4883720930232558
0.8340425531914893
0.5540540540540541
0.7005649717514124
0.5510204081632653
0.6303030303030304
0.6091954022988506
0.4257425742574258
0.5692307692307692
0.65625
0.5157232704402516
0.6466165413533835
0.6349206349206349
0.8170731707317074
0.6996197718631179
0.844106463878327
0.7891156462585034
0.509090909090909
0.5925925925925926
0.5607476635514019
0.7461538461538462
0.5512820512820513
0.5235294117647059
0.7670250896057348
0.6060606060606061
0.6222222222222222
0.6484018264840183
0.8286604361370716
0.7685589519650655
0.6719999999999999
0.6923076923076923
0.6900584795321638
0.514018691588785
0.750733137829912
0.546875
0.6133333333333333
0.7098591549295774
0.7529411764705882
0.9272727272727272
0.6255506607929515
0.5836575875486381
0.6285714285714286
0.7901234567901234
0.6242774566473989
0.7238095238095238
0.734006734006734
0.5325443786982249
0.729559748427673
0.6923076923076923
0.4246575342465754
0.6224489795918368
0.7456445993031359
0.8099173553719008
0.662379421221865
0.8235294117647058
0.6027397260273972
0.6779661016949152
0.6818181818181819
0.7807486631016043
0.7909604519774012
0.6009389671361502
0.6825396825396826
0.5876288659793815
0.7342995169082125
0.5982905982905983
0.7351351351351352
0.8685258964143426
0.6210526315789473
0.8432055749128919
0.48958333333333337
0.7453874538745388
0.8046875
0.7295081967213115
0.5942857142857143
0.5428571428571429
0.4585987261146497
0.7624309392265194
0.5876288659793815
0.4873096446700508
0.8764940239043825
0.6224489795918368
0.7166666666666667
0.7114093959731543
0.5375
0.5395348837209302
0.5488958990536277
0.6274509803921569
0.575
0.6964856230031948
0.8246753246753247
0.7586206896551724
0.7076923076923076
0.6798029556650247
0.7235772357723578
0.8384615384615385
0.5914396887159533
0.5642633228840126
0.4571428571428572
0.691588785046729
0.6354166666666667
0.7945205479452055
0.6387434554973822
0.6
0.8284518828451883
0.7006369426751593
0.7958115183246073
0.6073298429319371
0.7454545454545455
0.7763713080168777
0.6696035242290749
0.7142857142857143
0.5463917525773196
0.5423728813559322
0.5443786982248521
0.7152777777777778
0.5983606557377049
0.5137614678899083
0.7649402390438247
0.6380368098159509
0.576271186440678
0.6612244897959183
0.7184466019417476
0.6877470355731226
0.6593406593406593
0.4625
0.6699999999999999
0.6666666666666667
0.8195488721804511
0.5109489051094891
0.6853146853146853
0.6993006993006994
0.5255474452554745
0.5303867403314917
0.6041666666666667
0.6666666666666667
0.7472527472527473
0.8927335640138409
0.5086705202312138
0.6373626373626373
0.6777408637873754
0.7988668555240793
0.6514657980456027
0.8359133126934984
0.5185185185185186
0.5029940119760479
0.5570776255707763
0.7872340425531915
0.6417910447761195
0.6077348066298343
0.7117117117117118
0.5561497326203209
0.7123287671232876
0.6896551724137931
0.5103448275862069
0.8842105263157894
0.7467811158798283
0.5948275862068966
0.7875647668393783
0.7
0.714859437751004
0.7235772357723578
0.6907630522088353
0.6705882352941177
0.7887323943661972
0.782608695652174
0.49842271293375395
0.5207100591715976
0.8095238095238095
0.6176470588235294
0.7076923076923076
0.7832167832167832
0.6905537459283387
0.5212765957446808
0.7414634146341463
0.6288659793814433
0.6857142857142857
0.7192118226600985
0.5314685314685315
0.6
0.6720647773279352
0.7100977198697068
0.6394984326018809
0.6367713004484306
0.5304347826086957
0.515527950310559
0.6528497409326425
0.6306306306306306
0.6242774566473989
0.7622950819672132
0.5395348837209302
0.734375
0.6849315068493151
0.5555555555555556
0.6666666666666667
0.5942028985507246
0.5853658536585367
0.7692307692307692
0.6666666666666667
0.4275862068965517
0.63
0.6325581395348837
0.5
0.7622641509433963
0.8071428571428572
0.5112781954887218
0.5380116959064327
0.7258064516129032
0.7671232876712328
0.759581881533101
0.7352941176470589
0.5760869565217391
0.6837606837606838
0.5303867403314917
0.5933014354066986
0.6233766233766234
0.8327402135231317
0.5339366515837104
0.7432432432432432
0.5611510791366907
0.696629213483146
0.7353951890034365
0.6091370558375635
0.5517241379310345
0.6198830409356726
0.77
0.5957446808510638
0.8260869565217391
0.6423357664233577
0.5703125
0.6528497409326425
0.5523012552301255
0.5114155251141552
0.7397260273972603
0.5414364640883977
0.5578231292517006
0.5915492957746479
0.7435897435897436
0.6905829596412556
0.48235294117647054
0.6631578947368422
0.8278388278388278
0.883495145631068
0.7733333333333333
0.8524590163934427
0.5660377358490566
0.5533980582524272
0.6521739130434783
0.83206106870229
0.49397590361445787
0.5506072874493927
0.7210884353741497
0.7462686567164178
0.5692307692307692
0.6218487394957983
0.7331189710610932
0.5514403292181069
0.7729468599033816
0.5687203791469194
0.6464646464646464
0.8046875
0.8666666666666667
0.7284768211920529
0.6012269938650308
0.6701030927835052
0.5617977528089888
0.5135135135135135
0.6551724137931034
0.875
0.6985645933014354
0.6844106463878328
0.726027397260274
0.697841726618705
0.5949367088607596
0.6942148760330579
0.6143790849673203
0.875
0.5621621621621622
0.7857142857142857
0.7261146496815287
0.685483870967742
0.7441860465116279
0.6647230320699709
0.7951807228915663
0.6598984771573604
0.5384615384615384
0.6329113924050633
0.48484848484848486
0.8398268398268398
0.5506329113924051
0.8677966101694915
0.7171717171717171
0.6018518518518519
0.6124401913875598
0.811965811965812
0.5490196078431373
0.6563706563706564
0.6046511627906976
0.4571428571428572
0.639344262295082
0.7027027027027026
0.6181818181818182
0.5433526011560694
0.6105263157894737
0.6477272727272727
0.6914893617021276
0.7790262172284644
0.6735751295336787
0.6161616161616161
0.7426470588235294
0.6831275720164609
0.42553191489361697
0.792
0.5862068965517242
0.7697841726618705
0.6122448979591837
0.5138888888888888
0.7791411042944785
0.7417840375586855
0.6982758620689655
0.52
0.759581881533101
0.7241379310344828
0.5922330097087378
0.5616438356164384
0.7956204379562044
0.5776566757493188
0.7100591715976332
0.6111111111111112
0.7083333333333333
0.5454545454545454
0.8534201954397393
0.5631768953068592
0.542713567839196
0.7058823529411764
0.703448275862069
0.7661971830985915
0.7582417582417582
0.6162162162162161
0.6390532544378698
0.6834532374100719
0.5548387096774193
0.5416666666666667
0.7032258064516129
0.642570281124498
0.7983539094650206
0.6666666666666667
0.5742574257425743
0.7323943661971831
0.5666666666666667
0.6929133858267716
0.6666666666666667
0.5714285714285714
0.663716814159292
0.8979591836734694
0.8947368421052632
0.8947368421052632
0.8941176470588236
0.8928571428571429
0.8928571428571429
0.8928571428571429
0.8928571428571429
0.8888888888888888
0.8888888888888888
0.8888888888888888
0.8888888888888888
0.8852459016393442
0.8852459016393442
0.8852459016393442
0.8852459016393442
0.8846153846153846
0.8846153846153846
0.8846153846153846
0.8846153846153846
0.8809523809523809
0.8780487804878049
0.875
0.875
0.875
0.8727272727272728
0.8705882352941177
0.8679245283018868
0.8679245283018868
0.8679245283018868
0.8679245283018868
0.8679245283018868
0.8679245283018868
0.8679245283018868
0.8666666666666667
0.8648648648648649
0.8648648648648649
0.8631578947368421
0.8627450980392157
0.8627450980392157
0.8627450980392157
0.8627450980392157
0.8627450980392157
0.8627450980392157
0.8627450980392157
0.8627450980392157
0.8627450980392157
0.8627450980392157
0.8627450980392157
0.8627450980392157
0.8620689655172413
0.8620689655172413
0.8611111111111112
0.8602150537634409
0.8571428571428572
0.8571428571428572
0.8571428571428572
0.8571428571428572
0.8571428571428572
0.8571428571428572
0.8571428571428572
0.8571428571428572
0.8524590163934427
0.8518518518518519
0.8518518518518519
0.8518518518518519
0.8518518518518519
0.851063829787234
0.85
0.8493150684931507
0.8484848484848485
0.8484848484848485
0.8461538461538461
0.8461538461538461
0.8461538461538461
0.8461538461538461
0.8421052631578947
0.8421052631578947
0.8421052631578947
0.8421052631578947
0.8421052631578947
0.8421052631578947
0.8405797101449275
0.84
0.8395061728395061
0.8387096774193549
0.8387096774193549
0.8372093023255813
0.8363636363636364
0.8363636363636364
0.8363636363636364
0.8363636363636364
0.8363636363636364
0.8363636363636364
0.835820895522388
0.8354430379746836
0.8333333333333334
0.8333333333333334
0.8333333333333334
0.8333333333333334
0.8333333333333334
0.8333333333333334
0.8311688311688312
0.8307692307692307
0.8301886792452831
0.8301886792452831
0.8301886792452831
0.8301886792452831
0.8301886792452831
0.8292682926829268
0.8275862068965517
0.8275862068965517
0.8266666666666667
0.8266666666666667
0.8253968253968254
0.8235294117647058
0.8235294117647058
0.8235294117647058
0.8235294117647058
0.8235294117647058
0.8235294117647058
0.8235294117647058
0.8235294117647058
0.8235294117647058
0.8235294117647058
0.8235294117647058
0.8235294117647058
0.8222222222222222
0.8214285714285714
0.8214285714285714
0.8214285714285714
0.8214285714285714
0.8205128205128205
0.8205128205128205
0.819672131147541
0.8169014084507042
0.8163265306122449
0.8163265306122449
0.8163265306122449
0.8148148148148149
0.8148148148148149
0.8148148148148149
0.8148148148148149
0.8135593220338984
0.8135593220338984
0.8135593220338984
0.8125
0.8125
0.8125
0.8125
0.8115942028985508
0.8108108108108107
0.8108108108108107
0.8108108108108107
0.8108108108108107
0.810126582278481
0.8095238095238095
0.8085106382978724
0.8085106382978724
0.8085106382978724
0.8085106382978724
0.8085106382978724
0.8085106382978724
0.8076923076923077
0.8076923076923077
0.8076923076923077
0.8076923076923077
0.8070175438596492
0.8070175438596492
0.8070175438596492
0.8064516129032258
0.8064516129032258
0.8055555555555556
0.8048780487804879
0.8035714285714286
0.8
0.8
0.8
0.8
0.8
0.8
0.8
0.8
0.8
0.8
0.8
0.8
0.8
0.8
0.8
0.7954545454545454
0.7945205479452055
0.7945205479452055
0.7936507936507937
0.7931034482758621
0.7924528301886793
0.7924528301886793
0.7924528301886793
0.7916666666666666
0.7894736842105263
0.7878787878787878
0.7857142857142857
0.7857142857142857
0.7848101265822784
0.7843137254901961
0.7843137254901961
0.7843137254901961
0.782608695652174
0.782608695652174
0.7804878048780488
0.7777777777777778
0.7777777777777778
0.7777777777777778
0.7777777777777778
0.7755102040816326
0.7755102040816326
0.775
0.7741935483870968
0.7733333333333333
0.7719298245614035
0.7714285714285715
0.7710843373493976
0.7692307692307692
0.7692307692307692
0.7659574468085106
0.7647058823529411
0.7647058823529411
0.7647058823529411
0.7636363636363637
0.7636363636363637
0.7636363636363637
0.7636363636363637
0.7636363636363637
0.7636363636363637
0.7636363636363637
0.7619047619047619
0.76
0.7586206896551724
0.7586206896551724
0.7586206896551724
0.7567567567567568
0.7567567567567568
0.7555555555555555
0.7555555555555555
0.7547169811320755
0.7547169811320755
0.7547169811320755
0.7536231884057971
0.75
0.75
0.75
0.7476635514018692
0.7469879518072289
0.7466666666666666
0.7457627118644068
0.7457627118644068
0.7457627118644068
0.7457627118644068
0.7450980392156863
0.7441860465116279
0.7441860465116279
0.7428571428571429
0.7419354838709677
0.7419354838709677
0.7419354838709677
0.7407407407407407
0.7407407407407407
0.7407407407407407
0.7391304347826086
0.7391304347826086
0.7384615384615385
0.736842105263158
0.736842105263158
0.736842105263158
0.736842105263158
0.736842105263158
0.7352941176470589
0.7352941176470589
0.7346938775510203
0.7341772151898734
0.7339449541284404
0.7333333333333334
0.7333333333333334
0.7333333333333334
0.7323943661971831
0.7317073170731707
0.7317073170731707
0.7317073170731707
0.7317073170731707
0.7307692307692308
0.7307692307692308
0.7307692307692308
0.7307692307692308
0.7301587301587302
0.7272727272727273
0.7272727272727273
0.7272727272727273
0.7272727272727273
0.7272727272727273
0.7272727272727273
0.7272727272727273
0.7252747252747253
0.7246376811594203
0.7246376811594203
0.7246376811594203
0.7241379310344828
0.7241379310344828
0.7241379310344828
0.7241379310344828
0.7241379310344828
0.7241379310344828
0.7234042553191489
0.7234042553191489
0.7228915662650602
0.7222222222222222
0.7222222222222222
0.72
0.72
0.72
0.72
0.72
0.71875
0.71875
0.71875
0.717948717948718
0.717948717948718
0.717948717948718
0.7169811320754718
0.7169811320754718
0.7169811320754718
0.7169811320754718
0.7169811320754718
0.7164179104477613
0.7164179104477613
0.7164179104477613
0.7160493827160495
0.7160493827160495
0.7160493827160495
0.7142857142857143
0.7142857142857143
0.7142857142857143
0.7142857142857143
0.7142857142857143
0.7142857142857143
0.7123287671232876
0.7123287671232876
0.711864406779661
0.711864406779661
0.7111111111111111
0.7111111111111111
0.7111111111111111
0.7194244604316546
0.7088607594936709
0.7083333333333333
0.7083333333333333
0.7083333333333333
0.7083333333333333
0.7083333333333333
0.7076923076923076
0.7058823529411764
0.7058823529411764
0.7058823529411764
0.7058823529411764
0.7058823529411764
0.7058823529411764
0.7058823529411764
0.7058823529411764
0.7058823529411764
0.7058823529411764
0.7058823529411764
0.7058823529411764
0.7037037037037037
0.7037037037037037
0.7027027027027026
0.7017543859649122
0.7017543859649122
0.7017543859649122
0.7017543859649122
0.7017543859649122
0.7017543859649122
0.7017543859649122
0.7012987012987013
0.7
0.7
0.7
0.7
0.6984126984126984
0.6984126984126984
0.696969696969697
0.6956521739130435
0.6923076923076923
0.6923076923076923
0.6909090909090909
0.6896551724137931
0.6896551724137931
0.6885245901639344
0.6875
0.6865671641791045
0.6849315068493151
0.6849315068493151
0.6835443037974683
0.6829268292682926
0.6935483870967742
0.6818181818181819
0.6808510638297872
0.6799999999999999
0.679245283018868
0.6779661016949152
0.6774193548387097
0.6774193548387097
0.6753246753246753
0.6744186046511628
0.6666666666666667
0.6666666666666667
0.6666666666666667
0.6875
0.6666666666666667
0.6666666666666667
0.6666666666666667
0.6666666666666667
0.6666666666666667
0.6666666666666667
0.6666666666666667
0.6666666666666667
0.6666666666666667
0.6666666666666667
0.6666666666666667
0.6666666666666667
0.6666666666666667
0.6616541353383458
0.6590909090909092
0.6585365853658536
0.6578947368421053
0.6578947368421053
0.6578947368421053
0.6578947368421053
0.6575342465753424
0.6571428571428571
0.6567164179104478
0.6567164179104478
0.6567164179104478
0.6567164179104478
0.6567164179104478
0.65625
0.6557377049180328
0.6557377049180328
0.6551724137931034
0.6551724137931034
0.6551724137931034
0.6545454545454545
0.6538461538461539
0.6521739130434783
0.6521739130434783
0.6511627906976745
0.6486486486486487
0.6470588235294117
0.6470588235294117
0.6470588235294117
0.6461538461538461
0.6451612903225806
0.6451612903225806
0.6444444444444444
0.6440677966101696
0.6440677966101696
0.6428571428571428
0.6428571428571428
0.6419753086419753
0.6415094339622642
0.6415094339622642
0.6415094339622642
0.6382978723404256
0.6376811594202898
0.6376811594202898
0.6373626373626373
0.6363636363636364
0.6355140186915889
0.6349206349206349
0.6349206349206349
0.6349206349206349
0.6341463414634146
0.6336633663366337
0.6333333333333333
0.6333333333333333
0.6333333333333333
0.631578947368421
0.631578947368421
0.6301369863013699
0.6296296296296297
0.6296296296296297
0.6296296296296297
0.6296296296296297
0.6296296296296297
0.6274509803921569
0.6274509803921569
0.6268656716417911
0.6265060240963856
0.6262626262626263
0.625
0.625
0.625
0.625
0.625
0.6233766233766234
0.6233766233766234
0.6229508196721312
0.6229508196721312
0.6222222222222222
0.6216216216216216
0.6206896551724138
0.6206896551724138
0.6206896551724138
0.6206896551724138
0.619718309859155
0.619718309859155
0.619718309859155
0.6190476190476191
0.6183574879227054
0.6181818181818182
0.6181818181818182
0.6181818181818182
0.6181818181818182
0.6176470588235294
0.6176470588235294
0.6176470588235294
0.617283950617284
0.6153846153846154
0.6153846153846154
0.6136363636363636
0.6136363636363636
0.6133333333333333
0.6133333333333333
0.6133333333333333
0.6133333333333333
0.6133333333333333
0.6129032258064516
0.6129032258064516
0.6101694915254237
0.6101694915254237
0.6097560975609756
0.6086956521739131
0.6086956521739131
0.6086956521739131
0.6086956521739131
0.6086956521739131
0.6086956521739131
0.6071428571428572
0.6067415730337078
0.6060606060606061
0.6046511627906976
0.6037735849056604
0.6037735849056604
0.6031746031746033
0.6031746031746033
0.6031746031746033
0.6
0.6
0.6
0.6
0.6
0.6
0.6
0.5979381443298969
0.5977011494252873
0.5974025974025974
0.5970149253731343
0.5964912280701755
0.5957446808510638
0.5952380952380952
0.5945945945945945
0.59375
0.59375
0.59375
0.5925925925925926
0.5915492957746479
0.5909090909090908
0.5897435897435898
0.5882352941176471
0.5853658536585367
0.5846153846153845
0.5846153846153845
0.5833333333333333
0.5833333333333333
0.5822784810126582
0.5822784810126582
0.5818181818181818
0.5806451612903225
0.5806451612903225
0.5806451612903225
0.5797101449275363
0.5783132530120482
0.5783132530120482
0.5765765765765766
0.576271186440678
0.576271186440678
0.576271186440678
0.5757575757575757
0.575
0.574468085106383
0.5714285714285714
0.5714285714285714
0.5714285714285714
0.5714285714285714
0.5714285714285714
0.5714285714285714
0.5684210526315789
0.5681818181818181
0.5675675675675675
0.5675675675675675
0.5671641791044777
0.5671641791044777
0.5671641791044777
0.5666666666666667
0.5666666666666667
0.5666666666666667
0.5666666666666667
0.5666666666666667
0.5660377358490566
0.5660377358490566
0.5660377358490566
0.5652173913043479
0.5652173913043479
0.5625
0.5625
0.5625
0.5625
0.5614035087719298
0.5614035087719298
0.56
0.56
0.5588235294117647
0.5581395348837209
0.5573770491803278
0.5573770491803278
0.5573770491803278
0.5573770491803278
0.5555555555555556
0.5538461538461539
0.5538461538461539
0.5531914893617021
0.5517241379310345
0.5517241379310345
0.5510204081632653
0.5490196078431373
0.5483870967741935
0.5483870967741935
0.5483870967741935
0.547945205479452
0.5454545454545454
0.5454545454545454
0.5454545454545454
0.5454545454545454
0.5454545454545454
0.5432098765432098
0.5423728813559322
0.5416666666666667
0.5416666666666667
0.5416666666666667
0.5416666666666667
0.5416666666666667
0.5416666666666667
0.5405405405405406
0.5396825396825398
0.5393258426966292
0.5384615384615384
0.5384615384615384
0.5384615384615384
0.5373134328358209
0.5373134328358209
0.5373134328358209
0.5365853658536586
0.5357142857142857
0.5357142857142857
0.5357142857142857
0.5352112676056338
0.5352112676056338
0.5352112676056338
0.5333333333333333
0.5333333333333333
0.5319148936170213
0.53125
0.53125
0.53125
0.5306122448979591
0.5306122448979591
0.5301204819277108
0.5294117647058824
0.5294117647058824
0.5283018867924528
0.5263157894736843
0.5263157894736843
0.525
0.5245901639344263
0.5245901639344263
0.5238095238095238
0.523076923076923
0.5396825396825398
0.523076923076923
0.5217391304347826
0.5217391304347826
0.5217391304347826
0.5205479452054795
0.5192307692307692
0.5185185185185186
0.5185185185185186
0.5185185185185186
0.5180722891566265
0.5178571428571428
0.5172413793103448
0.5172413793103448
0.5161290322580645
0.5151515151515151
0.5151515151515151
0.5151515151515151
0.5151515151515151
0.5142857142857142
0.5142857142857142
0.5128205128205128
0.5116279069767442
0.5111111111111111
0.5098039215686274
0.5098039215686274
0.509090909090909
0.5079365079365079
0.5079365079365079
0.5079365079365079
0.5074626865671642
0.5074626865671642
0.5074626865671642
0.5070422535211268
0.5066666666666666
0.5066666666666666
0.5063291139240507
0.5060240963855422
0.5057471264367817
0.5054945054945055
0.5054945054945055
0.5043478260869565
0.5
0.5
0.5
0.5
0.5
0.5
0.5
0.5
0.5
0.5
0.5
0.5
0.5
0.675603217158177
0.6111111111111112
0.8301886792452831
0.8189655172413793
0.635814889336016
0.8034934497816594
0.7121212121212122
0.6021505376344086
0.7154046997389034
0.7111853088480802
0.676923076923077
0.657243816254417
0.9577464788732395
0.5798816568047338
0.6417112299465241
0.6819923371647509
0.5482625482625483
0.7657992565055762
0.6703296703296704
0.584717607973422
0.7285714285714286
0.617283950617284
0.7859649122807018
0.5621621621621622
0.5655172413793104
0.6227544910179641
0.445859872611465
0.5919003115264798
0.5161290322580645
0.6757990867579908
0.7609561752988048
0.6268656716417911
0.6136363636363636
0.673992673992674
0.5526315789473684
0.7672413793103449
0.6225490196078431
0.8316831683168316
0.5638297872340425
0.6859903381642511
0.5442622950819672
0.8067796610169491
0.935483870967742
0.5808219178082192
0.7487437185929648
0.583756345177665
1.0
0.5803108808290156
0.782608695652174
0.7676767676767677
0.8556701030927836
0.8207171314741035
0.7747035573122529
0.7383512544802867
0.45360824742268047
0.7765957446808511
0.6596858638743455
0.4444444444444444
0.5953488372093023
0.719047619047619
0.6666666666666667
0.6854219948849105
0.6953125
0.7419354838709677
0.9051724137931034
0.7100271002710027
0.6513872135102533
0.6939655172413793
0.72
0.7491749174917492
0.7890625
0.7468671679197996
0.7109375
0.5494505494505495
0.7297830374753451
0.708502024291498
0.6548672566371682
0.52
0.6527196652719665
0.8444444444444444
0.6649874055415617
0.7254901960784313
0.6868686868686869
0.5679676985195155
0.6055776892430279
0.9329446064139941
0.6627906976744187
0.5548387096774193
0.6190476190476191
0.827930174563591
0.665083135391924
0.788135593220339
0.6145251396648045
0.7853403141361257
0.5865921787709497
1.0
0.8240740740740741
0.6682926829268292
0.9411764705882353
0.513157894736842
0.6697674418604651
0.5771812080536913
0.6270022883295194
0.8549618320610687
0.5802469135802469
1.0
0.6448979591836734
0.5523255813953488
0.6699999999999999
0.7772020725388601
0.5920000000000001
0.5991189427312775
0.6323907455012854
0.7571428571428571
0.8302583025830258
0.6639004149377593
0.6024096385542168
0.5359477124183006
0.8359375
0.5024154589371981
0.3764705882352941
0.5729729729729729
0.5964912280701755
0.572192513368984
0.7850467289719626
0.6134969325153374
0.6937269372693726
0.7203065134099618
0.755
0.6970954356846473
0.6242038216560509
0.5819672131147541
0.6170212765957447
0.6887966804979253
0.6694915254237288
0.6334661354581673
0.6363636363636364
0.6939759036144578
0.6330275229357798
0.6373626373626373
0.7966804979253113
0.6784810126582279
0.617283950617284
0.6143790849673203
0.7878787878787878
0.9154518950437318
0.6064981949458483
0.9035532994923858
0.8136882129277566
0.5903890160183066
0.5313432835820895
0.04620462046204621
0.6503067484662577
0.9479166666666666
0.7509481668773704
0.8017241379310345
0.6688524590163935
0.9803921568627451
0.7010804321728692
0.5833333333333333
0.6956521739130435
0.6909090909090909
0.956989247311828
0.5
0.646551724137931
0.5396825396825398
0.5405405405405406
0.6598984771573604
0.7493540051679586
0.5900900900900901
0.532258064516129
0.04761904761904767
0.8054607508532423
0.7362637362637363
0.8466666666666667
0.7609427609427609
0.5349794238683128
0.44221105527638194
0.7258687258687259
0.7920792079207921
0.754257907542579
0.8296943231441047
0.5956284153005464
0.9724770642201834
0.6031746031746033
0.5775862068965517
0.8305084745762712
0.8333333333333334
0.7563025210084033
0.6517857142857143
0.43999999999999995
0.6616915422885572
0.7655172413793103
0.6196213425129088
0.6957928802588997
0.84375
0.8958333333333334
0.7435897435897436
0.7941787941787941
0.6218487394957983
0.6379310344827587
0.5147679324894514
0.578512396694215
0.6299212598425197
0.9666666666666667
0.8302872062663186
0.7126436781609196
0.8194444444444444
0.6041055718475073
0.5916230366492147
0.631578947368421
0.9051724137931034
0.7875647668393783
0.5694915254237288
0.633423180592992
0.9442815249266863
0.7845579078455791
0.6
0.7125
0.6319702602230484
0.6756756756756757
0.7084148727984345
0.7622950819672132
0.6310160427807487
0.6363636363636364
0.7320954907161803
0.8
1.0
0.53125
0.7252747252747253
0.5984251968503937
0.91
0.6666666666666667
0.7387387387387387
0.5795918367346939
0.5827814569536424
0.04530744336569581
0.7156549520766773
0.5675675675675675
0.8762886597938144
0.9771689497716896
0.6
0.7785234899328859
0.5683646112600536
0.5945017182130584
0.547112462006079
0.9032258064516129
0.7951807228915663
0.5786802030456852
0.9205607476635514
0.5822784810126582
0.7337662337662338
0.7358834244080146
0.7701612903225806
0.6639004149377593
0.9642857142857143
0.7264150943396226
0.7604166666666666
0.9
0.7962085308056872
0.5150501672240803
0.6666666666666667
0.7244897959183674
0.6363636363636364
0.5956112852664577
0.6785714285714286
0.8235294117647058
0.8131416837782341
0.642512077294686
0.49226006191950467
0.9166666666666666
0.5315315315315315
0.5882352941176471
0.7763713080168777
0.5263157894736843
0.7642857142857142
0.5838509316770186
0.6582278481012658
0.6446280991735538
0.9053497942386831
0.6368715083798883
0.592436974789916
0.7686274509803921
0.9459459459459459
0.7916666666666666
0.8340807174887892
0.8433734939759037
0.7820224719101123
0.946524064171123
0.6192170818505338
0.9271137026239067
0.6
0.6032786885245902
0.7259786476868327
0.6852248394004283
0.0456026058631922
0.904109589041096
0.7228070175438597
0.7364620938628159
0.7313769751693002
0.7016129032258065
0.5411764705882354
0.6086956521739131
0.6813186813186813
0.6691176470588236
0.912
0.5851063829787234
0.8154506437768241
0.7636363636363637
1.0
0.7284991568296796
0.6067415730337078
0.5620915032679739
0.6017699115044248
0.8
0.7487437185929648
0.7189542483660131
0.8468468468468469
0.658307210031348
0.5868725868725868
0.8438538205980066
0.43870967741935485
0.9368932038834952
0.5492957746478873
0.5846153846153845
0.5263157894736843
0.7330677290836654
0.6855670103092784
0.5478036175710594
0.618042226487524
0.49006622516556286
0.7198364008179959
0.6555555555555556
0.7939508506616257
0.04530744336569581
0.3623188405797102
0.6674937965260546
0.7245283018867925
0.5827633378932968
0.42105263157894735
0.6276150627615062
0.5954198473282443
0.683651804670913
0.7401574803149606
0.7
0.8235294117647058
0.6887052341597797
0.7772727272727273
0.42105263157894735
0.7455197132616487
0.6699999999999999
0.7710843373493976
0.5889212827988338
0.7355371900826446
0.580110497237569
0.7125
0.7361111111111112
0.9863013698630136
0.6632390745501285
0.7542662116040956
0.7259259259259259
0.6386554621848739
0.7933333333333333
0.5772594752186588
0.6607142857142857
0.6349206349206349
0.6833333333333333
0.8413284132841329
0.5136612021857924
0.6428571428571428
0.7619047619047619
0.7713004484304933
0.6271186440677966
0.5509433962264151
0.7354596622889306
0.6384180790960452
0.5792349726775956
0.5663082437275986
0.729776247848537
0.5882352941176471
0.6053412462908012
0.7044334975369457
0.5897079276773296
0.6127659574468085
0.43157894736842106
0.9734939759036144
0.6941747572815534
0.5691056910569106
0.6679245283018869
0.5793103448275863
0.8013698630136986
0.6473029045643153
0.6345609065155807
0.6603773584905661
0.7843866171003717
0.525
0.5726872246696035
0.789873417721519
0.5758513931888545
0.7261613691931541
0.4358974358974359
0.6038394415357766
0.7619047619047619
0.5575757575757576
0.622478386167147
0.6993006993006994
0.6095717884130982
0.6842105263157895
0.8421052631578947
0.6851851851851851
0.7259615384615384
0.9620253164556962
0.9121813031161473
0.6035502958579881
0.7707082833133253
0.7874306839186691
0.5726141078838174
0.5694915254237288
0.6943765281173594
0.6857142857142857
0.4473684210526315
0.5403225806451613
0.7281553398058253
0.801762114537445
0.5691699604743083
0.7773584905660378
0.6632124352331606
0.7911111111111111
0.7063492063492063
0.8275862068965517
0.5067567567567568
0.7885304659498208
0.680672268907563
0.7111111111111111
0.6526315789473685
0.68762278978389
0.8151898734177215
0.6181818181818182
0.7207547169811321
0.5625
0.5833333333333333
0.5949820788530467
0.6288951841359773
0.5714285714285714
0.5714285714285714
0.6389891696750902
0.5823529411764705
0.5490196078431373
0.7707979626485568
0.9005524861878453
0.7641196013289037
0.6518518518518519
0.6547085201793722
0.8122605363984674
0.5133333333333333
0.6082474226804124
0.6130952380952381
0.7570093457943925
0.4729064039408867
0.5851063829787234
0.5578231292517006
0.6371681415929203
0.6347826086956522
0.8017241379310345
0.7304964539007093
0.6375321336760926
0.6293103448275862
0.7240506329113924
0.7596899224806202
0.6158038147138964
0.8285077951002227
0.5066666666666666
0.6820809248554913
0.6477272727272727
0.7092198581560284
0.7104377104377104
0.5434173669467788
0.6539923954372624
0.6235565819861432
0.7384615384615385
0.964200477326969
0.8571428571428572
0.6502057613168724
0.7280334728033473
0.5833333333333333
0.5773195876288659
0.7204968944099379
0.8133333333333334
0.49158249158249157
0.8020176544766708
0.7753201396973225
0.6938775510204082
0.7679324894514767
0.6156941649899397
0.6738351254480286
0.5694444444444444
0.5943600867678959
0.589041095890411
0.5729166666666667
0.47342995169082125
0.6234309623430963
0.9156626506024097
0.789237668161435
0.5902964959568733
0.5280898876404494
0.6822612085769981
0.5714285714285714
0.6840148698884758
0.8247978436657681
0.6774193548387097
0.7792706333973128
0.7407407407407407
0.7045454545454546
0.5833333333333333
0.5833333333333333
0.5655526992287918
0.7513513513513513
0.6171003717472119
0.7048458149779735
0.5283018867924528
0.6304347826086957
0.6145251396648045
0.7262569832402235
0.7062314540059347
0.5384615384615384
0.6724137931034483
0.6428571428571428
0.6480186480186481
0.6889952153110048
0.727699530516432
0.7447698744769875
0.7870182555780934
0.59375
0.5970149253731343
0.6253369272237197
0.8040816326530612
0.4571428571428572
0.6648501362397821
0.5939086294416244
0.7081218274111676
0.046052631578947345
0.5042016806722689
0.47352024922118385
0.6209677419354839
0.5730994152046784
0.6950000000000001
0.8166259168704156
0.653061224489796
0.8787878787878788
0.5837320574162679
0.736842105263158
0.614481409001957
0.7579462102689487
0.7651006711409396
0.7139479905437351
0.8622222222222222
0.8561151079136691
0.6062322946175638
0.6869712351945855
0.5575447570332481
0.6914660831509847
0.5892116182572614
0.7135135135135136
0.6703096539162112
0.6030150753768844
0.6054054054054054
0.46153846153846156
0.5532879818594104
0.526984126984127
0.7703703703703704
0.6956521739130435
0.8650519031141868
0.5807962529274004
0.6601941747572815
0.7891891891891891
0.6666666666666667
0.5797101449275363
0.8461538461538461
0.5974025974025974
0.9689119170984456
0.639386189258312
0.5602409638554218
0.600451467268623
0.5938566552901023
0.5153374233128835
0.8713692946058091
0.7383512544802867
0.7317073170731707
0.6120218579234973
0.5570469798657718
0.7789473684210526
0.8111888111888113
0.7209302325581395
0.6728476821192053
0.8244274809160306
0.7845528455284553
0.7148014440433212
0.9766081871345029
0.7785714285714286
0.6456692913385826
0.5913978494623655
0.9056603773584906
0.6683417085427136
0.49
0.6666666666666667
0.5665236051502146
0.5506849315068494
0.750561797752809
0.7643979057591623
0.5641025641025641
0.6006825938566553
0.6603773584905661
0.7157894736842105
0.8275862068965517
0.6256983240223464
0.9206349206349207
0.749003984063745
0.8220338983050848
0.5560165975103735
0.6576271186440679
0.50625
0.8428571428571429
0.658753709198813
0.8163265306122449
0.8214285714285714
0.7107438016528926
0.5827338129496402
0.7265625
0.5950704225352113
0.8279569892473118
0.9666666666666667
0.5714285714285714
0.8679245283018868
0.6145833333333333
0.737037037037037
0.7372549019607844
0.7153024911032029
0.5333333333333333
0.6
0.7654784240150094
0.6586538461538461
0.6115702479338843
0.5702479338842975
0.6417910447761195
0.6137787056367432
0.8020050125313283
0.6548672566371682
0.6764705882352942
0.7690447400241838
0.7328767123287672
0.6113207547169811
0.7718120805369127
0.5369127516778524
0.844559585492228
0.5491525423728814
0.8078817733990148
0.4585987261146497
0.7781818181818182
0.604
0.9129411764705883
0.804177545691906
0.7373737373737373
0.7353535353535354
0.7407407407407407
0.6054054054054054
0.5396825396825398
0.5882352941176471
0.7583892617449665
0.7129909365558913
0.6938775510204082
0.6157517899761337
0.6490066225165563
0.5704099821746881
0.5656292286874154
0.518796992481203
0.578397212543554
0.5359477124183006
0.5438066465256798
0.5947368421052632
0.8888888888888888
0.6181818181818182
0.96
0.6633416458852868
0.7455919395465995
0.7851239669421488
0.777292576419214
0.6783216783216783
0.9
0.6666666666666667
0.7565217391304347
0.6192170818505338
0.7078189300411523
0.7705627705627706
0.7482014388489209
0.6696832579185521
0.6012526096033404
0.7094017094017093
0.5570776255707763
0.6852791878172588
0.04982206405693945
0.9315068493150684
0.6626506024096386
0.6502463054187192
0.5968586387434556
0.8506787330316742
0.6522781774580335
0.7287128712871287
0.6848249027237354
0.8585365853658536
1.0
0.8022922636103151
0.543859649122807
0.5608108108108107
0.9545454545454546
0.8692579505300353
0.728
0.7727272727272727
0.6536585365853659
0.5948275862068966
0.9320388349514563
0.5058823529411764
0.6993006993006994
0.5760000000000001
0.9894736842105263
0.5879917184265011
0.6058091286307055
0.5626911314984709
0.5772913816689467
0.8028169014084507
0.7080745341614907
0.5743589743589743
0.975609756097561
0.7267605633802816
0.5106382978723405
