0.9191349543523456
0.834187530682376
0.7761454331576282
0.9396194653970292
0.8218338474630358
0.6826759051616736
0.7399094085707488
0.759997513610636
0.7375724957816883
0.8440717939948413
0.7651215176524513
0.9277818378907616
0.8931380620350405
0.7774802411502773
0.7260861301183882
0.8623168271609638
0.6542325850528005
0.7320003263674284
0.8393402180149169
0.7755077658303465
0.745172377741185
0.712374944449864
0.7414221300063772
0.8085320243104255
0.6398046398046398
0.7809214257223717
0.8624676104676106
0.7393351972662319
0.9443405568038999
0.8219400352733686
0.7396846846846846
0.7241386735572783
0.7450333921482386
0.7917875898286346
0.8082504582038409
0.0
0.8512710860812127
0.6863095238095238
0.7328256302521008
0.7151442132165023
0.83344206318361
0.6632520325203252
0.7335813492063492
0.8568449128285195
0.81763122666103
0.7490175504676836
0.934531522117729
0.8606158862356403
0.7713969404186796
0.9071278204533347
0.4
0.9208085492489163
0.8441319040854105
0.695647337292734
0.8545734860883798
0.7382909868608735
0.0
0.7963849424311543
0.7541880341880342
0.7304983311201235
0.8824124750176522
0.7560130496145555
0.760416611449482
0.0
0.0
0.7916874063523425
0.887361203273612
0.4
0.8602402599773615
0.7562545548267833
0.7319187702908634
0.6669559601932108
0.7778728933901348
0.7540922619047619
0.7634554334554334
0.7681635237190793
0.0
0.7013370293886005
0.7175189407622543
0.7546511756938203
0.8846938775510205
0.7281233653099793
0.8106597941579974
0.8846153846153847
0.9058881440461155
0.7474166956925578
0.8773100045323551
0.7064568999823587
0.7529497930441327
0.0
0.7655318808557906
0.7961615724374544
0.866170542635659
0.795753672361133
0.8480589589563101
0.7633978551162817
0.7412739364751749
0.7255016546122891
0.868826111583121
0.7773758606011985
0.6990844282918647
0.7428571428571429
0.8617824721272997
0.7314134762192839
0.9098787248787248
0.7015780300272474
0.8657963875205255
0.697295090205538
0.8603371957796297
0.904043316018802
0.4
0.7890991729658292
0.7269613438982899
0.8023280815569972
0.8734662712185272
0.8903678329663159
0.790538484276767
0.8339757383966244
0.7114077113932614
0.7309698996655518
0.6885128864139358
0.7690429449348876
0.6490783117213322
0.7367472051929318
0.4
0.7209781010180163
0.9182132596993278
0.8619417090542973
0.842881679723785
0.8328692398634674
0.8585322507381331
0.0
0.7883403931791029
0.9009021527419961
0.7275335775335776
0.0
0.7695183427108363
0.8201214270363206
0.8653085645905749
0.8722415499665173
0.6827137647213685
0.7136807636807636
0.7644920538837003
0.9018940779177992
0.8814654256449489
0.7046666071056314
0.7846173420548671
0.8087731820788987
0.8706700141442716
0.7662790390464901
0.9165398765355116
0.0
0.7310627153594077
0.8027879767373333
0.8919660147728578
0.734274373266771
0.7419151704397606
0.7047924581175432
0.748730931095817
0.6738787582451297
0.4
0.7454647748765395
0.8673140283140284
0.7766349125395409
0.7409746588693956
0.8633006535947714
0.7333786052083551
0.0
0.8806513126860283
0.0
0.7846319444444445
0.8747724133045234
0.6882782435655445
0.30000000000000004
0.8443913765153424
0.7092331556278425
0.8400220051444459
0.8895843177989248
0.7250203430856228
0.8753856463523075
0.0
0.0
0.7291967291967292
0.7921608644072574
0.8149609011677976
0.9076744703885993
0.7500923616261038
0.8531016042780749
0.6425248525461745
0.7963937007874016
0.7244211566282064
0.8065991083543322
0.6900598077068665
0.8451643497515058
0.8440276605465513
0.6212398712398711
0.8231582762557524
0.5984180769144133
0.8727523980815348
0.7895056160969985
0.7592738581869017
0.807996181312978
0.7421800841262343
0.4
0.8597544797544798
0.6488277992366664
0.8674208868720003
0.7557448673462012
0.8330188376667806
0.7913618358917974
0.0
0.6897258297258296
0.7827100435796087
0.8587878787878789
0.8573925286406698
0.7492763046280085
0.8731722711441652
0.7763813813813814
0.8966725323948168
0.7625
0.8594871794871795
0.9503481262327417
0.888204769771678
0.8863942868103818
0.7376571111199738
0.8357765048190581
0.0
0.8669455054749172
0.8466509291311765
0.8562198165526876
0.8433629333580368
0.7728134733592437
0.7386111111111111
0.891321172966478
0.8933333333333334
0.662291243605535
0.7130597918179618
0.9095934959349593
0.703858024691358
0.8748216937341424
0.8422438672438672
0.7074542331699551
0.8456769281694804
0.7924925389007424
0.7724985302763082
0.8570405163183332
0.9051173825914505
0.8607151897501801
0.8510202542555484
0.8662759421882288
0.9344609932424285
0.7980068995453612
0.903669671752196
0.6579909805862619
0.866287518837408
0.7688381953186288
0.8586603995299648
0.716372855871613
0.7505689955132314
0.7608556071858824
0.7632752045175598
0.7636132502139104
0.9126010025681895
0.7617461007819198
0.7347146149261016
0.8744131850853549
0.1
0.8574694363785273
0.8563841070408745
0.900318227630744
0.7019679816289986
0.784633278598796
0.7903151607338292
0.7471309608039977
0.784825888179379
0.0
0.7821516507143847
0.6672606824321662
0.766879047635915
0.6263352102608527
0.8789741903665955
0.8688144452363983
0.7605912421465763
0.8395000076358027
0.4
0.8810606060606061
0.8665318416523237
0.7756011580225942
0.848927298838895
0.7839251326600479
0.7307450479100414
0.0
0.7123673215898826
0.63998223998224
0.7306478455769186
0.8968481778528211
0.9047116501384794
0.7841982716786742
0.6521075766338925
0.0
0.5907148407148407
0.7386572051928666
0.7490291321158475
0.4
0.6739495798319327
0.7090937090937092
0.8109753658279818
0.7281743619759423
0.4
0.7950895015316068
0.7909260090524818
0.8192230862208787
0.8737949361081924
0.8391457686489929
0.7399410888500073
0.8790468227424749
0.8538963031139746
0.9051693404634581
0.7424424552429667
0.734576476901193
0.4
0.9050373312226034
0.7370799831661019
0.8643455340896224
0.7501260832572983
0.7632744647712574
0.0
0.8557713248638839
0.6972460626254069
0.8351282051282052
0.7829514658782951
0.8924629816073074
0.7241823033224307
0.872251461988304
0.7540229885057472
0.7040741555995793
0.8050779286073404
0.0
0.8502041423318192
0.745407538725139
0.7359246038491323
0.7468907112708706
0.4
0.6566760001037049
0.7501095899260326
0.8731919483022305
0.7001149016820659
0.7457750582750582
0.7289535017883928
0.855498139287613
0.772275521023337
0.6889562289562289
0.8377922077922078
0.7162688035827047
0.7333122053463531
0.7293313672145888
0.7539337583197233
0.8990328573087194
0.9181252690949797
0.7859777537447167
0.7361217811922037
0.6851291375954071
0.7099470510628713
0.9344455097475232
0.7230769230769232
0.0
0.7491466277175318
0.7848179278378337
0.8438088041540727
0.8727061556329849
0.8488524693697108
0.7896768391461788
0.7173260911495513
0.8696767285002579
0.8574903373484934
0.9410583833224446
0.6812629399585921
0.7956941447561204
0.84251287197118
0.8582061579651942
0.0
0.7230517023959647
0.7022049505786939
0.8399232456140351
0.8086198635318871
0.0
0.8338289581624283
0.7576897223902668
0.0
0.8407331890464531
0.6729107579802024
0.7736928231230998
0.7380212930054307
0.7434887334887336
0.7670891402503024
0.7159839644359769
0.7291650737823993
0.0
0.9272735333234815
0.7326347489888976
0.8510804597701149
0.6764510585392655
0.6604324083724161
0.8236073500967118
0.6475728475728476
0.7640630905372422
0.7272005338672005
0.6843085200523875
0.7604146383678415
0.7655934835317515
0.855796286982572
0.7322867940343886
0.8926727699786758
0.4
0.694433950697061
0.8318636803414321
0.7213484167007405
0.0
0.5966665924590188
0.7590897589283833
0.7672877145438122
0.8050653594771242
0.8060446009389671
0.8710510510510511
0.9219141837563912
0.9274500768049155
0.8535910710140978
0.9143182916515646
0.8849983316649983
0.7927188974873063
0.7693434343434342
0.0
0.8381053268765133
0.7845678079530245
0.7607955647955649
0.9714001986097319
0.8639094407567315
0.7492884714033359
0.8684570109279475
0.7514963489925166
0.8721623777587378
0.7303855494321123
0.8556100441295296
0.6737812167362648
0.8763187273903357
0.8866779606524131
0.6940356818812642
0.8181543267728835
0.6790953003189806
0.9283605283605284
0.8944043744526942
0.0
0.8312557182946988
0.7586242514635727
0.6994805194805195
0.725195509097948
0.8135809018567639
0.7174908424908425
0.7314094201640519
0.8929126988821199
0.8674825580099413
0.857915343915344
0.7561891608666945
0.8860736801820855
0.8604091763287594
0.7653682625715147
0.6850266362252664
0.8131275962972117
0.7594987897407252
0.8685397914500083
0.7505528871422911
0.8150108932461875
0.0
0.0
0.7230994152046785
0.7970214334520085
0.7725388994045709
0.7362629733763755
0.7890831783365404
0.8540649836372136
0.749126559714795
0.7037622350875363
0.7263423109826745
0.8399562394127612
0.30000000000000004
0.7657285877863211
0.9060769274386168
0.8895421547815604
0.8663504111321948
0.8188766560494853
0.7416122004357298
0.8945806680881307
0.8112363539310266
0.7594545864322741
0.6511988561525612
0.7056683806610341
0.8514130434782609
0.787737836827835
0.8398559229306877
0.6817927170868346
0.8678848920863309
0.867021389406166
0.8200363058770138
0.8456642807137856
0.7639351641509752
0.7668016691212568
0.7329005869050363
0.8354007992076232
0.7193440919371601
0.736532146682451
0.8207962193996635
0.7375055285272003
0.7797556314116725
0.7360611959668564
0.8781597319951396
0.7816114542779085
0.7429595494111623
0.7009730502881188
0.8130873085839291
0.8164790764790765
0.8668278529980658
0.7585741088180112
0.4
0.6985510785510786
0.8884780548978651
0.7012250712250713
0.8820245972382048
0.8565643360243884
0.7244539411206078
0.7071134626690183
0.7897356465609426
0.738486083556506
0.9071198477194524
0.9169841269841269
0.7605660860941175
0.7604688708326514
0.8040616838701655
0.7911510740027118
0.7748138663631622
0.8799130279512573
0.0
0.7199512494996284
0.7454333210770026
0.785594752091094
0.7279197410776358
0.682257742901128
0.860933123309249
0.7029187930880115
0.8327287021154945
0.7655659155659156
0.7239655636265806
0.9313688623757995
0.7908978174603174
0.872977433913604
0.792571898385852
0.8636234320444847
0.8778416529900975
0.9287603596010676
0.7553352675693101
0.7053344192201975
0.7656313813481344
0.8420360897982381
0.7527224546059511
0.7192283661355826
0.7762496649198312
0.7987457508584269
0.7449195626195854
0.8843075117370892
0.7251263911655595
0.8506376598629704
0.8509183201763744
0.8267711717156455
0.8542201106693323
0.8462582345191041
0.715918584339637
0.8145807670197914
0.7798206742235122
0.8602378926718598
0.8107776607776609
0.792114521186632
0.6720178598675801
0.7241800356506239
0.0
0.8267651723916944
0.8723073397031728
0.9097156953438175
0.8663225371120108
0.9369443965269392
0.7332163557201316
0.706547619047619
0.7989583888800014
0.7263468013468014
0.8368076982317021
0.7747677669552671
0.7422222222222222
0.0
0.7479114452798662
0.7061364439731354
0.7777437780497757
0.7754259538573264
0.8650542068181218
0.8247667039940277
0.7424394547888524
0.8680505379721982
0.7774349125053351
0.8094661629990197
0.8704258426422942
0.8337355836849508
0.8442388800283537
0.7304157846170547
0.7412192408909629
0.852419770805768
0.7721586417843764
0.6961962243110428
0.8988852476276964
0.7469831698382529
0.7572858433220223
0.7516964342871776
0.713330576233802
0.7302867383512545
0.7617024685424139
0.8741227577425758
0.8221223093654679
0.8819810395554103
0.7552756797128161
0.8527341640082914
0.7379013148911219
0.7285287649322737
0.7405423630461389
0.7564816884464483
0.6769081164058334
0.6900848478162948
0.7211582856569306
0.8536150008385042
0.9026842275505719
0.0
0.8370710400430936
0.86008069229464
0.9561170212765958
0.7806419683257918
0.8991199517781796
0.7114391473941745
0.8135945066285624
0.8297101449275363
0.8654194399472328
0.8518056959892147
0.799685936151855
0.7571847507331378
0.8689285714285715
0.8701505183413079
0.839059509569378
0.8747959531907464
0.7428255528255527
0.8603541180537552
0.7160415788734372
0.0
0.8713004054230787
0.8050840916541002
0.7254549808429118
0.8464896214896215
0.7765977629754719
0.7581361128416052
0.0
0.7300030459945172
0.8959723045731883
0.8380095003197223
0.7411231821984655
0.9177696927696928
0.7651909160105882
0.8934900732254786
0.9118054215555071
0.7130986820957892
0.9420368439346541
0.8088372828673205
0.7566339066339066
0.7412398324052845
0.8471771183277342
0.7740756046064803
0.7453879453879454
0.8700641376865311
0.8711801242236025
0.0
0.7422593279736137
0.8304383116883117
0.8907507129786129
0.866599054838106
0.80933890759808
0.8894015191199581
0.7703907203907203
0.773993399339934
0.8964341546936648
0.6722027972027972
0.8413399503722085
0.8367750658222444
0.7355291014340719
0.728307949360581
0.752203373015873
0.7581391875746716
0.7106958330104111
0.4
0.7012725844461901
0.7613705738705739
0.8781014438295643
0.7585264764193244
0.7229347640947029
0.7482987920036837
0.1
0.7031977703619495
0.8806880715784473
0.716819382891277
0.7675935608145295
0.8082568488388263
0.0
0.8667275042444822
0.8045808104331625
0.8215381670866695
0.6232771060357267
0.9170842619745845
0.7323549732277247
0.7442692799202256
0.7320455701603242
0.899805733238569
0.780303108416316
0.7742334739803094
0.0
0.7499397227245329
0.7361316742240501
0.9132191229226152
0.7352865497076023
0.7166485017544427
0.8607876427183723
0.7357142857142858
0.7953056268104987
0.844823335131865
0.8618210269703691
0.7467857365355263
0.7949284135330648
0.7961429813124729
0.6328864430263645
0.7573213251454676
0.7347531470008928
0.862222833058457
0.7094508301404853
0.705950691917011
0.8526679841897233
0.7003663003663004
0.7552617368655105
0.7642087932837492
0.654572940287226
0.8340636020667596
0.9605351170568562
0.9362962962962963
0.9461300309597523
0.9265141790173882
0.9171428571428571
0.9175989782886335
0.9091428571428571
0.9346324786324786
0.9028571428571429
0.858031488457452
0.9069272445820434
0.9505054945054945
0.9097491039426523
0.917919859514687
0.9327346743295019
0.8949342891278376
0.8831090407177363
0.8804905239687848
0.8831090407177363
0.9190635451505017
0.9093375848906196
0.9352380952380952
0.8612807881773399
0.934126984126984
0.9225422582826234
0.9492063492063492
0.8864049756498269
0.9217619047619048
0.9238505747126436
0.8730766045548655
0.848565176101408
0.848565176101408
0.9472934472934472
0.848565176101408
0.9023478835978836
0.9523809523809523
0.2
0.8832380952380953
0.9295031055900621
0.912111801242236
0.9295031055900621
0.8814814814814814
0.8193041526374859
0.9452307692307692
0.9452307692307692
0.9452307692307692
0.9452307692307692
0.9452307692307692
0.9452307692307692
0.9452307692307692
0.9115151515151515
0.8420634920634921
0.9447678992918961
0.7994058786741713
0.7826923076923077
0.8493390667303711
0.8366406540319583
0.811243828635133
0.8953535353535353
0.9436363636363637
0.9495989782886335
0.9453947368421053
0.9217864923747277
0.8068840579710145
0.9238174868609651
0.8752349100175187
0.9412087912087912
0.9139194139194139
0.8653198653198654
0.9476190476190476
0.910135841170324
0.9397058823529412
0.8292899005042932
0.9124741200828157
0.9111888111888111
0.9206349206349207
0.9454545454545455
0.8272727272727274
0.8546296296296297
0.9369458128078818
0.7905701754385964
0.812962962962963
0.8047252004249976
0.8391941391941391
0.9343031358885018
0.9011441702951136
0.8982905982905983
0.9142995169082125
0.7896441990644889
0.8998734759604325
0.8085269534544897
0.8878306878306879
0.7461659381949236
0.9408730158730159
0.8721611721611722
0.9065186751233263
0.9348214285714286
0.9048285048285049
0.9095904095904096
0.8874960610071218
0.8263247863247863
0.0
0.9247331615752669
0.8215007215007215
0.9095916429249762
0.9350574712643678
0.9321937321937321
0.9231028231028231
0.2
0.8307749766573296
0.9372380952380952
0.8938073908174692
0.8678571428571429
0.939941376783482
0.8350358422939068
0.8798174986580782
0.7994949494949495
0.906269592476489
0.8973753782449435
0.9200146520146519
0.915126050420168
0.915126050420168
0.9294117647058824
0.915126050420168
0.9008403361344538
0.915126050420168
0.9008403361344538
0.9121428571428571
0.9345238095238095
0.9011904761904762
0.9345238095238095
0.9345238095238095
0.9391304347826087
0.9074866310160428
0.799228012131238
0.9243021346469623
0.942353298875038
0.9334761904761905
0.9036789297658864
0.9018315018315018
0.9100175187131708
0.9172827172827173
0.8804713804713804
0.891080459770115
0.9371428571428572
0.8227739463601533
0.9368421052631579
0.9278817733990148
0.89527665317139
0.9368421052631579
0.875960591133005
0.7956349206349206
0.9264705882352942
0.8841830065359477
0.8449317738791422
0.8476612276612276
0.9015509788965167
0.8918181818181818
0.8744746481588588
0.9305797101449276
0.9305797101449276
0.9235507246376812
0.9235507246376812
0.8854603174603175
0.925
0.9456747181964573
0.7964867724867726
0.9295980148883375
0.8116420361247948
0.8952791461412151
0.935135135135135
0.8132385928247998
0.8986637931034483
0.8843205574912891
0.8685954180813641
0.9071428571428571
0.9172647803082585
0.9059757236227824
0.9223170988825639
0.9268214285714286
0.8863030303030304
0.8953559510567297
0.9065454545454545
0.9205128205128206
0.9205128205128206
0.809553872053872
0.9059757236227824
0.9059757236227824
0.8937933067964028
0.9059757236227824
0.8913266207383854
0.4
0.4
0.9015403225806452
0.9159498207885305
0.8961118012422361
0.8398730158730158
0.9179999999999999
0.4
0.888888888888889
0.9000565610859729
0.910974358974359
0.8855127991559777
0.8023684025581558
0.8785938199731304
0.881919413919414
0.921031746031746
0.9259352496926408
0.8727665317139001
0.9013755980861244
0.7944020908507194
0.7332046332046332
0.882051282051282
0.9172827172827173
0.7888888888888888
0.8102690058479532
0.7846700083542189
0.9127564102564102
0.8111607142857143
0.8171121846484166
0.9075925925925926
0.4
0.826984126984127
0.894984126984127
0.8724297924297925
0.7591060985797827
0.8768922305764412
0.8510565977232645
0.8331224599340542
0.8461216943975565
0.7607824274490941
0.8833498023715416
0.7316731845717354
0.8960317460317461
0.881353214686548
0.8860976751443282
0.8984432234432235
0.7125252525252526
0.889367816091954
0.8886113306982873
0.7884785619016064
0.8786080586080586
0.8539666831601518
0.7462962962962963
0.8685573685573685
0.901994301994302
0.7047619047619048
0.840621871871872
0.8887370556207964
0.7472996806330139
0.8671884057971015
0.8270436809567244
0.8863621262458472
0.7929004329004329
0.9150804597701149
0.8800699300699301
0.8934731934731935
0.8771714142928536
0.9230848861283644
0.8693913929208047
0.8866304347826087
0.905944055944056
0.782717086834734
0.8719276725273727
0.7733528193886251
0.873015873015873
0.8622710622710623
0.9081918081918082
0.8962393162393162
0.8985801217038539
0.6878030782205355
0.7724640950447401
0.8881237952452344
0.8119027925479538
0.7013864271928788
0.8997760859829825
0.8509803921568627
0.762042402042402
0.8838721664808622
0.0
0.8503828313635786
0.8387878787878787
0.8087542087542088
0.9130952380952382
0.7669161248108616
0.8009194108265315
0.7297844274588461
0.8686274509803922
0.0
0.8927407407407407
0.8495238095238096
0.8822144249512671
0.8581481481481482
0.8855403225806452
0.8966666666666667
0.8839831697054699
0.7294470324361629
0.8662396480331263
0.2
0.8392380952380953
0.876984126984127
0.8813600891861761
0.798925848925849
0.8894137931034481
0.8682051282051282
0.2
0.89
0.9096153846153847
0.8867166286521125
0.0
0.9064285714285715
0.8949019607843137
0.9041353383458647
0.8514479905437353
0.8611111111111112
0.8802574002574002
0.8565217391304347
0.8116359447004609
0.689051689051689
0.8788571428571429
0.8551282051282051
0.6896710374971246
0.7956337569240794
0.8825075075075075
0.8967391304347826
0.8369238604532723
0.8369238604532723
0.8894285714285715
0.8813577421815408
0.8745977011494254
0.8559924026590693
0.9084761904761904
0.8014761904761905
0.7242899584076055
0.9019713261648746
0.8414835164835165
0.8507968293700459
0.2
0.7222314768541654
0.7782886334610473
0.8527640941434045
0.8757142857142857
0.8342857142857143
0.7730718954248366
0.8986906710310966
0.8585600375234522
0.8671839080459771
0.8929339477726574
0.8788421297372704
0.878997975708502
0.8861871874255776
0.8513102680071827
0.8004719004719004
0.7407407407407408
0.8480392156862745
0.8850877192982456
0.8878306878306879
0.911166805903648
0.8879419191919192
0.8607843137254902
0.8908201058201058
0.748299770358594
0.0
0.8967701863354037
0.7799946018893387
0.794029689608637
0.8334841628959275
0.7514005602240896
0.8464197530864197
0.8483000980712652
0.8361349527665317
0.8428947368421053
0.8505747126436781
0.7618702865761688
0.734621212121212
0.8569985569985569
0.7297979797979798
0.8977874276261373
0.8300044782803404
0.8277175697865353
0.7823295759527643
0.8266724503566609
0.7869321231640072
0.8422162190794004
0.8431547619047619
0.8721592985020096
0.7215034965034964
0.4
0.8547749025168381
0.867251461988304
0.8658119658119657
0.8241975308641976
0.863030303030303
0.89
0.8670846394984326
0.8669378214118748
0.896048166392994
0.8498168498168498
0.6955674816139933
0.8930827067669173
0.8383526383526384
0.829857142857143
0.7678947368421053
0.8784090909090909
0.8535185185185185
0.8043524677671019
0.4
0.9111111111111111
0.8159064327485379
0.6733497133497134
0.764012595591543
0.734288295263905
0.681171231481212
0.7851956093442162
0.8385017421602787
0.4
0.7671205793943796
0.8348768340288061
0.8744224815432246
0.8559218559218559
0.7392466868170193
0.8486928628708901
0.8624384236453202
0.4
0.77989417989418
0.866256157635468
0.8624201680672269
0.8314814814814814
0.7913973494536155
0.8410101010101011
0.7905916305916306
0.6924737392069517
0.7561660561660563
0.4
0.8571988434057399
0.6725308641975308
0.8675410008410429
0.8273375507368267
0.8014761904761905
0.8505877616747182
0.6877820247385463
0.8469216808599749
0.8397297297297298
0.4
0.2
0.8054834054834055
0.7829072082835523
0.80207991242474
0.8198717948717948
0.2
0.7914529914529915
0.7282807212719603
0.8171428571428571
0.6860507246376812
0.8780526999881838
0.8328710359408034
0.8446087246087246
0.6768627450980392
0.7457653457653457
0.7560504201680672
0.7120149602618046
0.6967636590278099
0.7628593628593628
0.4
0.8571794871794871
0.4
0.0
0.8456638655462185
0.6711401009646624
0.8392380952380953
0.2
0.8760722066604419
0.8188505747126437
0.7703059581320452
0.853409090909091
0.7383609854198089
0.6503780195463765
0.836956736956737
0.7634291725105189
0.2
0.723102453102453
0.6007549051027312
0.8637806637806638
0.7015539151245491
0.8392260015117158
0.866455781397227
0.756910052910053
0.0
0.4
0.8456927733077434
0.839317438055166
0.7550617283950618
0.7790120558117404
0.8080647773279352
0.8381720430107527
0.8472256565883631
0.679342403628118
0.6474662592309651
0.6853305424733996
0.5430555555555555
0.8433659673659675
0.0
0.8450742240215925
0.8399604803161576
0.875187969924812
0.8387209960384833
0.8595849802371541
0.7676011595491465
0.8740016443504816
0.4
0.7896916724307783
0.8482758620689655
0.8129148629148629
0.6663978494623656
0.872172578257771
0.8423076923076923
0.788760918272979
0.7610793287566743
0.7399766081871345
0.8038518518518518
0.7742222222222221
0.2
0.858095238095238
0.8502456140350878
0.74156321035146
0.8298199767711962
0.8612280701754387
0.4
0.8325537634408603
0.5490544201583419
0.7607651607651608
0.8068943402276736
0.7262854433380749
0.8441483910637426
0.6638888888888889
0.8859717868338559
0.8350582750582751
0.8597801099450274
0.7867302723116676
0.8428809523809524
0.8605128205128205
0.7252390234846374
0.796923076923077
0.597041847041847
0.4
0.8369047619047619
0.7392857142857143
0.7901960784313726
0.8370656370656371
0.801309067688378
0.7628459383753501
0.8354106280193238
0.2
0.728042328042328
0.6441973327219229
0.687908496732026
0.8373179665862593
0.8012560386473431
0.8393602693602694
0.0
0.8439102564102564
0.7810533610533611
0.8401465201465201
0.6230842911877393
0.6607119791263014
0.6659824849480022
0.7201872201872201
0.8184796380090498
0.7330065359477125
0.6849890530925014
0.8586510041682456
0.7490511886913687
0.8562190890972171
0.8381362889983579
0.6658730158730158
0.8343589743589744
0.4
0.5932832080200501
0.6892978700043918
0.8365967365967366
0.7361935311414061
0.6914351851851852
0.7484484971891462
0.7372518839185507
0.687936507936508
0.7225730994152048
0.6818513464854928
0.8478030303030304
0.750334832583708
0.0
0.4
0.0
0.8150582750582751
0.7297354497354498
0.6687739463601532
0.8394667531099315
0.6363130047340574
0.5948704152093983
0.7856424845898531
0.631369798971482
0.6964259530791789
0.8334125569419687
0.8483295194508009
0.7302386400784571
0.4
0.7314009661835749
0.8096491228070175
0.4
0.63675645342312
0.7485428392745466
0.7665894465894465
0.6618566618566618
0.8391141672565476
0.7627149074019866
0.7517159903124816
0.7000854411503926
0.8431884057971015
0.6318257359924027
0.6887939221272554
0.8380915156760379
0.4
0.860927960927961
0.7618451723714881
0.7517368299976996
0.8711538461538462
0.7533333333333334
0.2
0.7511664295874823
0.7815996034041147
0.5113553113553113
0.5808661145617667
0.665945165945166
0.7131080389144905
0.7850485746137921
0.7831848438300052
0.7088127558715793
0.7814236364520994
0.7112150747238466
0.7547892720306514
0.7123931623931624
0.2
0.6805555555555555
0.7961111111111111
0.5368423846684717
0.7958462332301341
0.7232451499118165
0.2
0.0
0.7116531165311653
0.2
0.6312418300653594
0.8136752136752137
0.1
0.6501341589267285
0.4
0.0
0.2
0.6654761904761904
0.7295238095238095
0.7294685990338163
0.7604884004884004
0.6233870967741936
0.8330272108843537
0.7192791889483066
0.0
0.7014909189482245
0.7142605730627509
0.6877820247385463
0.7012800819252433
0.8279228243021346
0.4
0.8187969924812031
0.8191436445519931
0.5741384863123994
0.0
0.852779676463887
0.8194285714285714
0.8061547148503669
0.0
0.0
0.7883333333333333
0.7603258390355164
0.603133903133903
0.73789592760181
0.0
0.4
0.8079106858054226
0.8207971014492753
0.8307881773399015
0.7445352449223417
0.0
0.6753387533875338
0.4
0.728832498400362
0.2
0.7653763440860215
0.7228375711134333
0.6721050454921422
0.633935508935509
0.7024210357543691
0.7806377806377807
0.6207047991155937
0.0
0.5642857142857144
0.7043142043142043
0.7374405046571475
0.6365914786967419
0.7796969696969698
0.6936507936507935
0.7733528193886251
0.8319851576994435
0.5562770562770564
0.7184331667090287
0.7251461988304093
0.6761904761904761
0.0
0.7520066889632108
0.7190324295587452
0.6939897910383666
0.7578736078736078
0.6306935817805382
0.7540116959064328
0.8286483253588517
0.680672268907563
0.2
0.2
0.665984555984556
0.734065934065934
0.4
0.645537531251817
0.6616309291747888
0.62007062007062
0.7888130686517784
0.6818645948945616
0.6787209569818266
0.2
0.7442929697941726
0.7979166666666666
0.6022041062801933
0.6050623624358034
0.659018759018759
0.6970899470899471
0.7035696329813976
0.5763888888888888
0.6911147600802773
0.6378575418173266
0.7077067669172933
0.2
0.4
0.6486928104575164
0.8675124349140981
0.8607686588832909
0.8734472520505764
0.9142901522211867
0.8171215234813671
0.8940240056962669
0.7519650937297996
0.6832250934281286
0.82253193408415
0.8106586007664291
0.8560598147851312
0.7547042196648496
0.9543720190779015
0.8005766540795084
0.7030204778536877
0.8736968415468098
0.839624313104629
0.7534275883494236
0.8563481512331907
0.8081705764684488
0.7735372323016425
0.8211921440854376
0.8841864018334608
0.6919310614962789
0.7524165819016893
0.8513545802138426
0.6794469049335667
0.8206083870925659
0.0
0.2
0.7720701755840272
0.8497185270869482
0.8782738165575592
0.878281441733741
0.7659687672747375
0.8879361508382881
0.815173405211141
0.8838271472630062
0.7699102312061029
0.8060738347915012
0.763683817030499
0.8811917852928624
0.9067920585161965
0.7495909838742928
0.8797933017682978
0.8687018505421971
1.0
0.7279220543532509
0.8878673899939723
0.8976267255402001
0.8235260599966483
0.7922443086433076
0.7937057496587214
0.7804366110080396
0.8432107637989991
0.8817904669170492
0.7107357357357357
0.6622074636306136
0.7988239165251454
0.7540237188873764
0.740231291313305
0.8852448284891332
0.860875485421669
0.8682520953369782
0.9024867724867726
0.7795222778526195
0.8816667019421256
0.8521081118156015
0.854862071573011
0.8373545019412189
0.7556103859056362
0.9038032268941876
0.7744055741938931
0.0
0.8854066807232592
0.8792563472002366
0.8315938004617962
0.8401452790149944
0.8127739350505674
0.881128024980484
0.852078746467172
0.884622455190232
0.8800309668706785
0.875686956818395
0.8222952988611051
0.9160620447893267
0.8528822909664009
0.6978871910960196
0.757912457912458
0.8817608500485777
0.8724295193161263
0.9017080497235803
0.8196662802064153
0.7599235872995335
0.7428961711139929
1.0
0.8915655124263545
0.8038039712999288
0.9923076923076923
0.7811048200228375
0.8701937804767744
0.8641285833957649
0.8700006615440958
0.879956747547553
0.8169629100131358
1.0
0.8612045601535792
0.7587469555380565
0.7974988897338129
0.8411207392783033
0.8321358581715431
0.8101448711968071
0.8649037463868705
0.8746000408914332
0.8923345195296305
0.8468652482269503
0.7824970963995354
0.697252090800478
0.9255672385168788
0.2
0.6211189040646405
0.716822455009401
0.734888720780915
0.8079093508079683
0.886839938857954
0.8107538710860334
0.754014943534357
0.8788366371717254
0.7652205433455433
0.4
0.7891243296426302
0.8841210798231373
0.8458831168831169
0.855278088839119
0.8708577023770668
0.8566025274518476
0.9014327553400259
0.7920965276971618
0.717140164735446
0.8788574768061947
0.9251790633608816
0.8235788713133537
0.868293575372044
0.7607409236908826
0.911126105862948
0.9007870304370665
0.8687844611528822
0.8884688654777478
0.8811664237128289
0.8393036472436732
0.7969234690791577
0.4390216154721274
0.8662848183589429
0.9529576806172552
0.7960396171361414
0.8959905259367332
0.8738672478679872
0.9923076923076923
0.7954909041489507
0.8402327894817477
0.852126871684656
0.7411764705882353
0.9315412186379929
0.7943189193999675
0.7940070540528207
0.7210930138645847
0.7072542467279309
0.7362792867509849
0.853329230524104
0.8705493824489983
0.8441655816400342
0.3880281690140845
0.8964273707421527
0.7489561977513784
0.8165851711301931
0.8389574336286265
0.8462741918766692
0.7280221219400852
0.7777485571220594
0.9314893617021277
0.8028186738886536
0.9083856940196896
0.7658736784569768
0.8303035451353494
0.8534269182184915
0.8115367171566994
0.7853174603174603
0.7920516477586096
0.8895378828105683
0.7894116688326449
0.7038126889612037
0.8108254340826337
0.7638987828861247
0.8724717283574753
0.8343592805192991
0.7651585362428737
0.9584889274858879
0.7707852292020373
0.875276929613929
0.783476574835997
0.8571037763901279
0.4
0.8304062566857632
0.8413014972344077
0.9870967741935484
0.774175948739007
0.7695685579196218
0.825305944055944
0.8349821254468639
0.862279335718003
0.7988304093567251
0.9194287898645697
0.8895992498588158
0.7668418553313825
0.8589795557203532
0.9559021189222314
0.8088341058730258
0.8378888888888889
0.7396273534289337
0.8757976226069035
0.8773156008300321
0.8688852110113452
0.7501058245481467
0.8564080459770115
0.8660582644560735
0.7549483157225761
0.8831949282867275
1.0
0.7980294489628763
0.8698433652425859
0.8102315508912211
0.9388948039027456
0.8067497296128056
0.8560309013741073
0.2
0.7480520724486242
0.3877926421404682
0.7761142247918853
0.8893486098656206
0.874703368526898
0.9785623533630051
0.8778418083147512
0.8169872805634396
0.7625793088060889
0.8693931202895544
0.8097465200318318
0.8842289894014032
0.897687984496124
0.7348152743314035
0.8397928221204083
0.7646209877994399
0.7957031569487509
0.88209500343938
0.8731847579948846
0.8572243485044246
0.9862068965517241
0.8940725116165321
0.8786243386243386
0.9737486095661847
0.831534448641842
0.0
0.4
0.873470464135021
0.8209040286567737
0.7921263234260582
0.8572494261627308
0.8881795690702173
0.8659927386910018
0.7953348968381757
0.6599186441577746
0.9270745272525028
0.8144053046000829
0.7985988370603755
0.8892217216163487
0.8822391254396424
0.823307999594102
0.7467457506892274
0.8831372549019607
0.8720316769263563
0.9195281018027572
0.8616136440498966
0.7934792549386589
0.7510736137386395
0.9836336336336337
0.7764240967365966
0.7956092808701439
0.8951804579133771
0.7744815940560622
0.9261488599100131
0.8635158150851582
0.9020448920722866
0.7996712499846951
0.4
0.7769251164303391
0.869216293116358
0.3878226711560045
0.95354724324778
0.8153324838022594
0.7710452347725576
0.7263519306170042
0.8508558265838208
0.7227171005187615
0.4
0.8882051282051283
0.7535131535131535
0.8824904515534849
0.7024968866749689
0.9135349534953495
0.8704977707545571
1.0
0.8426972055781168
0.8100703079426483
0.8432336220179587
0.8386675501272867
0.8127079818147731
0.8327188452487453
0.8630943471536197
0.8840011736640004
0.874193448987767
0.7526234667855217
0.909606039080382
0.6518472566859664
0.8935931715343479
0.8067863793562118
0.8587822790807865
0.802992438063605
0.8787925247391566
0.826100550171877
0.7273293726483722
0.8579924251347326
0.8414036304280207
0.8624932614555256
0.6577461051514347
0.8010803530962959
0.3877926421404682
0.0
0.8796730078098003
0.797698434506536
0.7511001854039314
0.0
0.798035801661701
0.77423773524748
0.8735025519504193
0.8448579285573458
0.8674550101148355
0.7900273925697654
0.8862183269603173
0.7752847999604615
0.6745555356708118
0.8803026580113891
0.877035203520352
0.8739611064968478
0.8387985872011815
0.8718637736114038
0.7533288012867221
0.8704685705468735
0.8249327323083513
0.9908250702746115
0.7621858896829058
0.8429967408054118
0.8788496859535592
0.8487323000382702
0.8766963436391771
0.8767558528428093
0.8603336300582324
0.8777043673012318
0.8059523809523811
0.8913277613265348
0.6297929341228017
0.859545406824147
0.7697585374811914
0.9005744336569579
0.7739061109143611
0.8487026426371125
0.795702436302771
0.8450336444173936
0.8767733327118268
0.7606762065095398
0.836619803745648
0.8087901601066289
0.8423507082639236
0.8669570477918935
0.7454092898606101
0.7832453585391348
0.728451733405156
0.888273679653361
0.8364881862995069
0.7496824370402765
0.8656613967527732
0.4
0.8041470548387355
0.7717965707050656
0.8567323573573573
0.863526155366999
0.8906616625842433
0.7685182282482333
0.7453199778848978
0.8356018708959885
0.7963312633642303
0.8134767434908677
0.671957671957672
0.8713885965109824
0.887392981197306
0.8071148849822686
0.8774801843591653
0.8660209846650525
0.828962793715269
0.8503286414195373
0.8776448426204986
0.8670813397129187
0.7522953893398204
0.9427665317139
0.8931777845456919
0.8397721216019299
0.80917143911424
0.8840262387479821
0.7760100371322151
0.8807497076827843
0.858864318479493
0.8709592562699908
0.0
0.8461362490559572
0.7525397166287711
0.8931634018807721
0.8424305618635258
0.770571659092016
0.7231639062957763
0.79457253744058
0.8607686588832909
0.9220324689015391
0.8478795869039772
0.8885397974390948
0.866236911936782
0.7712102391136155
0.782860302758001
0.8689181268505147
0.7885761255942388
0.8530507577261598
0.8708275268143741
0.0
0.7226077363794884
0.7953271604938271
0.7791041951869978
0.7797515040874577
0.7743520946645946
0.8579370466618836
0.87627860445364
0.6708994708994709
0.8406810021562645
0.8652469394404878
0.8082571218332809
0.8453846944238028
0.8570264292196008
0.8679719222280255
0.7565038949320569
0.8768679411719974
0.8809736929736931
0.7738177345243518
0.0
0.8552663831014347
0.8070440593045575
0.6635625720132762
0.7685024154589372
0.9058578650014867
0.7687821208630164
0.8817193610036504
0.7795893120437299
0.8585810860595342
0.891799265353273
0.7962007813684594
0.8027529219416274
0.850345458240195
0.8659916156911887
0.6972210698286202
0.8587688376113345
0.8314082206826751
0.7758847671079964
0.8694692642739924
0.7576030432604138
0.725742421924827
0.8759064261249878
0.8759755796363187
0.4
0.8658348010737141
0.8187695025732091
0.8523554743573014
0.8663892117345467
0.90062558356676
0.8399026543321846
0.8096704277427169
0.8332468398256302
0.8936114927282203
0.8667484815708462
0.8561859240471948
0.8701287262872628
0.717135832979367
0.8647541628351135
0.8415421160760144
0.7595232050677595
0.7178237771061521
0.8684847262828914
0.8492084078711986
0.7758749716448872
0.8839973877951232
0.6515004759376123
0.8382582938677714
0.7443442381373415
0.8050860859939428
0.7881830339212034
0.8607569440248153
0.8814295596513827
0.8783029804510121
0.7357210806697108
0.7527101457737295
0.8378672454331706
0.7702269194927749
0.0
0.8659048338426206
0.7549222101532757
0.0
0.7011671250068306
0.842671783625731
0.8585599445599446
0.7453882105118631
0.6988708329964698
0.8619947017268446
0.7611510453380713
0.8673166015089323
0.8739912635952239
0.7756154617355464
0.8626190036927384
0.8783152501506931
0.8022070740823671
0.7584744499581668
0.763355031890414
0.8747841403339675
0.811332138590203
0.839883655733109
0.7264708870759952
0.7901865303560219
0.3878684807256236
0.724783636550519
0.7897835584268648
0.8677600886347407
0.7363028460256992
0.8724386605524567
0.8147035559803358
0.8287841195490615
0.840162453779475
0.8115792089047903
0.770493541546173
0.857407398020605
0.7582002016391978
0.784465553826287
0.7808092764503886
0.8961219580619938
0.8423758129237581
0.855659681420551
0.8679987750113248
0.7750771108856916
0.858389319054035
0.7499739018961838
0.7589833147432121
0.7958617899045072
0.794589027646394
0.7324603478179915
0.6937158102412339
0.8602186157857773
0.8386883338810385
0.8876854020296643
0.8626514523492289
0.8377879048176127
0.8661029134408181
0.7389486746393553
0.9214505494505495
0.8271278890600925
0.8584301945931827
0.759669768290458
0.7720270849202638
0.904183930226431
0.7527915123272138
0.8342933777648937
0.8692477993567509
0.8730939905317391
0.8512468336616943
0.9078535556693239
0.7714278861391651
0.9131527494413679
0.6801301423942933
0.7321462311216408
0.8741638395338586
0.8816764644454274
0.8724596662535474
0.862911669780668
0.879956747547553
0.8698168415970515
0.8726832323119181
0.8693785070078721
0.7705214305214305
0.2
0.8378480789706272
0.9785714285714285
0.8748207056101792
0.7170087379108282
0.8720156337241765
0.7441741561510001
0.8748523739358518
0.7790470420321806
0.8825306169542929
0.77359776603411
0.868752310924835
0.0
0.8864098116552465
0.9575989782886334
0.7789277395571551
0.8981744421906693
0.7762667128338769
0.8998561978717284
0.7603103017926026
0.8125095708074432
0.8358295172248661
0.9278460278460279
0.8828988413962947
0.8996690244227946
0.9095989782886335
0.8035966599788238
0.7729141033185328
0.7802535274102672
0.8629920977975856
0.8847693507782861
0.9146829810901002
0.8590045053758242
0.8912043474464126
0.7090379223000379
0.874526791323437
0.8803751181921584
0.8658294136331873
0.8208671765497255
0.874298853633487
0.7984014916334053
0.7639471728423476
0.8088417261636504
0.7629952181346386
0.8807551743887055
0.8693401599602032
0.8775384788226042
0.8024236169747005
0.8674796390050628
0.8117408639970094
0.8126210123540584
0.881162850723592
0.804290207515026
0.8903071957051999
0.785459110620193
0.8822422449962171
0.8838522711272564
0.5541628585106847
0.770058720878393
0.8593892941403053
0.8200256943141193
0.7722151644252815
0.8851723826986083
0.8702785830682371
0.8094079374060185
0.7399690402476781
0.8538482288894856
0.8466234525264332
0.8101375930711182
0.873644158037747
0.8617313467313468
0.0
0.7757662835249042
0.7568269913345119
0.8845001382338127
0.7775128032522901
0.7976930974922136
0.2
0.8017751479289941
0.8681959167024246
0.8472222222222222
0.7498999024401248
0.937357910906298
0.8551408639114786
0.888789075022917
0.8718637736114038
0.8248804202932644
0.8731456947944196
0.9388948039027456
0.6875393588092171
0.4
0.8672187653730075
0.7514709672316907
0.8753305957082623
0.2
0.8591841673148388
0.7726642219432414
0.7393615257048092
0.7880960174577196
0.7676788812456952
0.3882533825338254
0.944947209653092
0.7324951133945379
0.8735167484522713
0.8524232147175775
0.8858340577610354
0.7745098039215685
0.8781753924770669
0.7728068404404915
0.8806579083174828
1.0
0.7615552046277939
0.6695665445665445
0.8893486098656206
0.9826086956521739
0.9476166658948115
0.8533302101633158
0.7979012850177806
0.8738793384832989
0.7545315077850215
0.9568082222012043
0.6740118269530034
0.8523630167697964
0.8180360709581168
0.9958333333333332
0.7924649130515321
0.7527405714551394
0.8676709497399152
0.8828822941901484
0.8756349206349207
0.7348614749543542
0.6812632008731224
0.9904761904761905
0.7678724666676473
0.30000000000000004
