0.42857142857142855
0.0
0.0
0.6666666666666666
0.0
0.0
0.0
0.16666666666666666
0.0
0.16666666666666666
0.125
0.625
0.42857142857142855
0.2857142857142857
0.0
0.2
0.0
0.5
0.0
0.6666666666666666
0.2
0.0
0.0
0.0
0.0
0.7777777777777778
0.5
0.25
0.5714285714285714
0.6
0.0
0.2
0.0
0.0
0.0
0.0
0.25
0.0
0.5
0.5
0.0
0.0
0.0
0.09090909090909091
0.0
0.0
0.625
0.0
0.5
0.36363636363636365
0.0
0.0
0.7142857142857143
0.0
0.0
0.0
0.16666666666666666
0.0
0.42857142857142855
0.0
0.0
0.0
0.25
0.2
0.0
0.6666666666666666
0.6666666666666666
0.0
0.16666666666666666
0.16666666666666666
0.0
0.2
0.0
0.0
0.3333333333333333
0.25
0.0
0.0
0.0
0.25
0.14285714285714285
0.42857142857142855
0.0
0.0
0.6666666666666666
0.0
0.0
0.0
0.0
0.25
0.2857142857142857
0.0
0.0
0.2
0.0
0.6
0.5
0.42857142857142855
0.0
0.16666666666666666
0.0
0.2
0.0
0.18181818181818182
0.6666666666666666
0.0
0.0
0.3333333333333333
0.16666666666666666
0.4
0.5
0.0
0.0
0.0
0.0
0.25
0.3333333333333333
0.0
0.0
0.0
0.16666666666666666
0.0
0.0
0.0
0.14285714285714285
0.0
0.5
0.0
0.4
0.0
0.125
0.0
0.6
0.42857142857142855
0.2857142857142857
0.0
0.25
0.5714285714285714
0.7142857142857143
1.0
0.0
0.0
0.0
0.25
0.2857142857142857
0.0
0.4
0.0
1.0
0.0
0.3333333333333333
0.0
0.14285714285714285
0.8333333333333334
0.0
0.0
0.2
0.0
0.0
0.0
0.0
0.2857142857142857
0.3333333333333333
0.4
0.16666666666666666
0.3
0.0
0.875
0.14285714285714285
0.0
0.0
0.0
0.2727272727272727
0.2222222222222222
0.0
0.25
0.0
0.4
0.0
0.1
0.0
0.42857142857142855
0.0
0.2
1.0
0.16666666666666666
0.75
0.6
0.0
0.0
0.0
0.0
0.2
0.3333333333333333
0.25
0.0
1.0
0.0
0.5
0.25
0.5555555555555556
0.4
0.0
0.0
0.0
0.0
0.2
0.3333333333333333
0.0
0.0
0.0
0.0
0.5
0.16666666666666666
0.0
0.5
0.42857142857142855
0.14285714285714285
0.5714285714285714
0.5
0.3333333333333333
0.5
0.6
0.4
0.0
0.0
0.75
0.42857142857142855
0.0
0.2
0.3333333333333333
0.625
0.0
0.5
0.0
0.0
0.0
0.36363636363636365
0.25
0.0
0.0
0.0
0.16666666666666666
0.0
0.16666666666666666
0.0
0.375
0.0
0.0
0.3333333333333333
0.4444444444444444
0.5
0.6666666666666666
0.0
0.5833333333333334
0.0
1.0
0.25
0.0
0.0
0.0
0.4
0.16666666666666666
0.0
0.0
0.625
0.2
0.75
0.3333333333333333
0.0
0.0
0.0
0.3333333333333333
0.0
0.3333333333333333
0.2
0.2
0.0
0.5
0.0
0.3333333333333333
0.0
0.0
0.0
0.0
0.0
0.0
0.0
1.0
0.2
0.4
0.0
0.0
0.0
0.0
0.3
0.0
0.625
0.0
0.0
0.0
0.14285714285714285
0.0
0.0
0.2
0.6666666666666666
0.5
0.3333333333333333
0.4
0.16666666666666666
0.0
0.6
0.0
0.0
0.0
0.16666666666666666
0.0
0.5
0.25
0.6
0.0
0.2
0.5
0.0
0.5
1.0
0.0
0.0
0.0
0.0
0.5
0.375
0.2
0.0
0.0
0.0
1.0
0.0
0.0
0.0
0.3333333333333333
0.25
0.0
0.0
0.0
0.0
0.0
0.0
0.5
0.42857142857142855
0.0
0.5
0.0
0.4
0.3333333333333333
0.5
0.0
0.8333333333333334
0.2
0.6
0.0
0.14285714285714285
0.0
0.5555555555555556
0.0
0.14285714285714285
0.0
0.0
0.0
0.42857142857142855
0.75
0.0
0.0
0.5
0.0
0.75
0.0
0.5
0.0
0.2857142857142857
0.0
0.0
0.0
0.0
0.625
0.0
0.0
0.2857142857142857
0.75
0.25
0.0
0.0
0.5
0.25
0.5
0.5
0.2
0.0
0.5
0.2222222222222222
0.0
0.0
0.0
0.4
0.0
0.0
0.0
0.0
0.0
0.0
0.0
0.16666666666666666
0.5
1.0
0.0
0.0
0.0
0.6666666666666666
0.0
0.16666666666666666
0.5
1.0
0.3333333333333333
0.0
0.5555555555555556
0.3333333333333333
0.0
0.0
0.0
0.0
0.7142857142857143
0.0
0.0
0.2222222222222222
0.0
0.0
0.3333333333333333
0.0
0.0
0.25
0.4
0.0
0.0
0.0
0.0
0.0
0.0
1.0
0.5
0.2222222222222222
0.0
0.5
0.2
0.0
0.5
0.4
0.0
0.0
0.0
1.0
0.0
0.0
1.0
0.2
0.3333333333333333
0.0
0.0
0.2
0.6666666666666666
0.5
0.25
1.0
0.0
0.0
0.0
0.0
0.6
0.14285714285714285
0.0
0.16666666666666666
0.0
0.0
0.0
0.2
0.0
0.3
0.3333333333333333
0.5555555555555556
0.0
0.3333333333333333
0.25
0.25
0.1111111111111111
0.16666666666666666
0.0
0.6666666666666666
0.0
0.5
0.0
0.0
0.0
0.2
0.0
0.0
0.5
0.5714285714285714
0.0
0.0
0.0
0.0
0.0
0.2857142857142857
0.3333333333333333
0.0
0.6
0.0
0.2
0.125
0.5
0.0
0.0
0.0
0.16666666666666666
0.0
0.3333333333333333
0.0
0.0
0.3333333333333333
0.0
0.0
0.0
0.0
0.3333333333333333
0.4
0.0
0.0
0.0
0.0
1.0
0.3
0.0
0.0
0.0
0.25
0.0
0.0
0.25
0.0
0.0
0.16666666666666666
0.5
0.5
0.5
0.0
0.5
0.7142857142857143
0.0
0.0
0.14285714285714285
0.0
0.42857142857142855
0.6666666666666666
0.0
0.0
0.5
0.0
0.5
0.2857142857142857
0.5
0.0
0.6666666666666666
1.0
0.0
0.0
0.0
0.0
0.0
0.0
0.14285714285714285
0.0
0.0
0.5
0.0
0.0
0.0
0.75
0.2
0.75
0.3333333333333333
0.0
0.0
0.0
0.0
0.9
0.0
0.5
0.0
0.2
0.0
0.25
0.25
0.0
0.125
0.375
0.6
0.14285714285714285
0.0
0.0
0.4
0.25
0.3333333333333333
0.0
0.5714285714285714
0.0
0.25
0.0
0.25
0.14285714285714285
0.5
0.0
0.0
0.3333333333333333
0.0
0.6666666666666666
0.5714285714285714
0.0
0.0
0.0
0.0
0.7
0.0
0.0
0.0
0.625
0.0
0.0
0.25
0.25
0.16666666666666666
0.0
0.0
0.0
0.0
1.0
0.5
0.0
0.25
0.25
0.0
0.0
0.0
0.125
0.0
0.2
0.0
0.3333333333333333
0.0
0.5555555555555556
0.0
0.3333333333333333
0.0
0.0
0.0
0.5
0.0
0.16666666666666666
0.25
0.3333333333333333
0.0
0.0
0.25
0.0
0.42857142857142855
1.0
0.6666666666666666
0.25
0.14285714285714285
0.0
0.14285714285714285
0.5
0.0
0.0
0.0
0.0
0.6
0.0
0.4444444444444444
0.25
0.5
0.3333333333333333
0.6
0.0
0.0
0.0
0.0
0.0
0.5
0.16666666666666666
0.0
0.0
0.0
0.0
0.25
0.14285714285714285
0.2
0.5
0.4
0.0
0.1
0.0
0.375
0.0
0.6666666666666666
0.0
0.5
0.0
0.0
0.45454545454545453
0.0
0.2
0.6666666666666666
0.4
0.0
0.2
0.3333333333333333
0.25
0.5
0.16666666666666666
0.0
0.0
1.0
0.0
0.45454545454545453
0.0
0.0
0.0
0.3333333333333333
0.0
0.0
0.25
0.0
0.125
0.0
0.0
0.0
0.0
0.0
0.0
0.0
0.2222222222222222
1.0
0.6666666666666666
0.0
0.6666666666666666
1.0
0.0
0.0
0.0
0.0
1.0
0.0
1.0
0.0
0.0
0.0
1.0
0.0
1.0
0.0
1.0
1.0
0.0
1.0
1.0
0.0
1.0
0.0
0.0
0.0
1.0
1.0
1.0
1.0
1.0
0.0
0.5
1.0
0.0
0.0
0.0
0.0
1.0
0.0
1.0
1.0
1.0
1.0
1.0
1.0
1.0
1.0
0.0
1.0
0.3333333333333333
0.0
0.0
0.0
1.0
0.0
0.0
0.0
0.0
0.0
0.0
0.0
1.0
0.0
0.0
0.0
0.3333333333333333
1.0
0.0
0.0
0.0
1.0
1.0
0.0
0.0
0.0
0.0
0.0
0.0
0.0
0.0
1.0
0.6666666666666666
1.0
0.0
0.0
0.0
1.0
1.0
0.0
1.0
0.0
1.0
1.0
0.0
1.0
1.0
1.0
0.0
0.0
0.0
1.0
0.0
1.0
0.0
0.0
0.0
0.0
0.0
0.0
1.0
0.0
0.0
0.0
0.0
1.0
0.0
0.0
0.0
0.0
0.0
0.0
0.0
0.0
0.0
1.0
1.0
0.0
1.0
0.0
0.0
0.5
0.0
0.0
0.0
1.0
0.0
1.0
0.0
1.0
0.0
0.3333333333333333
0.0
0.5
0.0
0.0
0.5
0.3333333333333333
0.0
0.0
0.0
0.0
0.25
0.0
0.0
0.0
1.0
1.0
1.0
1.0
1.0
0.0
0.0
0.0
0.0
0.0
1.0
0.0
0.0
1.0
0.0
0.5
0.0
0.0
0.0
1.0
1.0
0.0
1.0
1.0
0.0
1.0
0.0
0.0
0.0
0.0
0.0
0.0
0.5
0.3333333333333333
0.0
1.0
0.0
1.0
0.0
0.0
0.0
0.0
0.0
0.0
0.0
0.0
0.0
0.0
0.5
0.0
0.0
0.0
0.5
1.0
0.0
0.0
1.0
0.0
0.0
0.0
0.5
0.0
0.0
0.0
0.0
0.0
0.0
0.0
1.0
0.0
0.0
0.0
0.0
0.0
1.0
0.0
1.0
0.0
0.0
0.0
0.0
0.0
0.3333333333333333
0.0
0.0
0.0
1.0
0.0
0.0
0.0
0.0
0.0
0.0
0.0
1.0
0.0
0.3333333333333333
0.0
1.0
0.0
0.5
0.0
0.0
0.0
0.5
0.5
0.0
0.0
0.0
0.0
0.0
0.0
0.0
0.0
0.0
0.0
0.0
1.0
0.0
1.0
0.0
0.0
0.0
0.0
0.0
1.0
0.0
0.3333333333333333
0.0
0.0
0.0
0.0
0.0
0.0
0.0
0.0
0.0
0.0
0.0
0.0
0.0
0.0
1.0
0.0
0.0
1.0
0.0
0.0
0.0
0.0
0.0
0.0
0.0
0.0
0.0
0.0
1.0
0.0
0.0
0.5
0.0
0.0
0.0
0.0
0.5
0.0
0.0
0.0
1.0
0.0
0.0
0.0
0.0
1.0
0.5
0.0
0.0
0.0
0.0
0.0
1.0
0.0
0.0
0.0
0.0
0.5
0.0
0.2
0.0
0.0
0.0
0.0
0.42857142857142855
1.0
0.0
0.0
1.0
0.0
0.0
0.0
1.0
0.0
0.3333333333333333
0.0
0.0
0.0
1.0
0.0
0.0
0.0
0.0
0.0
0.0
0.0
0.0
0.0
0.0
0.0
0.0
0.0
0.0
0.0
0.0
0.0
1.0
1.0
0.0
0.0
0.0
0.0
0.0
0.0
1.0
0.0
0.0
0.0
0.0
0.0
0.0
0.0
0.3333333333333333
0.0
0.0
0.3333333333333333
0.0
0.0
0.0
1.0
0.0
0.3333333333333333
0.0
0.0
0.0
0.0
0.0
0.0
0.0
0.0
1.0
0.0
0.0
0.0
0.5
1.0
0.0
0.0
0.0
0.0
0.0
0.0
0.0
0.3333333333333333
0.0
0.0
0.0
0.0
0.0
0.0
0.0
0.0
0.0
0.0
1.0
0.0
0.3333333333333333
0.0
0.0
0.0
0.0
1.0
0.0
1.0
0.0
1.0
0.0
0.5
0.0
0.0
0.0
0.0
0.0
0.0
0.0
0.3333333333333333
0.0
0.0
0.0
0.5
0.0
0.0
0.0
0.0
0.0
0.0
0.3333333333333333
0.0
0.0
0.0
0.5
0.0
0.0
0.6666666666666666
0.0
0.0
0.0
0.6666666666666666
0.0
0.0
0.0
0.3333333333333333
0.0
0.0
1.0
0.0
0.0
0.0
0.0
0.0
0.1111111111111111
0.0
0.0
0.0
0.0
0.0
0.0
0.0
0.0
0.0
0.5
0.0
0.0
0.0
0.0
0.0
0.0
0.0
0.0
0.0
0.0
1.0
0.0
0.0
0.3333333333333333
0.0
0.0
1.0
0.0
1.0
0.0
0.5
0.0
0.0
0.0
0.5
0.0
0.0
0.0
0.0
0.0
0.3333333333333333
0.0
0.0
0.0
0.0
0.0
0.0
0.0
0.0
0.0
0.0
0.0
0.0
0.5
0.0
1.0
0.0
0.0
0.0
0.0
0.0
0.0
0.0
0.0
0.0
0.0
0.0
0.0
0.0
0.3333333333333333
0.0
0.0
0.0
1.0
0.0
0.0
0.0
0.0
0.0
0.0
0.0
0.3333333333333333
0.0
0.0
0.0
0.3333333333333333
0.0
0.6666666666666666
0.0
0.0
0.0
0.0
0.0
0.0
0.0
0.0
0.0
0.0
0.0
0.0
0.2
0.0
0.0
0.0
0.0
0.0
0.0
0.0
0.0
0.0
0.0
0.0
0.0
0.0
0.0
0.0
1.0
0.0
0.0
0.0
0.0
0.0
0.0
0.0
0.0
0.0
0.0
1.0
1.0
0.0
0.0
0.0
0.0
0.0
0.0
0.0
0.0
0.0
0.0
0.0
0.0
0.0
1.0
0.0
0.0
0.0
1.0
0.0
0.0
0.0
1.0
0.0
0.0
0.0
0.0
0.0
0.0
0.0
0.0
0.0
0.0
0.0
0.0
0.0
0.0
0.0
0.0
0.0
0.5
0.0
0.0
0.0
0.0
0.0
0.0
0.0
0.0
0.0
0.0
0.0
0.0
0.0
0.0
0.5
0.0
0.0
0.0
0.0
0.0
0.0
0.0
0.0
0.0
0.0
0.0
0.0
0.0
0.0
0.0
0.0
0.0
0.0
0.0
0.0
0.0
0.0
0.0
0.14285714285714285
0.0
0.0
0.0
0.0
0.0
0.0
0.0
1.0
0.0
0.0
0.0
0.0
0.0
0.0
0.0
0.0
0.0
0.0
0.0
0.0
0.0
0.0
0.0
1.0
0.5
0.0
0.0
0.0
0.25
0.0
0.25
0.0
0.0
0.0
0.0
0.0
0.0
0.0
0.0
0.0
0.0
0.0
0.0
0.0
0.0
0.0
0.5
0.6666666666666666
0.15
0.6666666666666666
0.07142857142857142
0.0
0.3333333333333333
0.24
0.0
0.0
0.0
0.42857142857142855
0.14285714285714285
0.12
0.08333333333333333
0.36363636363636365
0.0
0.07692307692307693
0.2857142857142857
0.0
0.2
0.0
0.0
0.10526315789473684
0.0
0.1111111111111111
0.15384615384615385
0.0
0.2222222222222222
0.26666666666666666
0.0
0.125
0.07692307692307693
0.0
0.35294117647058826
0.4666666666666667
0.17857142857142858
0.11538461538461539
0.08333333333333333
0.3333333333333333
0.3333333333333333
0.17857142857142858
0.2222222222222222
0.0
0.0
0.0
0.5714285714285714
0.2777777777777778
0.375
0.4444444444444444
0.125
0.0
0.0
0.5714285714285714
0.0
0.0
0.35294117647058826
0.45
0.15789473684210525
0.08333333333333333
0.15384615384615385
0.4
0.42857142857142855
0.1
0.06896551724137931
0.1
0.0
0.16666666666666666
0.4444444444444444
0.3888888888888889
0.05555555555555555
0.07142857142857142
0.16666666666666666
0.09523809523809523
0.0
0.0
0.5714285714285714
0.0
0.09090909090909091
0.5294117647058824
0.125
0.041666666666666664
0.1
0.6666666666666666
0.2
0.0
0.0
0.4666666666666667
0.2608695652173913
0.3333333333333333
0.0
0.375
0.07142857142857142
0.0
0.8
0.16666666666666666
1.0
0.3333333333333333
0.2727272727272727
0.0
0.0
0.8
0.46153846153846156
0.0
0.0
0.1875
0.04
0.16666666666666666
0.0
0.4444444444444444
0.07692307692307693
0.35714285714285715
0.5294117647058824
0.1111111111111111
0.07142857142857142
0.0
0.3
0.0
0.0
0.0
0.0
0.0
0.15789473684210525
0.0
0.0
0.047619047619047616
0.3125
0.1111111111111111
0.09090909090909091
0.043478260869565216
0.0
0.1111111111111111
0.36363636363636365
0.10526315789473684
0.125
0.16666666666666666
0.16666666666666666
0.3333333333333333
0.625
0.5294117647058824
0.0
0.09090909090909091
0.3333333333333333
0.5
0.1
1.0
0.5625
0.2727272727272727
0.15384615384615385
0.0
0.1
1.0
0.36363636363636365
0.0
0.1
1.0
0.0
0.0
0.16666666666666666
0.2222222222222222
0.8
0.15384615384615385
0.0
0.0
0.0
0.0
0.0
0.0
0.0
0.0
0.42857142857142855
0.25
0.42857142857142855
0.21052631578947367
0.0
0.0
0.0
0.8571428571428571
0.23076923076923078
0.4
0.25
1.0
0.15384615384615385
0.0
0.07142857142857142
0.4
0.0
0.0
0.0
0.35294117647058826
0.0
0.038461538461538464
0.0
0.375
1.0
0.0
0.23529411764705882
0.09090909090909091
0.0
0.08333333333333333
0.0
0.0
0.0
0.5333333333333333
0.0
0.4166666666666667
0.1111111111111111
0.0
0.0
0.5714285714285714
0.5714285714285714
0.3076923076923077
0.24
0.5
0.25806451612903225
0.0
0.5
0.2
0.0
0.20833333333333334
0.42857142857142855
0.0
0.0
0.0
0.26666666666666666
1.0
0.23076923076923078
0.35714285714285715
0.0
1.0
0.0
0.3157894736842105
0.1111111111111111
0.0
0.0
0.2413793103448276
0.2857142857142857
0.5
1.0
0.0
0.42857142857142855
0.07142857142857142
0.038461538461538464
0.3333333333333333
0.25
0.25
0.16666666666666666
0.7692307692307693
0.0
0.125
0.18181818181818182
0.35294117647058826
0.0
0.0
0.3333333333333333
0.5714285714285714
0.0
1.0
0.3333333333333333
0.1
0.2222222222222222
0.15
0.25
0.23076923076923078
1.0
0.35294117647058826
0.07142857142857142
0.03571428571428571
1.0
0.0
0.2222222222222222
0.0
0.03333333333333333
0.25
0.2
0.0
0.0
0.14285714285714285
0.043478260869565216
0.1
0.2857142857142857
1.0
0.0
0.8
0.3076923076923077
0.2777777777777778
0.8
0.1
0.5
0.0
0.2
0.0
0.36363636363636365
0.0
0.8
0.3684210526315789
0.3333333333333333
0.38095238095238093
0.2222222222222222
0.0
0.8
0.3333333333333333
0.2
0.25
0.0
0.0
0.0
0.0
0.2
0.058823529411764705
0.0
0.1111111111111111
0.3
0.0
0.2
0.2
0.1
0.0
0.16666666666666666
0.0
0.6923076923076923
0.0
0.0
0.3333333333333333
0.0
0.07692307692307693
0.29411764705882354
0.0
0.0
0.1111111111111111
0.0
0.16666666666666666
0.0
0.0
0.1111111111111111
0.1111111111111111
0.17857142857142858
0.0
0.1
0.07142857142857142
0.22727272727272727
0.08333333333333333
0.14285714285714285
0.3333333333333333
0.0
0.2777777777777778
0.0
0.35714285714285715
0.0
0.47619047619047616
0.1111111111111111
0.0
0.21428571428571427
0.2
0.2857142857142857
1.0
0.2727272727272727
0.25
0.16666666666666666
0.0
0.16666666666666666
0.09090909090909091
0.125
0.0
0.0
0.5294117647058824
0.0
0.0
1.0
0.2857142857142857
0.0
0.08333333333333333
0.2222222222222222
0.0625
0.08333333333333333
0.08333333333333333
0.30434782608695654
0.2222222222222222
0.3333333333333333
0.09090909090909091
0.17857142857142858
0.0
0.0
1.0
0.5294117647058824
0.0
0.05555555555555555
0.2857142857142857
0.42857142857142855
0.1
0.0625
0.34782608695652173
0.5
0.2222222222222222
0.14285714285714285
0.25
0.2
0.08
0.0
0.038461538461538464
0.5
0.3333333333333333
0.08333333333333333
0.0
0.0
0.2
0.5
0.14285714285714285
0.45
0.0
0.42857142857142855
0.1111111111111111
0.41935483870967744
0.4117647058823529
0.09090909090909091
0.2857142857142857
0.0
0.0
0.0
0.0
0.36363636363636365
0.6666666666666666
0.1
0.36363636363636365
0.0
0.8
0.16666666666666666
0.3333333333333333
0.0
0.2
0.14285714285714285
0.0
0.0
0.1111111111111111
0.4375
0.10526315789473684
0.16666666666666666
0.0
0.0
0.16666666666666666
0.058823529411764705
0.0
0.15384615384615385
0.03571428571428571
0.1
0.0
0.2
0.5333333333333333
0.14285714285714285
0.2
0.125
0.3
0.15384615384615385
0.0
0.09090909090909091
0.8
0.0
0.15384615384615385
0.2
0.0
0.0
0.4
0.2857142857142857
0.0
0.0
0.09090909090909091
0.14285714285714285
0.0
0.3888888888888889
0.0
0.1111111111111111
0.16666666666666666
0.0
0.2692307692307692
0.21428571428571427
0.07407407407407407
0.09090909090909091
0.0
0.7692307692307693
0.3333333333333333
0.36363636363636365
0.0
0.2
0.07692307692307693
0.16666666666666666
0.25
0.0
0.2903225806451613
0.25806451612903225
0.0
0.0
0.0625
0.1
0.0
0.0
0.0
0.07142857142857142
0.1
0.36363636363636365
0.0
0.3333333333333333
0.038461538461538464
0.0
0.4375
0.0
0.08
0.4375
0.0
0.14285714285714285
0.16666666666666666
0.0
0.3333333333333333
0.07692307692307693
0.07142857142857142
0.3333333333333333
0.0
0.8333333333333334
0.0
0.0
0.058823529411764705
0.5
0.08333333333333333
0.0
0.2222222222222222
0.09090909090909091
0.25
0.0
0.2777777777777778
0.0
0.35294117647058826
0.07407407407407407
0.0
0.14285714285714285
0.375
0.125
0.0
0.1875
0.08
0.0
0.0
0.4444444444444444
0.0
0.0
0.09090909090909091
0.3870967741935484
0.2
0.375
0.3333333333333333
0.0
0.10526315789473684
0.45
0.3333333333333333
0.14285714285714285
0.6666666666666666
0.2727272727272727
0.0625
0.13636363636363635
0.07142857142857142
0.4
0.0
0.1111111111111111
0.14285714285714285
0.23529411764705882
0.0
0.0
0.0
0.2
0.0
0.14285714285714285
0.5
0.0
0.2
0.4
0.0
0.0
0.0
0.0
1.0
0.11764705882352941
0.3333333333333333
0.0
0.038461538461538464
0.0
0.14285714285714285
0.0
0.09090909090909091
0.0
0.07692307692307693
0.25
0.08333333333333333
0.16666666666666666
0.16666666666666666
0.5
0.25
0.35714285714285715
0.75
0.0
0.125
0.07692307692307693
1.0
0.125
0.0
0.38095238095238093
0.1
0.03333333333333333
0.3333333333333333
0.5714285714285714
0.10526315789473684
0.038461538461538464
0.0
0.2
0.0
0.5
0.25
0.125
0.3333333333333333
0.0
0.1
0.0
0.45454545454545453
0.09090909090909091
0.0
0.0
0.2857142857142857
0.25
0.05555555555555555
0.038461538461538464
0.5714285714285714
0.5
0.0
0.8
0.0
0.16666666666666666
0.09523809523809523
0.15
0.0
0.1
0.1111111111111111
0.34782608695652173
0.0
0.0
0.2
0.22727272727272727
0.3333333333333333
0.0
0.0
0.25806451612903225
0.30434782608695654
0.1
0.42857142857142855
0.2857142857142857
0.4117647058823529
0.2857142857142857
0.26666666666666666
0.0
0.0
0.10526315789473684
0.6923076923076923
0.5333333333333333
0.16666666666666666
0.16666666666666666
0.16
0.0
0.08333333333333333
0.0
0.4
0.3
0.3333333333333333
0.08333333333333333
0.0
0.0
0.043478260869565216
0.0
0.0
0.0
0.3333333333333333
0.0
0.0
0.0
1.0
0.0
0.26666666666666666
0.0
0.8
0.14285714285714285
1.0
0.2857142857142857
0.0
0.1
0.42857142857142855
0.0
0.3333333333333333
0.125
0.13636363636363635
0.2
0.0
0.07142857142857142
0.0
0.0
0.2222222222222222
0.2727272727272727
0.15384615384615385
0.2
0.21428571428571427
0.14285714285714285
0.0
1.0
0.0
0.42857142857142855
0.0
0.2857142857142857
0.0
0.45454545454545453
0.5
0.1111111111111111
0.0
0.0
1.0
0.14285714285714285
0.0
0.1
1.0
0.045454545454545456
0.09090909090909091
0.125
0.13636363636363635
0.3333333333333333
0.2222222222222222
0.0
0.0
0.1
0.0
