0.5173363908440508
0.6134294052068652
0.7713579600759594
0.620914165872296
0.5406627601991896
0.374419762286399
0.43846561005637574
0.4701846933585801
0.41500958552950606
0.9010130473185208
0.7605971786147219
0.8648840614610784
0.410673245955645
0.4522311369700723
0.41527298820645525
0.47928236750864955
0.8648840614610784
0.4401534411891149
0.39989805968826686
0.4794227818365036
0.9010130473185208
0.9010130473185208
0.423403577425311
0.3189846106053489
0.9010130473185208
0.42617612858963433
0.49439597839514987
0.40934168213217126
0.48810738387083785
0.6702782907283016
0.5821687426710925
0.7295546808411149
0.727190884046148
0.6428256993780346
0.32201422957702724
0.05187763630910499
0.32724809921375725
0.07616771412379819
0.01029701786173999
0.6130656152711645
0.5159328788767464
0.07823393102130859
0.04708986761633971
0.6368379436277118
0.5788492096257747
0.36367726286489277
0.5627580359815351
0.23142705499821065
0.6670517072897448
0.25717317516830385
0.30693038371224124
0.25717317516830385
0.4038609430675719
0.5052107303516121
0.6917079743273205
0.5920561711778856
0.32580878007704744
0.6515917140690717
0.090523938832838
0.0983541186965728
0.13694919046307663
0.1243294308639761
0.09734505622924228
0.12262979939210737
0.11130788193321002
0.1089416726706846
0.19343559915162287
0.029007115917722048
0.10522833420732702
0.09542482978284464
0.0939471630251307
0.12360972642926735
0.11948207330171692
0.11932344922102864
0.09932892950418837
0.07686095441011974
0.1111406301944858
0.09312486060287156
0.09542482978284464
0.07930351293856172
0.33005003424315354
0.09542482978284464
0.09542482978284464
0.1007818913520168
0.09542482978284464
0.09542482978284464
0.09729390891590767
0.8675356317917228
0.765330608721723
0.589057765172483
0.7445236632600987
0.8889829705849861
0.5681411749819494
0.6762296385654278
0.1957146982412712
0.6453786096318317
0.765330608721723
0.5905965282411783
0.6762296385654278
0.17669826379523412
0.9999999999994519
0.5729834311416329
0.9999999999994519
0.9999999999994519
0.9999999999994519
0.9999999999994519
0.5975479655396175
0.9999999999994519
0.765330608721723
0.7623562536517976
0.765330608721723
0.5425887841495555
0.915835803895859
0.7623562536517976
0.9999999999994519
0.8955156737219236
0.5347767554277323
0.6012015851722838
0.9544389172065523
0.9188757032847759
0.8571360805888135
0.6734248221387794
0.700254715763466
0.8986822919492012
0.6720576627717357
0.6417995638890176
0.8921276124358934
1.000000000001379
0.7177607885594449
0.6606855591960432
0.7328902896472702
0.7512568481340901
0.6442331593161407
0.6250290133537721
0.7895215922900501
0.7176543545761046
0.9572732322407649
1.000000000001379
0.5614199943118066
1.000000000001379
1.0000000000013791
0.9189458577878511
0.8986822919492012
0.8664132740663679
0.807987593518947
0.7201762198265687
0.7526702225744193
0.8942941903451357
0.7340094699668739
0.8035019083200611
0.7015646232751811
0.7959320768998642
0.8638752043519028
0.6404885996030797
0.655305360273453
0.7316793607541179
0.4937448726216548
0.21815398459893473
0.9073814673909386
0.7019031516412285
0.7845182436953535
0.5342815047913861
0.588665494964391
0.3958691632157421
0.546473409106677
0.5916988473690504
0.5385277605140374
0.8152831838590735
0.7887669859307518
0.9016965643016979
0.7947927130564815
0.8422693480817142
0.5786948408722683
0.8672599206267697
0.7311748923032492
0.7720456044055386
0.45589114455674795
0.6903017322867598
0.7448174418738079
0.7795876122812121
0.6947700101758346
0.6559288592695844
0.646925650708832
0.7790031895615986
0.8180202310197392
0.645021135069748
0.7352002814072629
0.5515332186141847
0.5175099800390484
0.8175360615364919
0.8039861484747131
0.4957772315447589
0.6152961023313561
0.30332268711163707
0.6826965271239467
0.6071161751700149
0.7819190434528596
0.6069626785225648
0.6403982472690719
0.23344636557491275
0.6714378834841225
0.7794039370578782
0.7422019909454735
0.4671225056870262
0.5579927920211788
0.7481209846840554
0.5871158043501326
0.3042669860999931
0.49864542077873253
0.8544144888198699
0.6727471300417447
0.9408811495664252
0.8428596962418126
0.7957325935858414
0.558401220930348
0.4525165845691618
0.485881342819558
0.6870831074751185
0.3177860744597117
0.42593682363960667
0.857195579809966
0.4499960941920011
0.7205231553101421
0.8344604512259008
0.8544144888198699
0.5451284560214146
0.691140695536668
0.4622976425866643
0.8544144888198699
0.4824774103613441
0.7065684090562452
0.425205649502742
0.5199372196033739
0.7948860805420411
0.7123402757242716
0.8688119403102249
0.8453905068169338
0.8543157083149471
0.8864798709066729
0.7532487222753896
0.8510336973420648
0.8772155262788008
0.7690880289280111
0.795514066374376
0.9359449676002618
0.6669377795482166
0.8700433112936976
0.8456532481117265
0.8746717755941957
0.6976731363030549
0.8676297960350075
0.854957523330264
0.9047699510214335
0.8723994229606187
0.8485796824151349
0.8515947097271104
0.8099436979129088
0.8860120711914393
0.8175827645378374
0.6924702143294323
0.9462738119826601
0.8225694751721819
0.8268811498359321
0.7326709469229427
0.8521096658581652
0.8549554317407196
0.808613131276855
0.8297680594817856
0.792163005296122
0.8198179893667971
0.838599665958599
0.8331770755127216
0.8560968311082654
0.7490467652657005
0.665540363537246
0.5100272860556669
0.7410680308704439
0.839890053401522
0.7662151996390623
0.7533212897989885
0.7619079929756402
0.7729406290950737
0.7623515826886308
0.6576789865700761
0.8816040408450595
0.7611988675997092
0.7178911880515961
0.8039824787877998
0.844994024148839
0.687633120457349
0.640808338128725
0.8728264827882062
0.8027016103528329
0.8983791860076997
0.089946375293731
0.677464570845122
0.7508891282405347
0.677464570845122
0.30490100250190855
0.5612939670858357
0.34260065840068865
0.7732828531418727
0.677464570845122
0.45301895605010306
0.012460286405179932
0.46305215554507034
0.8094183542812975
0.626359321732778
0.7968658294406444
0.5537168623907622
0.677464570845122
0.5285575773529022
0.8071447830197296
0.7781128501808935
0.677464570845122
0.8438673972525988
0.677464570845122
0.7144382983306673
0.625338916984299
0.47695164414790103
0.5767118797756257
0.44063320279373047
0.8317310642713143
0.40381067670826665
0.4022336137903716
0.4787779956576456
0.38916065232709657
0.388795798241725
-1.0
0.5889924252964602
0.22985543385801732
0.42653284207254877
0.34641122060249524
0.3807396808502669
0.11915825415350827
0.39258475961031825
0.44074215054263643
0.4923735416660929
0.4303519439230757
0.5530791506509877
0.39258475961031825
0.37730120356927094
0.31303442207360693
0.22985543385801732
0.4123956497446765
0.38128218640109973
0.5289662289408111
0.4123956497446765
0.31341859066156924
0.3584639327872912
0.4123956497446765
0.39777054721606486
0.4229036413797447
0.759421571633075
0.8316012609081368
0.91305030803629
0.8379804290905328
0.8773943434212323
0.798613325242152
0.7819589892207149
0.8707235128544434
0.931104334617633
0.7957369117392633
0.8228826901845616
0.7149921824143856
0.6677676407078733
0.9253159058722963
0.8811552605058376
0.8904721162955469
0.8251474660146436
0.8690233170351277
0.8252447329500214
0.9356475753529925
0.866305873568035
0.7120446040382288
0.845260219669843
0.8877240542424965
0.796011870150556
0.9526863049131726
0.8895179094232756
0.8294544841067696
0.9158957249082899
0.796207356099572
0.6775317052229264
0.6408155846796608
0.6642870869903856
-1.0
0.5541489515789172
0.7231112104961109
0.6707532318522952
0.7471784930008352
0.4995446641434987
0.6841972739382735
0.40558196803163965
0.5488079745728969
0.6919784185774397
0.6665722286407902
0.626235033500608
0.7569268619465381
0.6434333363149322
0.6162176661575328
0.7106659451616381
0.549967596712636
0.6422088529074189
0.6197787726724217
0.6910792278830473
0.5869254615743204
0.6197787726724217
0.6197787726724217
0.47082370912194205
0.549901359102872
0.7043183641257564
0.4344702615906823
0.7828269759651575
0.7140713974616866
0.8257017631922322
0.7610225674131825
0.8268046116712762
0.6822380719402731
0.8277280658202888
0.744064019018032
0.7697814717513893
0.8485319601664257
0.8485319601664257
0.8268046116712762
0.8553946495486712
0.744064019018032
0.7887754102932575
0.8411757870750016
0.6265495309338189
0.7467842213275317
0.861398215538776
0.8485319601664257
0.8257017631922322
0.7994754390324401
0.8485319601664257
0.8077172693723246
0.8485319601664257
0.8084939050442833
0.9236722631678748
0.9236722631678748
0.8485319601664257
0.7544922904840021
0.8168543624913686
0.47482100533104094
0.4927992884431993
0.7512362766704099
0.4041384077853485
0.5636151028337046
0.3991288810960495
0.40151353132004214
0.20321846748598274
0.37627862680196333
0.21607837306971375
0.6845184006389563
0.9999999999999766
0.28388453894575433
0.23660628380953758
0.6917767677172622
0.7512362766704099
0.25632202457302355
0.24668257475738586
0.4051602343762671
0.17123050248590782
0.7512362766704099
0.21607837306971375
0.20439938735463764
0.25762395299189644
0.5305124146656995
0.0034335316969403835
0.19021660649891262
0.9999999999999766
0.4178242382465661
0.4276604636893338
0.2696248942131133
0.8468541710810591
0.7943290774884808
0.8046151521995096
0.6484694667643244
0.8554501552011287
0.764384880692764
0.8575649747331157
0.7497332499205767
0.8013422355985105
0.7892116766707723
0.6484694667643244
0.5801714211147274
0.8292206877969505
0.5560042607399759
0.8005374290078082
0.9124295567539373
0.8062688206245965
0.23977668955511344
0.586723303856097
0.9017429790414094
0.6484694667643244
0.8250481283413831
0.21411759004025627
0.7132013377546185
0.8932548450571309
0.8315073847263571
0.8917080945716049
0.5936709058165387
0.8860666007418051
0.8060256177134518
0.7943290774884808
0.754105223360737
0.699212372301294
0.7844332873688554
0.7579211965955953
0.7816358766395806
0.5528137931355007
0.5635390659339184
0.7291054014622125
0.779408080115899
0.7643344133146059
0.7691034340415861
0.7728140454445085
0.7627781939265992
0.707918472536003
0.6999288629243728
0.8148428913597228
0.7180341460861195
0.5248748916796042
0.7782325309332898
0.7141431681502468
0.7728140454445087
0.7257500268134489
0.8207431466990406
0.8073154926519329
0.7204932582486401
0.767456222838038
0.7173013393356571
0.6005904698268882
0.6703550553165941
0.7787563624007644
0.592004657692018
0.8518375959795174
0.7844623359171893
0.8252621182456015
0.7934550291901279
0.8518375959795174
0.41430795607766246
0.8435690461623132
0.7475877796144995
0.7344436862265191
0.7129642804663519
0.8321047110810287
0.8518375959795174
0.2412615163024617
0.5935248495869001
0.557711672581034
0.8452591898109635
0.7532012219305477
0.729132444712989
0.5359015851127695
0.729132444712989
0.6324711103234859
0.8147084698600459
0.8165648568260204
0.6679113283159546
0.62198133495223
0.8518375959795174
-1.0
0.6129778675676818
0.5576456923024843
0.6213906494291895
0.7862946168233056
0.7465902794020621
0.613834085811345
0.8771656642986885
0.8279273332357334
0.8788903297141787
0.7432222057181983
0.780008279071124
0.7374956068250785
0.7396020386467247
0.850217085100957
0.7510914272584915
0.9198237291178235
0.6793729791141745
0.7872063902559348
0.890198735484034
0.8115413394209743
0.7726537808042261
0.5870599814634624
0.8298717887798608
0.7605736495277672
0.880814179877254
0.7745600132354041
0.8770460742339674
0.8172491738535576
0.8060380270477608
0.824371121174827
0.8080132182396094
0.7551215434898472
0.7365144127429895
0.7570639959968557
0.7273875019815588
0.8053491103880603
0.6227076357703447
0.7387021328437594
0.7975217751468436
0.8625869287408149
0.6737014390805827
0.45068738719416673
0.5735584726372457
0.4622475799322876
0.5923721216627902
0.898388942348235
0.898388942348235
0.2060025516146596
0.5401745434027889
0.6996324226306492
0.7107338558456997
0.7846250755754496
0.38935714180951037
0.746297547804294
0.8015334694293165
0.898388942348235
0.8158827233757951
0.855352397903725
0.7675056031356715
0.8197929405554771
0.898388942348235
0.5913976136685645
0.8182330418417826
0.7680141286995915
0.5476794282448235
0.5810645301733521
