0.15023640530401158
0.479987568672007
0.7579146086733496
0.4486870260051803
0.12434247637940599
0.02489422951512971
0.042443287213865324
0.1582642692570732
0.035773387685993384
0.917229023197533
0.6961000567338245
0.8556802415122767
0.00988149452248838
0.16425369153589886
0.02373655330248462
0.034369709240935555
0.8556802415122767
0.01729263708959317
0.033410815396774235
0.04944482267676262
0.917229023197533
0.917229023197533
0.01917707146530886
0.01476250294797548
0.917229023197533
0.026439746937953267
0.16124270750713277
0.03884054530164148
0.02973786033224757
0.259601819860197
0.37221382275094395
0.569644614306028
0.47884540102901046
0.577201881723016
0.1516542236976126
-1.0
0.16189798438601888
0.0
-1.0
0.40833128519480993
0.2757878855689296
0.018923312217659936
-1.0
0.419829785249726
0.32597807987509314
0.14584926867450418
0.031064677873230986
0.023425565868915213
0.2952953196842483
0.013889359637416466
0.1603587749299752
0.013889359637416466
0.019833497845551017
0.16225684329932302
0.6656346426378592
0.12644755359915572
0.22678155435150554
0.2323028015164753
5.869626933311786E-4
0.0
0.0
0.014482273313621391
0.0
0.017999410356442494
0.0
0.007418743425105853
-1.0
0.0
0.007229420984032576
0.0
0.0
0.03591441032013086
0.0
0.10552270457897332
0.0
0.0
0.011361890413442769
0.0
0.0
0.0
0.4050880756783621
0.0
0.0
0.0
0.0
0.0
0.013032496341732465
1.0000000000000007
0.7071067811865445
0.31681997520931354
0.570106069588921
0.8176498620059115
0.7071067811865445
0.4999999999999987
0.0
0.7071067811865513
0.7071067811865445
0.41270460551103616
0.4999999999999987
0.0032623372541780216
1.0000000000000007
0.35576469819162176
1.0000000000000007
1.0000000000000007
1.0000000000000007
1.0000000000000007
0.2444328779311122
1.0000000000000007
0.7071067811865445
0.6280194019199826
0.7071067811865445
0.7071067811865445
0.9486832980505278
0.6280194019199826
1.0000000000000007
1.0000000000000007
0.24367754237661776
0.1420622456529832
0.9203456620433794
0.8742294031843285
0.6686686533919213
0.3737680740764978
0.2896614222780038
0.7634996518594949
0.5415733306891545
0.21345859699341757
0.751154279563336
0.9999999999999921
0.47733595482564734
0.5299925285869794
0.40054795274506144
0.4902803475890418
0.1628303805410439
0.2617927570121086
0.4869557222147551
0.3465838231904506
0.9174199255871645
0.9999999999999921
0.2883998360312029
0.9999999999999921
0.9999999999999921
0.8113929068473772
0.7634996518594949
0.7459368431199754
0.5639163686940819
0.39422419196841557
0.37296341680600986
0.6731396981079726
0.48991665312874844
0.5615166496954417
0.34153193179199415
0.5614562770211873
0.6876182245586188
0.31538614857138014
0.2966230917336714
0.3405760916983309
0.16153493316895862
0.0036840801316777145
0.7922740685868063
0.46877532792836485
0.5065524869561325
0.10504950063722582
0.06800109798480483
0.023084782414091117
0.16136134722201792
0.021871502322375714
0.018005140945588777
0.6443101093332779
0.552178697183568
0.8007685419985093
0.5999201644676219
0.6936124943740025
0.216886724227893
0.6192639097700228
0.41936017128225234
0.3467097284011233
0.0038081409107320685
0.239577568322526
0.3908204529594416
0.5711405370670254
0.3901567008702182
0.4598834483945058
0.2331550896025872
0.5065146912821138
0.7208338282679929
0.5247843871676787
0.4866149775569592
0.02147851908181756
0.012021440055746513
0.6441842331948617
0.5536213719739617
0.1288784157267049
0.2434913058983069
0.005553810164739622
0.2712014152464345
0.1957928367397343
0.5130025385348506
0.017102194626108236
0.3637790090381402
0.023542711892823275
0.4021238042003306
0.48782268825197456
0.41846551941025767
0.036898494566539056
0.19304893799403353
0.6206102594494763
0.25234683176964207
0.009552170977650744
0.03289244765369143
0.8344139254057148
0.5107857823788761
0.9134746844958463
0.866601696448093
0.7268765148055051
0.1887047012740265
0.035386639507684524
0.1737617938312151
0.5251854854340069
0.0030907192069599292
0.18800230595206913
0.8350599660037127
0.017741221981849867
0.7320900355248565
0.866601696448093
0.8344139254057148
0.17528551941468246
0.49578806638971795
0.02979389843474215
0.8344139254057148
0.29198688772943787
0.559692342838337
0.18973953827733966
0.148492507054169
0.54698753204359
0.38314683248254755
0.6379729230178036
0.5084743087743326
0.666558643971465
0.6668121440139543
0.43199828507672383
0.550077993988897
0.7121549714442659
0.34897129385932746
0.7453203793853114
0.9070459013001708
0.12254452439565125
0.6255114070068489
0.5286264671977576
0.607956689434825
0.3112704206864338
0.6634118325855679
0.6253058204453212
0.7119315546736655
0.6724915263089305
0.5048771329744978
0.670701162149155
0.5905306965374202
0.6906217251677602
0.44563152164362935
0.4154022576217711
0.9112066498544148
0.6187520006114479
0.4787023697108639
0.2572660270054312
0.3665479139225784
0.393371475184205
0.2707535012562255
0.390063070471868
0.23757717334647377
0.3292745360853005
0.5814525275553066
0.539847237803105
0.43444953305213224
0.3566685218613588
0.1814144438550739
0.03019951361252788
0.29323164849551037
0.41536189224564696
0.3423514474617386
0.3708497235874851
0.635655495276267
0.37962797505210033
0.2787014394787786
0.22921019940094853
0.5369436875508106
0.1867660400893348
0.31854626728781804
0.4129885508593308
0.40703515114339944
0.3803712871785271
0.25235823631152815
0.5420160591564726
0.3319817824025405
0.7637420096904044
0.005818130896051144
0.1894087197497904
0.2718736394749899
0.1894087197497904
0.0040808702062720935
0.29249608072067695
0.08403858941774023
0.4383456172633504
0.1894087197497904
0.032618683253551474
-1.0
0.5066247673870565
0.38277039459265993
0.2541055585440565
0.3486858847978651
0.340645476715599
0.1894087197497904
0.0015806325240178382
0.5647036048410695
0.5066247673870565
0.1894087197497904
0.6757615655029044
0.1894087197497904
0.6215368269812341
0.012190848439590818
0.188194865136987
0.29955937804476473
0.02351972697123701
0.5150402171553912
0.03319677340991843
0.02022475733870365
0.3944376365410992
0.027371629725788906
0.028244943681202193
-1.0
0.7078681913982989
-1.0
0.019953726300722653
0.002154752786979969
0.0247701678257168
-1.0
0.0088649969593484
0.03377776478301111
0.22465358528133236
0.4140153023963431
0.004810042926864346
0.0088649969593484
0.007601553689689504
-1.0
-1.0
0.03908191099151068
0.0
0.4581637534549263
0.03908191099151068
0.005118208380845012
0.0012302000994317262
0.03908191099151068
0.014773797008900821
0.01611596838614143
0.28616031682031196
0.5755877931607866
0.7672774610556664
0.5215665960818446
0.7240319319633213
0.43263977230460043
0.5371266140099192
0.6562730749815889
0.7710456923885958
0.5073966533112839
0.5463762564510735
0.39280958895464313
0.10532311163981078
0.8164463556932419
0.6497850611545793
0.7251698396323959
0.598612617894061
0.6857036790840731
0.5657314397505667
0.8412376508124665
0.7086976800819157
0.4019797034191604
0.5321087759401324
0.7818131749189394
0.7347934909663149
0.8723770073612166
0.7088185314635473
0.572682593315132
0.7755434509396647
0.5903999581359384
0.30119786482855215
0.05266250788598026
0.209179566362533
-1.0
0.11783530746728736
0.33569409125205224
0.22546980293476046
0.538768470339897
0.025510008314587253
0.22923540244534407
0.16877817484552254
0.18789153049887541
0.3490150502359206
0.20539495977389635
0.03639471333583886
0.41377472095846374
0.038923649126814674
0.18084972985728476
0.25839097880808126
0.038869982658570106
0.14767214070664966
0.17828384608418218
0.35757121385294643
0.0436977806515004
0.17828384608418218
0.17828384608418218
0.2329650429151843
0.21603127931541743
0.3151401047081914
0.018351999898886563
0.5693844455717583
0.3756663455159057
0.6793063289559123
0.5667245695502888
0.6834004140402073
0.4539125652805984
0.6832468864026049
0.505324951168955
0.6744757957514402
0.7585984162938411
0.7585984162938411
0.6834004140402073
0.7692921142210235
0.505324951168955
0.5782199899643934
0.7036958965534466
0.20442863946635784
0.5831903022756445
0.7297087586165311
0.7585984162938411
0.6793063289559123
0.6244651217971117
0.7585984162938411
0.7110492401604962
0.7585984162938411
0.6761885506796883
0.8680518790394051
0.8680518790394051
0.7585984162938411
0.5208175416358183
0.6852474581110786
0.3625151858205922
0.4138919312696842
0.8164965809277237
0.24921652765586952
0.5338049068252276
0.2534004216278673
0.20916170771077347
0.0074432345644114125
0.26358255148359916
0.035115946633822566
0.6335442504382452
0.999999999999998
0.03309351189798155
0.007391366870848902
0.7082723957571065
0.8164965809277237
0.027513275085033293
0.01755797331691126
0.24969557812305246
0.035115946633822566
0.8164965809277237
0.035115946633822566
0.029256253045303215
0.008691511831180006
0.5139005975517121
-1.0
0.003579401529945825
0.999999999999998
0.2591668829828308
0.316643836935727
0.012583947932531443
0.46875156872198814
0.4190253114201318
0.5932731355151106
0.29769103098402283
0.6308893757283368
0.4138587423909763
0.7285862402760223
0.41246372428325145
0.5719835909233183
0.40232459401190535
0.29769103098402283
0.40531521392307646
0.4782183269632126
0.4074299163117308
0.5976509393479895
0.8314582090923326
0.6039134388625004
0.011874398683395886
0.28251340886450604
0.8101075427097167
0.29769103098402283
0.6683267604783335
0.01674735745992672
0.450772747872066
0.8083368980431404
0.6300610498944864
0.6052147239687069
0.3509090167663427
0.7415502836132448
0.5817813535164315
0.4190253114201318
0.17569597787296362
0.05022146953083373
0.17282500412606475
0.12554538134005813
0.13848701597731275
0.04524447861044625
0.4531329108770194
0.36185431850579103
0.2516807012061447
0.1778403308463717
0.3081740078679723
0.3081740078679723
0.17020017299978143
0.4111888627189509
0.03042729928103517
0.3142592500364134
0.05223335568398033
0.04977541892327876
0.32057602713351
0.1887536772668854
0.3081740078679723
0.07126230186327331
0.24949226429255655
0.22743870102213787
0.17580827591607318
0.17036224252949736
0.23435208753971218
0.03154275321851474
0.02825084719776739
0.44277986812727405
0.08719851973291379
0.6129942918504339
0.4096147482054588
0.706753820499808
0.5787484364986464
0.6129942918504339
0.009554689098352455
0.5876147186399893
0.38428137285099556
0.32308497783374873
0.7616264724226192
0.49620367239261
0.6129942918504339
0.015585906867944286
0.020955278087190374
0.461463562915107
0.5688379625477631
0.4692485275236843
0.7616264724226192
0.03283606097455425
0.7616264724226192
0.031433631757871
0.4635538492171888
0.43352066631675834
0.6485986224959188
0.04371584883639271
0.6129942918504339
-1.0
0.039304557840610446
0.038087280152155324
0.18122933929814783
0.2734838804566498
0.32732581847868886
0.02727381539645365
0.6045865275490915
0.5510789488606159
0.6052077197395823
0.5158125767550087
0.5490499734805515
0.4574712842566766
0.2929885192550146
0.6063419677906324
0.3757519254004701
0.7494096634969304
0.32522923115484875
0.5709006279821032
0.6270755257211915
0.5474558441944894
0.5655737264081249
0.236938970103236
0.5531752476701036
0.46181780202077755
0.6069415269590216
0.5247084135566829
0.6507656310148636
0.5171054964316493
0.5463408961525555
0.6062792300747102
0.6573854696433958
0.6019103247224654
0.41571723505546465
0.5999857127069421
0.04019752578209971
0.7265497315513793
0.15237291248703516
0.5852093680605268
0.6201435277694151
0.7737536621066516
0.348871216965289
0.01465754742467761
0.3631853011596876
0.319932416130992
0.1822796154234539
0.8202602372260792
0.8202602372260792
0.004851707528014699
0.3631853011596876
0.38573734074751675
0.4025083950049506
0.6225360423959841
0.02985176342931913
0.4974869358740818
0.6524487128055418
0.8202602372260792
0.7427345226343643
0.6646281665659923
0.4516435325765525
0.6313827658330784
0.8202602372260792
0.03550645595390792
0.714883411074203
0.7338632646903458
0.011085911490963185
0.02763244669891247
