0.5539123630672926
0.6248300446241807
0.6961325675190574
0.5271809657433747
0.5779538951320734
0.6709166288050886
0.6016494882449229
0.0
0.0
0.8402363894270558
0.7936244920503412
0.7941437241334183
0.6696719860924601
0.7310482944285761
0.0
0.5748756519962145
0.7986577817052133
0.6386462566247156
0.70347512605772
0.5839252569681656
0.8471807120754667
0.8538426638260939
0.7010816957814973
0.7063853204698276
0.8471807120754667
0.6602700093536381
0.6039123630672927
0.6935441837058263
0.4739107478365813
0.5709694989106753
0.0
0.6885802469135802
0.5562917411895527
0.6971667059386358
0.6233323573903284
0.46741221741221733
0.4621693121693122
0.400352733686067
0.0
0.6841420174753509
0.67684237381382
0.48905238571905246
0.49382716049382713
0.7253192848020434
0.5988239116309292
0.5323475331819095
0.6592028645780251
0.48721340388007056
0.6618352286083066
0.0
0.4390542855455137
0.49291938997821355
0.0
0.5757731357558157
0.0
0.6577013521457965
0.0
0.6176030118640771
0.0
0.39158163265306123
0.0
0.39655987394957987
0.49084784611100396
0.4486302966719123
0.49084784611100396
0.488949938949939
0.6666666666666666
0.0
0.41166839696251456
0.0
0.0
0.5068986568986569
0.47624184517388407
0.0
0.5101883496620339
0.5181763914705838
0.0
0.41904066591175476
0.0
0.0
0.0
0.0
0.44044574351479726
0.5097798259088582
0.0
0.0
0.0
0.6462096332785988
0.7894179894179895
0.4918573490002062
0.4752284752284752
0.0
0.5174603174603174
0.49927849927849927
0.6025030525030525
0.9682539682539683
0.43253968253968256
0.4821326821326821
0.6349206349206349
0.0
0.7699320765682321
0.6102531102531102
0.7699320765682321
0.9285714285714285
0.8783068783068783
0.7992530345471521
0.0
0.0
0.43253968253968256
0.5774603174603175
0.0
0.6105090311986864
0.8133952768099109
0.5774603174603175
0.7436267436267436
0.7409147869674185
0.6494912358882947
0.5383935230303946
0.0
0.0
0.5770030622971799
0.7077483327483328
0.0
0.6260563605924431
0.7171717171717172
0.6716029068970246
0.0
0.8533849129593811
0.6843858755623461
0.743071128744753
0.49379649791326435
0.5133033117553242
0.6112624371051337
0.5397701245158872
0.6026311710454934
0.6051027516544759
0.7081585081585082
0.7575504205938989
0.6982112794612795
0.7700515796260478
0.7244588744588745
0.6148018648018648
0.5970909720909722
0.8024070803111729
0.5054182602726293
0.69492827764853
0.49023449119326395
0.698016297593187
0.7314504634372939
0.7306208492689796
0.7019333049839456
0.6643542377941921
0.6912058296374792
0.46545028424223056
0.0
0.7259600909378049
0.3743785732040765
0.44004474272930655
0.0
0.6210585241419216
0.7233549599038521
0.5272420450759198
0.6326462422659666
0.0
0.6282002410408652
0.4405601855266285
0.5523926039419399
0.0
0.6174914500244285
0.7275598003785925
0.7466763195283949
0.7048075967326642
0.0
0.0
0.6140927035861811
0.5435057464973884
0.5899657582131201
0.0
0.5653495924215616
0.6057395468417283
0.5640924321032523
0.6685929327720372
0.5335304899650355
0.5241329533471764
0.5583911858332856
0.7729890463648146
0.6040813242160796
0.6711362971240057
0.6640765020880678
0.0
0.6010068588306431
0.5954586044138283
0.0
0.6356600834212774
0.0
0.0
0.6203822494635188
0.0
0.0
0.4173576561636263
0.6303804580224339
0.5246324125513087
0.0
0.45956645898234677
0.5302737520128824
0.0
0.44458061002178645
0.0
0.0
0.7459150326797386
0.5747282608695652
0.7342171717171717
0.4777777777777778
0.7114801740122664
0.577339307392499
0.5143061975689095
0.6009298493408662
0.0
0.0
0.5368199081434376
0.0
0.0
0.0
0.7342171717171717
0.7342171717171717
0.5662843592721641
0.0
0.62252331002331
0.7342171717171717
0.0
0.652766106442577
0.6084558823529411
0.0
0.740063479725353
0.6934224283483017
0.760245711778036
0.712572915118085
0.0
0.7218055695482372
0.6095106778465212
0.7732896455101451
0.7512516354662085
0.7552884654105392
0.6890245774943443
0.7433408664526685
0.0
0.6438509255237268
0.7009756214694353
0.7171492335389303
0.5947967901568822
0.7484909065874209
0.7536769435352412
0.7662273460984227
0.6541264837620994
0.7027434412976582
0.646862373255631
0.7134780999875633
0.7461578327699288
0.7081875213271386
0.0
0.7026372226338061
0.7476765356183582
0.6683974831096188
0.6928287629553207
0.6549724227650388
0.7529531304631706
0.7705575370049053
0.0
0.7181036314570451
0.7025577907930849
0.7249827467218771
0.7307893100576027
0.6165151720707276
0.6541719649413583
0.7116957116957118
0.6557149459110243
0.7288601954608883
0.7499445997134749
0.7027535209353392
0.0
0.5093992448265227
0.6604010923365762
0.48796882130215463
0.0
0.7383866917765222
0.7061026018831926
0.6787645038522231
0.6141050976392343
0.7721477759166202
0.6150692925441145
0.5996620127054909
0.697896755811629
0.7090282715105872
0.643303444112342
0.0
0.0
0.6021262253842902
0.5395821569734613
0.4217391304347826
0.5425345973629726
0.49120677756359915
0.6563557297529296
0.5850018268176836
0.4966747285587865
0.0
0.4691511387163561
0.5903289625028756
0.6667885408865982
0.0
0.6153381642512077
0.0
0.480318448834191
0.638050976520982
0.4987158148283468
0.5395821569734613
0.6106009909684698
0.5405055255072106
0.0
0.5920683946343248
0.47600779442211666
0.0
0.47585868238042145
0.7386724686706868
0.5472136222910217
0.324920936116382
0.0
0.34913782026572093
0.3849491648511256
0.0
0.5195505102625846
0.4640522875816993
0.3993751346692523
0.3857585139318885
0.3335002085940759
0.5730392156862746
0.0
0.34514402776035785
0.3737157802418092
0.4830718954248366
0.44094633158427693
0.5133442265795206
0.4763071895424837
0.4005602240896358
0.4640522875816993
0.4640522875816993
0.3600590921300027
0.3701553348612172
0.4640522875816993
0.0
0.0
0.4640522875816993
0.3221938050582552
0.4809368191721133
0.6930361305361306
0.5302807025610373
0.7939082656473961
0.6969766551856104
0.7510361543300297
0.7042650068333581
0.6121195676751232
0.7600364167251014
0.8058169702237499
0.6724915607268548
0.7149838647444667
0.675205137940615
0.5598700386371619
0.7922711600850106
0.0
0.768664137420457
0.7445117095770232
0.7328741190583296
0.6733195566796208
0.7522964083357341
0.0
0.5395928446320384
0.679898340718268
0.7406317354143441
0.6618142618142618
0.7747104747104747
0.7173298379180734
0.7043946495559399
0.7671696418229668
0.6849210339406419
0.0
0.7119077399565205
0.6291794749042532
0.5040650406504065
0.5795227751817446
0.6316263876380676
0.0
0.0
0.7109988651373927
0.6623045653533458
0.7073736551553006
0.6748179568752208
0.6615890613451589
0.5726063125292907
0.6646216443525107
0.7378722079146257
0.5906058497521912
0.6964989528191428
0.0
0.6939024390243903
0.6694046229026119
0.6234693166239379
0.6883415696902068
0.6686120423625422
0.5771668733636489
0.0
0.5697831978319784
0.5947235177680931
0.7157168199971474
0.6503070100631078
0.6293232194668619
0.0
0.0
0.5437315367456441
0.7384827075229552
0.0
0.6227424884049203
0.5396398192450823
0.6627647550248169
0.7522834399264604
0.9286144282274313
0.7502474134053081
0.6447529079108026
0.5633667502088554
0.0
0.6158811443021969
0.7028672091116337
0.5663324979114454
0.7629640792508591
0.9220946305156831
0.6747162022703819
0.6702681500499216
0.9220946305156831
0.6287286844562386
0.9286144282274313
0.6614806246385193
0.872782732023858
0.636675601039636
0.7034038086669666
0.6932997869350378
0.5887553276932275
0.3775312365359758
0.48353096179183136
0.4116161616161616
0.5531299840510367
0.32160588940249957
0.3828063241106719
0.4634343434343435
0.0
0.386026936026936
0.0
0.44347319347319347
1.0
0.4887334887334887
0.3878787878787879
0.5912061794414736
0.4072481572481572
0.0
0.5297989681551325
0.46736596736596736
0.0
0.41042780748663105
0.0
0.0
0.3883061383061383
0.0
0.35137085137085133
0.49134199134199136
0.9696969696969697
0.0
0.3908199643493761
0.0
0.6456897586939941
0.5536376559823535
0.6209622640944849
0.7321983102183962
0.595044314843454
0.6343857535949061
0.6974169249039077
0.6967254320730841
0.0
0.7010722074203531
0.7321983102183962
0.721102372426015
0.6334402213027142
0.5584383096578219
0.6780924756074319
0.6552429785661492
0.7285045577728505
0.42588075880758813
0.7193555199062674
0.6604636343660735
0.7321983102183962
0.698616782547916
0.5237743286523774
0.7102956296838067
0.6506904116660214
0.7514929785661493
0.7210006350887311
0.5745497389736246
0.7845273393910409
0.0
0.5551775421556323
0.5905094360976714
0.0
0.6609566524597746
0.0
0.5888363008038464
0.6815401374224903
0.5673280423280423
0.6727883543921279
0.0
0.6746350481290241
0.7102632491976754
0.6974313022700119
0.0
0.0
0.7195302126253041
0.5611892012494423
0.7333333333333334
0.6240094745908699
0.6639079024782241
0.7260597674031729
0.6981292837829342
0.6673789173789174
0.6348142798552043
0.0
0.6714356496965191
0.6175428116288332
0.6878531073446328
0.6657336545729403
0.6249536013537487
0.0
0.5463759458383114
0.7013695397742289
0.6744910628528592
0.7324351902366087
0.7034957764782327
0.6981333526019515
0.5042181069958848
0.6849050477592781
0.6225018483883327
0.5813932980599646
0.0
0.5922272486704617
0.682728283839395
0.40534979423868317
0.0
0.571278140885984
0.7031098543145994
0.6095238095238096
0.527904813025586
0.5026640675763483
0.5679012345679012
0.0
0.0
0.5895709229042562
0.0
0.545375118708452
0.682728283839395
0.4748971193415638
0.0
0.531263556934055
0.4973681093135967
0.6158196436452951
0.5742317662307058
0.6670430593194822
0.6307710149173564
0.0
0.6321788797358172
0.5764246077834928
0.6464576074332172
0.0
0.0
0.6816204572302134
0.696584505527595
0.0
0.0
0.7113022309294573
0.6533733480841518
0.6262416851441243
0.6842042299546045
0.712446767324816
0.7107737167853966
0.6877208372184326
0.6559340866554152
0.7107347457521431
0.6856110585716956
0.7694803124501833
0.7255341204264526
0.7250665299445788
0.6767568067589652
0.0
0.6253348819202477
0.6209349593495935
0.5765186030238681
0.7092260061919505
0.560275307751876
0.6928671468071688
0.4754825139264498
0.574740516211996
0.6965886939571151
0.6667810831426392
0.5653095001655081
0.5990253411306043
0.7004821577753907
0.6216386011883793
0.6533771535757633
0.4099415204678363
0.5608836907082521
0.0
0.0
0.705796783625731
0.5981127060074428
0.6713815350701684
0.6991990465674677
0.6557211042311661
0.6416356886733825
0.6518258423765012
0.0
0.5856214610600575
0.6579845698583809
0.0
0.737531680984826
0.6990884072927416
0.6488694772370063
0.5596852245851505
