156.0
151.0
49.0
184.0
177.0
55.0
130.0
68.0
172.0
17.0
19.0
16.0
58.0
42.0
83.0
182.0
15.0
90.0
60.0
171.0
6.0
5.0
62.0
69.0
6.0
77.0
109.0
52.0
342.0
270.0
73.0
83.0
298.0
80.0
84.0
90.0
89.0
94.0
93.0
72.0
65.0
91.0
101.0
85.0
181.0
82.0
121.0
87.0
126.0
87.0
90.0
89.0
79.0
119.0
70.0
94.0
102.0
153.0
494.0
368.0
127.0
296.0
99.0
195.0
100.0
175.0
24.0
27.0
403.0
68.0
41.0
62.0
83.0
706.0
142.0
112.0
196.0
120.0
68.0
65.0
83.0
65.0
77.0
76.0
72.0
66.0
323.0
20.0
16.0
37.0
42.0
15.0
15.0
14.0
16.0
6.0
17.0
33.0
10.0
13.0
4.0
26.0
5.0
5.0
4.0
14.0
79.0
8.0
17.0
30.0
14.0
23.0
22.0
30.0
5.0
6.0
39.0
145.0
34.0
74.0
111.0
38.0
136.0
61.0
37.0
33.0
52.0
19.0
35.0
31.0
133.0
150.0
65.0
203.0
34.0
64.0
36.0
22.0
36.0
23.0
28.0
62.0
67.0
22.0
170.0
112.0
115.0
129.0
74.0
86.0
105.0
170.0
99.0
122.0
104.0
100.0
136.0
140.0
137.0
106.0
113.0
115.0
184.0
119.0
106.0
134.0
115.0
108.0
97.0
96.0
100.0
89.0
111.0
216.0
95.0
254.0
121.0
315.0
161.0
128.0
168.0
73.0
206.0
246.0
166.0
22.0
106.0
66.0
62.0
103.0
152.0
93.0
93.0
68.0
38.0
152.0
124.0
113.0
240.0
66.0
86.0
212.0
326.0
179.0
91.0
59.0
265.0
38.0
85.0
15.0
54.0
15.0
32.0
43.0
71.0
93.0
41.0
139.0
33.0
108.0
32.0
58.0
31.0
16.0
16.0
55.0
58.0
43.0
16.0
30.0
40.0
42.0
80.0
112.0
117.0
121.0
143.0
145.0
138.0
114.0
111.0
103.0
109.0
90.0
109.0
130.0
229.0
152.0
110.0
121.0
125.0
91.0
105.0
104.0
161.0
110.0
116.0
114.0
159.0
126.0
99.0
119.0
194.0
124.0
227.0
142.0
130.0
128.0
170.0
130.0
113.0
123.0
122.0
130.0
128.0
130.0
126.0
151.0
115.0
136.0
152.0
125.0
158.0
129.0
167.0
122.0
127.0
121.0
140.0
135.0
132.0
118.0
180.0
106.0
145.0
121.0
116.0
123.0
138.0
128.0
138.0
114.0
119.0
130.0
138.0
145.0
112.0
103.0
109.0
117.0
120.0
130.0
103.0
124.0
123.0
111.0
124.0
107.0
119.0
135.0
130.0
131.0
137.0
17.0
52.0
100.0
97.0
123.0
17.0
15.0
15.0
82.0
17.0
38.0
12.0
16.0
122.0
298.0
65.0
57.0
14.0
19.0
15.0
15.0
15.0
62.0
46.0
15.0
35.0
36.0
15.0
61.0
30.0
170.0
799.0
115.0
126.0
115.0
130.0
135.0
119.0
132.0
123.0
128.0
127.0
140.0
126.0
178.0
121.0
137.0
103.0
118.0
103.0
114.0
151.0
127.0
111.0
114.0
98.0
123.0
134.0
110.0
115.0
88.0
64.0
91.0
81.0
135.0
103.0
114.0
52.0
70.0
76.0
66.0
53.0
58.0
178.0
102.0
64.0
173.0
61.0
114.0
67.0
74.0
61.0
66.0
60.0
63.0
65.0
64.0
62.0
45.0
64.0
104.0
78.0
41.0
149.0
22.0
46.0
84.0
42.0
64.0
15.0
9.0
19.0
70.0
35.0
45.0
68.0
39.0
35.0
70.0
11.0
41.0
56.0
11.0
31.0
9.0
60.0
16.0
30.0
23.0
33.0
118.0
201.0
40.0
23.0
294.0
108.0
105.0
142.0
74.0
80.0
14.0
42.0
0.0
34.0
72.0
44.0
27.0
43.0
65.0
96.0
29.0
26.0
14.0
34.0
69.0
21.0
18.0
10.0
1.0
92.0
59.0
103.0
118.0
294.0
149.0
74.0
131.0
109.0
60.0
61.0
59.0
72.0
74.0
67.0
93.0
59.0
57.0
95.0
47.0
73.0
43.0
95.0
74.0
51.0
65.0
46.0
86.0
53.0
86.0
57.0
31.0
70.0
286.0
87.0
78.0
74.0
178.0
105.0
58.0
52.0
55.0
53.0
64.0
65.0
72.0
99.0
55.0
71.0
197.0
60.0
56.0
56.0
64.0
73.0
55.0
101.0
87.0
57.0
97.0
56.0
55.0
89.0
113.0
220.0
103.0
111.0
150.0
160.0
104.0
124.0
104.0
117.0
119.0
137.0
115.0
106.0
151.0
128.0
122.0
102.0
113.0
137.0
136.0
137.0
132.0
110.0
116.0
115.0
129.0
106.0
153.0
126.0
137.0
129.0
302.0
158.0
63.0
97.0
182.0
97.0
58.0
102.0
62.0
77.0
54.0
51.0
79.0
60.0
60.0
82.0
197.0
55.0
65.0
74.0
78.0
88.0
74.0
78.0
49.0
71.0
62.0
77.0
55.0
54.0
49.0
216.0
66.0
131.0
71.0
673.0
125.0
90.0
80.0
63.0
62.0
78.0
104.0
87.0
85.0
67.0
107.0
363.0
69.0
68.0
93.0
68.0
86.0
95.0
105.0
67.0
147.0
83.0
121.0
57.0
55.0
65.0
221.0
