0.17183098591549295
0.5492957746478874
0.7718309859154929
0.8169014084507042
0.2704225352112676
0.12258064516129032
0.17746478873239438
0.29014084507042254
0.15211267605633802
0.571830985915493
0.8028169014084507
0.8028169014084507
0.15492957746478872
0.2653846153846154
0.10704225352112676
0.2704225352112676
0.7887323943661971
0.12112676056338029
0.18591549295774648
0.11830985915492957
0.8115942028985508
0.8142857142857143
0.08732394366197183
0.18309859154929578
0.8115942028985508
0.1295774647887324
0.16901408450704225
0.17971014492753623
0.12112676056338029
0.1425925925925926
0.2984126984126984
0.184
0.16666666666666666
0.18681318681318682
0.1565217391304348
0.18787878787878787
0.6666666666666666
0.16428571428571428
0.3684210526315789
0.16923076923076924
0.22816901408450704
0.1837837837837838
0.6888888888888889
0.18333333333333332
0.17777777777777778
0.15319148936170213
0.09074074074074075
0.23333333333333334
0.16296296296296298
0.16756756756756758
0.5157894736842106
0.18235294117647058
0.11688311688311688
0.07407407407407407
0.253125
0.07407407407407407
1.0
0.09444444444444444
0.2714285714285714
0.18571428571428572
0.29285714285714287
0.2785714285714286
0.30714285714285716
0.2785714285714286
0.32857142857142857
0.2785714285714286
0.39285714285714285
0.32142857142857145
0.2785714285714286
0.29285714285714287
0.12142857142857143
0.2714285714285714
0.2714285714285714
0.45
0.45
0.5714285714285714
0.2714285714285714
0.2
0.29285714285714287
0.29285714285714287
0.44285714285714284
0.21428571428571427
0.29285714285714287
0.21428571428571427
0.2357142857142857
0.29285714285714287
0.2785714285714286
0.42857142857142855
0.51
0.5047619047619047
0.5238095238095238
0.47619047619047616
0.5
0.4727272727272727
0.25
0.9523809523809523
1.0
0.5333333333333333
0.6
0.6909090909090909
0.47619047619047616
0.2571428571428571
0.9047619047619048
0.42857142857142855
1.0
0.6
0.4857142857142857
1.0
1.0
1.0
0.7714285714285715
0.2571428571428571
0.9523809523809523
1.0
0.42857142857142855
0.8571428571428571
0.1590909090909091
0.1590909090909091
0.6681818181818182
0.4090909090909091
0.4090909090909091
0.2818181818181818
0.2409090909090909
0.41818181818181815
0.45454545454545453
0.36363636363636365
0.4090909090909091
0.5954545454545455
0.2590909090909091
0.5882352941176471
0.21363636363636362
0.4
0.22727272727272727
0.16818181818181818
0.3058823529411765
0.17727272727272728
0.5954545454545455
0.6227272727272727
0.19090909090909092
0.6227272727272727
0.5954545454545455
0.37272727272727274
0.37272727272727274
0.509090909090909
0.41363636363636364
0.1610738255033557
0.3836734693877551
0.21476510067114093
0.4226415094339623
0.2653846153846154
0.14545454545454545
0.19731543624161074
0.3368421052631579
0.4484848484848485
0.20842105263157895
0.21221374045801528
0.5111111111111111
0.52
0.24563758389261744
0.20833333333333334
0.1919463087248322
0.165625
0.12080536912751678
0.3565217391304348
0.20963855421686747
0.4095238095238095
0.2936170212765957
0.563265306122449
0.2735632183908046
0.3038461538461538
0.18389261744966443
0.28679245283018867
0.1489795918367347
0.1610738255033557
0.1880597014925373
0.33134328358208953
0.2417910447761194
0.3164179104477612
0.3940298507462687
0.31343283582089554
0.33134328358208953
0.24477611940298508
0.33134328358208953
0.24776119402985075
0.3850746268656716
0.575
0.3253731343283582
0.27761194029850744
0.1791044776119403
0.3582089552238806
0.28059701492537314
0.16417910447761194
0.39104477611940297
0.2208955223880597
0.32340425531914896
0.25970149253731345
0.42686567164179107
0.15223880597014924
0.32238805970149254
0.4
0.31343283582089554
0.29253731343283584
0.3761194029850746
0.175
0.22083333333333333
0.6375
0.225
0.2631578947368421
0.17916666666666667
0.9
0.2708333333333333
0.896969696969697
1.0
0.3333333333333333
0.225
0.17083333333333334
0.19583333333333333
0.6375
0.38095238095238093
0.22083333333333333
0.47058823529411764
0.15
0.4375
0.896969696969697
0.896969696969697
0.22916666666666666
0.30833333333333335
0.10833333333333334
0.896969696969697
0.7111111111111111
0.29583333333333334
0.1875
0.2833333333333333
0.24516129032258063
0.18686131386861313
0.21204819277108433
0.16626506024096385
0.2325301204819277
0.20602409638554217
0.5054054054054054
0.2783132530120482
0.36551724137931035
0.26626506024096386
0.4766355140186916
0.29777777777777775
0.3230769230769231
0.2397590361445783
0.21686746987951808
0.29384615384615387
0.23146067415730337
0.2325301204819277
0.45222929936305734
0.3228915662650602
0.48409090909090907
0.18795180722891566
0.3183673469387755
0.2511278195488722
0.16375
0.17951807228915662
0.6
0.371900826446281
0.3180722891566265
0.14096385542168674
0.14104046242774568
0.17671957671957672
0.13544973544973546
0.1544973544973545
0.27413793103448275
0.09735449735449736
0.5
0.2463768115942029
0.25757575757575757
0.3384615384615385
0.27228915662650605
0.11888111888111888
0.1898989898989899
0.1900709219858156
0.14814814814814814
0.2743801652892562
0.30886075949367087
0.6789473684210526
0.284
0.6545454545454545
0.28604651162790695
0.11957671957671957
0.14936708860759493
0.20526315789473684
0.3421686746987952
0.10899470899470899
0.4405797101449275
0.20434782608695654
0.6352941176470588
0.20952380952380953
0.4186046511627907
0.45555555555555555
0.28771929824561404
0.3641791044776119
0.32
0.17714285714285713
0.212
0.2827586206896552
0.38153846153846155
0.26
0.20540540540540542
0.1
0.5047619047619047
0.38666666666666666
0.26857142857142857
0.3494736842105263
0.25476190476190474
0.26101694915254237
0.40512820512820513
0.4
0.40444444444444444
0.32
0.3894736842105263
0.3074074074074074
0.2716049382716049
0.2459016393442623
0.21764705882352942
0.208
0.31794871794871793
0.2186335403726708
0.21176470588235294
0.2823529411764706
0.4117647058823529
0.16470588235294117
0.29411764705882354
0.0
0.4117647058823529
0.6
0.2823529411764706
0.16470588235294117
0.2823529411764706
0.7
0.16470588235294117
0.21176470588235294
0.4117647058823529
0.43529411764705883
0.5294117647058824
0.18823529411764706
0.24705882352941178
0.37142857142857144
0.6
0.6
0.36470588235294116
0.43529411764705883
0.6
0.2
0.18823529411764706
0.6
0.16470588235294117
0.17647058823529413
0.13641025641025642
0.2594871794871795
0.2543478260869565
0.22948717948717948
0.3213793103448276
0.1952941176470588
0.25054945054945055
0.22577319587628866
0.3271794871794872
0.23025210084033612
0.23970588235294119
0.26548672566371684
0.3424657534246575
0.2676923076923077
0.18153846153846154
0.24512820512820513
0.30847457627118646
0.18596491228070175
0.30077519379844964
0.27752808988764044
0.44485981308411215
0.3368421052631579
0.2765957446808511
0.424
0.3927927927927928
0.27794871794871795
0.24558823529411763
0.1282051282051282
0.362874251497006
0.28
0.10975609756097561
0.13414634146341464
0.11951219512195121
0.6
0.17804878048780487
0.17073170731707318
0.1878048780487805
0.34285714285714286
0.11219512195121951
0.15609756097560976
0.17317073170731706
0.236
0.2
0.13414634146341464
0.08536585365853659
0.2
0.11951219512195121
0.10689655172413794
0.13902439024390245
0.09866666666666667
0.1073170731707317
0.09850746268656717
0.22439024390243903
0.10163934426229508
0.11186440677966102
0.10476190476190476
0.33125
0.24242424242424243
0.396875
0.08076923076923077
0.6035087719298246
0.24561403508771928
0.7403508771929824
0.36140350877192984
0.7403508771929824
0.21052631578947367
0.2982456140350877
0.34375
0.3543859649122807
0.7307692307692307
0.7535714285714286
0.7403508771929824
0.4
0.37714285714285717
0.22807017543859648
0.6421052631578947
0.12280701754385964
0.38857142857142857
0.7403508771929824
0.7672727272727272
0.7403508771929824
0.23157894736842105
0.7672727272727272
0.5411764705882353
0.7535714285714286
0.7403508771929824
0.8558139534883721
0.6375
0.6923076923076923
0.3116279069767442
0.4421052631578947
0.6
0.45454545454545453
1.0
0.6363636363636364
1.0
0.45454545454545453
0.36363636363636365
0.21818181818181817
0.8545454545454545
0.32727272727272727
0.9090909090909091
1.0
0.18181818181818182
0.32727272727272727
0.6363636363636364
1.0
0.2727272727272727
0.3090909090909091
0.36363636363636365
0.2909090909090909
0.9090909090909091
0.32727272727272727
0.18181818181818182
0.2727272727272727
0.36363636363636365
0.18181818181818182
0.45454545454545453
1.0
0.36363636363636365
0.5454545454545454
0.509090909090909
0.1926829268292683
0.23414634146341465
0.2975609756097561
0.11463414634146342
0.3975609756097561
0.17560975609756097
0.12926829268292683
0.23880597014925373
0.348780487804878
0.18292682926829268
0.11463414634146342
0.11463414634146342
0.2121951219512195
0.2857142857142857
0.1696969696969697
0.35853658536585364
0.35853658536585364
0.26666666666666666
0.32987012987012987
0.3780487804878049
0.11463414634146342
0.275609756097561
0.13333333333333333
0.4440677966101695
0.25121951219512195
0.33170731707317075
0.3097560975609756
0.41621621621621624
0.456
0.1902439024390244
0.23414634146341465
0.1361111111111111
0.08333333333333333
0.12777777777777777
0.19444444444444445
0.12777777777777777
0.08823529411764706
0.4685714285714286
0.1527777777777778
0.1803921568627451
0.1638888888888889
0.18611111111111112
0.18611111111111112
0.125
0.10454545454545454
0.15833333333333333
0.1527777777777778
0.1388888888888889
0.09
0.2
0.125
0.22777777777777777
0.13055555555555556
0.16944444444444445
0.19166666666666668
0.13043478260869565
0.1388888888888889
0.10847457627118644
0.075
0.07222222222222222
0.1638888888888889
0.2
0.18666666666666668
0.21764705882352942
0.18888888888888888
0.16296296296296298
0.20521739130434782
0.14444444444444443
0.21651376146788992
0.2707317073170732
0.1457142857142857
0.7692307692307693
0.23943661971830985
0.2126126126126126
0.31666666666666665
0.09090909090909091
0.35333333333333333
0.21694915254237288
0.2714285714285714
0.8
0.2631578947368421
0.7037037037037037
0.13725490196078433
0.20238095238095238
0.21794871794871795
0.38235294117647056
0.156
0.2126126126126126
0.38
0.2206896551724138
0.3142857142857143
0.251063829787234
0.15555555555555556
0.16341463414634147
0.18611111111111112
0.4268292682926829
0.4121951219512195
0.4121951219512195
0.2612244897959184
0.2121951219512195
0.29444444444444445
0.15853658536585366
0.27384615384615385
0.25396825396825395
0.4121951219512195
0.2857142857142857
0.3681159420289855
0.3073170731707317
0.22195121951219512
0.1926829268292683
0.07560975609756097
0.2731707317073171
0.1926829268292683
0.4317073170731707
0.2121951219512195
0.4121951219512195
0.34146341463414637
0.22439024390243903
0.31351351351351353
0.24146341463414633
0.25882352941176473
0.18
0.444
0.16097560975609757
0.27578947368421053
0.10105263157894737
0.30526315789473685
0.27157894736842103
0.36210526315789476
0.31157894736842107
0.12631578947368421
0.15849056603773584
0.5155555555555555
0.1368421052631579
0.29473684210526313
0.4168421052631579
0.3
0.14814814814814814
0.22736842105263158
0.2968421052631579
0.35368421052631577
0.29545454545454547
0.26105263157894737
0.44675324675324674
0.4168421052631579
0.4126315789473684
0.391578947368421
0.3368421052631579
0.32842105263157895
0.3642105263157895
0.10105263157894737
0.47789473684210526
0.3411764705882353
0.12207792207792208
0.16631578947368422
