0.688695652173913
0.5746031746031746
0.34505494505494505
0.965925925925926
0.20980392156862746
0.23863636363636365
0.138255033557047
0.4361904761904762
0.4198019801980198
0.3111111111111111
0.25874125874125875
0.64625
0.5769230769230769
0.41146496815286626
0.46774193548387094
0.5212765957446809
0.45098039215686275
0.32040816326530613
0.2857142857142857
0.7444444444444445
0.4326923076923077
0.2716417910447761
0.3205882352941177
0.28695652173913044
0.46122448979591835
0.4661764705882353
0.3945945945945946
0.4486486486486487
0.7355371900826446
0.6666666666666666
0.5625
0.48604651162790696
0.32427184466019415
0.47761194029850745
0.6651685393258427
0.23636363636363636
0.3189873417721519
0.46785714285714286
0.7657142857142857
0.3060240963855422
0.7
0.24
0.6328571428571429
0.32142857142857145
0.6578313253012048
0.25321100917431194
0.9797979797979798
0.45321100917431195
0.7565217391304347
0.6110429447852761
0.3022222222222222
0.37777777777777777
0.9622222222222222
0.24883720930232558
0.6365384615384615
0.31313131313131315
0.2271604938271605
0.25882352941176473
0.6416
0.3395973154362416
0.1813664596273292
0.612280701754386
0.7411764705882353
0.44776119402985076
0.3793103448275862
0.8683544303797468
0.39090909090909093
0.3388235294117647
0.6078431372549019
0.6950354609929078
0.31317829457364343
0.4560975609756098
0.17762237762237762
0.446875
0.5785714285714286
0.49743589743589745
0.3857988165680473
0.35365853658536583
0.423728813559322
0.5152941176470588
0.710204081632653
0.7109375
0.5584905660377358
0.3487179487179487
0.8446808510638298
0.4051724137931034
0.5639344262295082
0.3238095238095238
0.5152777777777777
0.6166666666666667
0.3921875
0.29518072289156627
0.43023255813953487
0.27928994082840236
0.2641509433962264
0.6796296296296296
0.6342105263157894
0.49019607843137253
0.7522727272727273
0.5830985915492958
0.375
0.24107142857142858
0.24482758620689654
0.362406015037594
0.7435897435897436
0.5545454545454546
0.38448275862068965
0.7305555555555555
0.44363636363636366
0.5651376146788991
0.4631578947368421
0.4652173913043478
0.38823529411764707
0.2953846153846154
0.28840579710144926
0.5245901639344263
0.7748148148148148
0.2375
0.46835443037974683
0.52
0.35942028985507246
0.5982142857142857
0.41403508771929826
0.3593220338983051
0.4673469387755102
0.2835820895522388
0.8070175438596491
0.35180722891566263
0.6979020979020979
0.3041095890410959
0.8625
0.6365384615384615
0.5575757575757576
0.5012048192771085
0.4
0.4117647058823529
0.4
0.41818181818181815
0.7195652173913043
0.6513274336283186
0.5176470588235295
0.21818181818181817
0.395
0.4026666666666667
0.5838709677419355
0.4357142857142857
0.574496644295302
0.35294117647058826
0.3392857142857143
0.594392523364486
0.4738095238095238
0.6246153846153846
0.6455284552845528
0.6299319727891156
0.5622641509433962
0.5797752808988764
0.46
0.2786885245901639
0.26666666666666666
0.28125
0.8451612903225807
0.5524475524475524
0.5386666666666666
0.35194805194805195
0.6578947368421053
0.47
0.34095238095238095
0.8758620689655172
0.24705882352941178
0.30483870967741933
0.778125
0.5378378378378378
0.6157894736842106
0.6909090909090909
0.42142857142857143
0.48823529411764705
0.2660377358490566
0.6903225806451613
0.3227722772277228
0.37446808510638296
0.832258064516129
0.6162790697674418
0.35873015873015873
0.34146341463414637
0.3448275862068966
0.4261437908496732
0.9428571428571428
0.5272727272727272
0.3611940298507463
0.2832
0.26666666666666666
0.2623376623376623
0.7432432432432432
0.31868131868131866
0.7344262295081967
0.6040816326530613
0.47246376811594204
0.3674418604651163
0.552
0.3490683229813665
0.6417391304347826
0.7154761904761905
0.3028571428571429
0.15616438356164383
0.5685714285714286
0.2459016393442623
0.9086206896551724
0.78125
0.32432432432432434
0.4093457943925234
0.38873239436619716
0.38666666666666666
0.7971014492753623
0.28363636363636363
0.3235294117647059
0.8731707317073171
0.32688172043010755
0.4896
0.8723404255319149
0.3968253968253968
0.22564102564102564
0.8025
0.9770491803278688
0.4878048780487805
0.5929824561403508
0.4027777777777778
0.5859375
0.965
0.4024390243902439
0.47378640776699027
0.5035087719298246
0.7383333333333333
0.25866666666666666
0.49186046511627907
0.5866666666666667
0.42258064516129035
0.2716049382716049
0.568
0.30416666666666664
0.35658914728682173
0.5227272727272727
0.27706422018348625
0.6483333333333333
0.676595744680851
0.5595238095238095
0.21203007518796993
0.6634146341463415
0.3
0.3952941176470588
0.4603448275862069
0.684931506849315
0.5177142857142857
0.6097087378640776
0.2868421052631579
0.8959349593495934
0.5584
0.3918918918918919
0.6569444444444444
0.5671641791044776
0.5229357798165137
0.5113924050632911
0.6237623762376238
0.6282828282828283
0.5938144329896907
0.2967741935483871
0.765625
0.6075
0.6072072072072072
0.2627450980392157
0.647191011235955
0.23243243243243245
0.688
0.274468085106383
0.3422680412371134
0.8373831775700935
0.34022988505747126
0.550561797752809
0.3694915254237288
0.55
0.3116883116883117
0.6378787878787879
0.3180327868852459
0.3694915254237288
0.4438356164383562
0.5174311926605505
0.5590909090909091
0.2575
0.4654867256637168
0.4633093525179856
0.5795275590551181
0.6655172413793103
0.2765432098765432
0.6577777777777778
0.34285714285714286
0.3433962264150943
0.5281553398058253
0.6593406593406593
0.8269662921348314
0.5428571428571428
0.528
0.6787878787878788
0.29101796407185626
0.25882352941176473
0.32
0.49
0.7615384615384615
0.4440677966101695
0.5256410256410257
0.6232558139534884
0.56
0.2992481203007519
0.5765765765765766
0.24662576687116564
0.4066666666666667
0.5935483870967742
0.5443478260869565
0.3320754716981132
0.7
0.4
0.5319727891156463
0.39076923076923076
0.5564356435643565
0.7683168316831683
0.3284552845528455
0.6
0.4
0.4666666666666667
0.676
0.44468085106382976
0.325
0.49421487603305786
0.8990291262135922
0.6133333333333333
0.5326315789473685
0.29444444444444445
0.43466666666666665
0.3341176470588235
0.7094339622641509
0.7246376811594203
0.43917525773195876
0.34054054054054056
0.42931034482758623
0.2980769230769231
0.18604651162790697
0.2641509433962264
0.6387096774193548
0.5074626865671642
0.35454545454545455
0.7654320987654321
0.8282828282828283
0.4197802197802198
0.41333333333333333
0.22857142857142856
0.33043478260869563
0.5302325581395348
0.7223529411764706
0.2740740740740741
0.48363636363636364
0.6341772151898735
0.6820143884892086
0.38309859154929576
0.6829268292682927
0.3710843373493976
0.660952380952381
0.48055555555555557
0.46329113924050636
0.5662921348314607
0.5217391304347826
0.611764705882353
0.8301587301587302
0.8527472527472527
0.428125
0.373134328358209
0.8588235294117647
0.4425531914893617
0.8761061946902655
0.4357142857142857
0.6458333333333334
0.43870967741935485
0.22
0.6846153846153846
0.24
0.42857142857142855
0.2625
0.7487603305785124
0.46153846153846156
0.5530434782608695
0.5936842105263158
0.6163265306122448
0.6478260869565218
0.5481481481481482
0.5504761904761905
0.45309734513274336
0.3977272727272727
0.3397058823529412
0.611764705882353
0.7636363636363637
0.278125
0.7287128712871287
0.26666666666666666
0.6413793103448275
0.38850574712643676
0.60625
0.2975
0.3274725274725275
0.2146341463414634
0.5296296296296297
0.4136986301369863
0.2129032258064516
0.5818181818181818
0.4828571428571429
0.5121951219512195
0.5952380952380952
0.9932203389830508
0.4676470588235294
0.25901639344262295
0.44242424242424244
0.7031746031746032
0.5111111111111111
0.2819875776397516
0.3274074074074074
0.29375
0.40625
0.35
0.6154838709677419
0.7123809523809523
0.3103448275862069
0.4943820224719101
0.32839506172839505
0.4344086021505376
0.6715151515151515
0.6784313725490196
0.33714285714285713
0.2807017543859649
0.3744
0.5811320754716981
0.26126126126126126
0.24552845528455283
0.4423076923076923
0.7163636363636363
0.24606060606060606
0.5702127659574469
0.4612903225806452
0.3391304347826087
0.45714285714285713
0.4591549295774648
0.19402985074626866
0.2804123711340206
0.6584070796460177
0.9515151515151515
0.5428571428571428
0.41360544217687073
0.2
0.5617647058823529
0.6836363636363636
0.7536585365853659
0.3333333333333333
0.5270833333333333
0.6338983050847458
0.38181818181818183
0.44175824175824174
0.3907407407407407
0.744578313253012
0.6478632478632479
0.3811764705882353
0.8768
0.24375
0.7082706766917293
0.8032258064516129
0.3261261261261261
0.3238095238095238
0.23529411764705882
0.33548387096774196
0.6789473684210526
0.3775
0.20430107526881722
0.9145299145299145
0.49072164948453606
0.3805309734513274
0.42028985507246375
0.32266666666666666
0.4
0.3510791366906475
0.35434782608695653
0.309375
0.34225352112676055
0.4905109489051095
0.6278481012658228
0.3333333333333333
0.45057471264367815
0.6980392156862745
0.46190476190476193
0.1865546218487395
0.3627586206896552
0.27761194029850744
0.6571428571428571
0.26956521739130435
0.5113207547169811
0.4795180722891566
0.3628571428571429
0.51
0.5288888888888889
0.8333333333333334
0.34444444444444444
0.3402777777777778
0.7690721649484537
0.43963963963963965
0.5394736842105263
0.5
0.31851851851851853
0.23
0.5073529411764706
0.4101694915254237
0.3660377358490566
0.3903225806451613
0.4779220779220779
0.24523809523809523
0.6
0.7204819277108434
0.602020202020202
0.4
0.38461538461538464
0.434
0.5777777777777777
0.7675213675213676
0.2923076923076923
0.590625
0.5755725190839694
0.3261538461538461
0.35802469135802467
0.2425531914893617
0.36619718309859156
0.7413793103448276
0.6459259259259259
0.10177514792899409
0.4764044943820225
0.24705882352941178
0.3965317919075145
0.3154929577464789
0.5006802721088436
0.30120481927710846
0.265
0.28256880733944956
0.8379746835443038
0.4631578947368421
0.6076923076923076
0.6150943396226415
0.3788235294117647
0.45151515151515154
0.6060606060606061
0.4514285714285714
0.4859154929577465
0.6780952380952381
0.422
0.6409090909090909
0.37727272727272726
0.47704918032786886
0.6083333333333333
0.6851851851851852
0.6236842105263158
0.7518518518518519
0.827536231884058
0.20382165605095542
0.3861111111111111
0.8181818181818182
0.5230769230769231
0.7
0.5366197183098591
0.6014925373134329
0.33707865168539325
0.6791666666666667
0.4742857142857143
0.5552631578947368
0.49318181818181817
0.20606060606060606
0.19555555555555557
0.3847457627118644
0.2791666666666667
0.35974025974025975
0.3509090909090909
0.24175824175824176
0.31407407407407406
0.5027027027027027
0.5191489361702127
0.3569620253164557
0.9063829787234042
0.56
0.6258064516129033
0.45544554455445546
0.45714285714285713
0.30851063829787234
0.38181818181818183
0.35789473684210527
0.5015151515151515
0.4777777777777778
0.5584905660377358
0.3494736842105263
0.454
0.29069767441860467
0.5784615384615385
0.8409448818897638
0.3192982456140351
0.36626506024096384
0.5839285714285715
0.7154929577464789
0.712280701754386
0.3475409836065574
0.5
0.7777777777777778
0.21797752808988763
0.3419354838709677
0.5235294117647059
0.5327868852459017
0.30869565217391304
0.7290322580645161
0.30303030303030304
0.30923076923076925
0.2566929133858268
0.35268817204301073
0.36049382716049383
0.5223529411764706
0.5847826086956521
0.2896551724137931
0.9686956521739131
0.5835820895522388
0.260655737704918
0.4666666666666667
0.3423076923076923
0.4613861386138614
0.7216494845360825
0.4438356164383562
0.37941176470588234
0.37555555555555553
0.6746268656716418
0.4254545454545455
0.3303030303030303
0.5820224719101124
0.5508474576271186
0.9382978723404255
0.6707692307692308
0.6217687074829932
0.19791666666666666
0.20980392156862746
0.3217391304347826
0.636697247706422
0.385
0.5622950819672131
0.56
0.534375
0.2875
0.3054545454545455
0.6267605633802817
0.25765765765765763
0.5263157894736842
0.3816326530612245
0.8631578947368421
0.5362068965517242
0.8069364161849711
0.76875
0.3888888888888889
0.3873684210526316
0.6172839506172839
0.31636363636363635
0.4530612244897959
0.7122448979591837
0.6179775280898876
0.4117647058823529
0.6125
0.5046153846153846
0.3843137254901961
0.64
0.2852941176470588
0.7037037037037037
0.16703296703296702
0.7363636363636363
0.5887323943661972
0.26875
0.636144578313253
0.6713286713286714
0.6704225352112676
0.21304347826086956
0.3105263157894737
0.38476190476190475
0.2051948051948052
0.6526315789473685
0.1371794871794872
0.7388888888888889
0.43373493975903615
0.3425925925925926
0.3564356435643564
0.9108910891089109
0.38153846153846155
0.4461538461538462
0.46153846153846156
0.22926829268292684
0.42105263157894735
0.6296875
0.3645833333333333
0.28
0.4470588235294118
0.2894736842105263
0.3
0.7024390243902439
0.37446808510638296
0.4378947368421053
0.6635658914728683
0.6639175257731958
0.26865671641791045
0.6862068965517242
0.3037974683544304
0.6533333333333333
0.31063829787234043
0.3
0.36258064516129035
0.786
0.674468085106383
0.48095238095238096
0.6227272727272727
0.6227848101265823
0.2136125654450262
0.5083333333333333
0.5298507462686567
0.22197802197802197
0.660759493670886
0.7479452054794521
0.6625
0.508
0.56
0.2608
0.38072289156626504
0.4067796610169492
0.28285714285714286
0.43411764705882355
0.5586206896551724
0.3701149425287356
0.33658536585365856
0.36
0.2677966101694915
0.3105263157894737
0.6277372262773723
0.48035714285714287
0.594392523364486
0.5904761904761905
0.2837209302325581
0.5369565217391304
0.4
0.6072727272727273
0.3146067415730337
0.25396825396825395
0.604494382022472
0.8695652173913043
0.6388888888888888
0.7473684210526316
0.6146341463414634
0.7714285714285715
0.5259259259259259
0.7714285714285715
0.5769230769230769
0.8928571428571429
0.8275862068965517
0.9764705882352941
0.8
0.5133333333333333
0.7724137931034483
0.503448275862069
0.7666666666666667
0.9333333333333333
0.8615384615384616
0.9333333333333333
0.8
0.6097560975609756
0.77
0.9172413793103448
0.6785714285714286
0.8533333333333334
0.8148148148148148
0.5333333333333333
0.472
0.4583333333333333
0.52
0.823076923076923
0.823076923076923
0.7846153846153846
0.823076923076923
0.8428571428571429
0.96875
0.7666666666666667
0.6133333333333333
0.8173913043478261
0.5217391304347826
0.8173913043478261
0.825
0.8583333333333333
0.8
0.8
0.8
0.784
0.784
0.8
0.8
0.56
0.8428571428571429
0.9096774193548387
1.0
0.9230769230769231
0.8521739130434782
0.782608695652174
0.8521739130434782
0.65
0.8
0.7407407407407407
0.5625
0.8
0.9166666666666666
0.6923076923076923
0.7230769230769231
0.7307692307692307
0.47619047619047616
1.0
0.967741935483871
0.8303030303030303
0.8125
0.9130434782608695
0.5416666666666666
0.7384615384615385
0.7083333333333334
0.7916666666666666
0.9333333333333333
0.6518518518518519
0.7142857142857143
0.8105263157894737
0.8888888888888888
0.8117647058823529
0.5583333333333333
0.725
0.525
0.8615384615384616
0.79
0.7481481481481481
0.6444444444444445
0.7777777777777778
0.48148148148148145
0.7777777777777778
0.7777777777777778
0.8714285714285714
0.5555555555555556
0.7928571428571428
0.8
0.8
0.697560975609756
0.6933333333333334
0.8823529411764706
0.5368421052631579
0.59375
0.6923076923076923
0.8166666666666667
0.7692307692307693
0.7307692307692307
0.768
0.75
0.7357142857142858
0.745
0.7542857142857143
0.7513513513513513
0.2903225806451613
0.775
0.5757575757575758
0.33636363636363636
0.7948717948717948
0.72
0.6235294117647059
0.6235294117647059
0.6235294117647059
0.788235294117647
0.788235294117647
0.788235294117647
0.788235294117647
0.7142857142857143
0.7
0.6571428571428571
0.7
0.7
0.6875
0.5411764705882353
0.5333333333333333
0.7241379310344828
0.7391304347826086
0.7083333333333334
0.6956521739130435
0.6846153846153846
0.6846153846153846
0.7461538461538462
0.6962962962962963
0.6758620689655173
0.9583333333333334
0.7241379310344828
0.9615384615384616
0.8275862068965517
0.6153846153846154
0.9615384615384616
0.7724137931034483
0.9125
0.5294117647058824
0.7529411764705882
0.7222222222222222
0.7076923076923077
0.7684210526315789
0.7090909090909091
0.7428571428571429
0.391304347826087
0.391304347826087
0.782608695652174
0.7304347826086957
0.504
0.8166666666666667
0.712
0.792
0.676923076923077
0.8071428571428572
0.7142857142857143
0.96
0.5862068965517241
0.6625
0.6390243902439025
0.6679245283018868
0.7047619047619048
0.8444444444444444
0.6352941176470588
0.7235294117647059
0.75
0.672
0.6482758620689655
0.632
0.7083333333333334
0.7916666666666666
0.8888888888888888
0.6352941176470588
0.5294117647058824
0.6842105263157895
0.5764705882352941
0.7621621621621621
0.9655172413793104
0.9655172413793104
0.7290322580645161
0.4444444444444444
0.464
0.6
0.76
0.9473684210526315
0.6666666666666666
0.7125
0.6461538461538462
0.6888888888888889
0.9
0.43636363636363634
0.512
0.7083333333333334
0.7548387096774194
0.72
0.5789473684210527
0.4645161290322581
0.7142857142857143
0.7538461538461538
0.7307692307692307
0.780952380952381
0.6083333333333333
0.4052631578947368
0.6333333333333333
0.46285714285714286
0.35555555555555557
0.6333333333333333
0.8
0.8111111111111111
0.456
0.5333333333333333
0.42
0.5
0.6242424242424243
0.4666666666666667
0.7076923076923077
0.4074074074074074
0.7304347826086957
0.5555555555555556
0.5407407407407407
0.5925925925925926
0.3793103448275862
0.475
0.792
0.47586206896551725
0.72
0.6848484848484848
0.6457142857142857
0.6372093023255814
0.6444444444444445
0.3769230769230769
0.4230769230769231
0.56
0.56875
0.5058823529411764
0.49714285714285716
0.4782608695652174
0.6
0.275
0.696969696969697
0.7241379310344828
0.6076923076923076
0.676923076923077
0.5379310344827586
0.7391304347826086
0.41904761904761906
0.45
0.8076923076923077
0.5214285714285715
0.41379310344827586
0.6285714285714286
0.4148148148148148
0.5769230769230769
0.5461538461538461
0.52
0.9411764705882353
0.4967741935483871
0.5
0.5571428571428572
0.6307692307692307
0.46153846153846156
0.40714285714285714
0.6176470588235294
0.48484848484848486
0.4608695652173913
0.7870967741935484
0.525
0.41333333333333333
0.5703703703703704
0.6785714285714286
0.6545454545454545
0.5578947368421052
0.5025641025641026
0.7529411764705882
0.6105263157894737
0.68
0.5666666666666667
0.472
0.456
0.4645161290322581
0.45
0.4838709677419355
0.5652173913043478
0.43478260869565216
0.7071428571428572
0.28
0.4740740740740741
0.5066666666666667
0.63125
0.6896551724137931
0.6933333333333334
0.7565217391304347
0.6785714285714286
0.5923076923076923
0.5851851851851851
0.5724137931034483
0.6
0.9411764705882353
0.8210526315789474
0.40555555555555556
0.3
0.32571428571428573
0.5826086956521739
0.68
0.25
0.416
0.5583333333333333
0.7642857142857142
0.38064516129032255
0.6296296296296297
0.8125
0.4117647058823529
0.5882352941176471
0.632
0.6695652173913044
0.4583333333333333
0.4461538461538462
0.576
0.2875
0.5757575757575758
0.6709677419354839
0.5948717948717949
0.5588235294117647
0.3611111111111111
0.35555555555555557
0.5555555555555556
0.5333333333333333
0.4857142857142857
0.5642857142857143
0.6705882352941176
0.9615384615384616
0.51875
0.3103448275862069
0.6071428571428571
0.4090909090909091
0.6736842105263158
0.6947368421052632
0.5492063492063493
0.5675675675675675
0.5416666666666666
0.375
0.375
0.41904761904761906
0.6761904761904762
0.4875
0.7470588235294118
0.7642857142857142
0.5135135135135135
0.8
0.591304347826087
0.528
0.536
0.6
0.36470588235294116
0.5
0.6347826086956522
0.376
0.6416666666666667
0.568
0.49411764705882355
0.64
0.625
0.6916666666666667
0.46923076923076923
0.4714285714285714
0.5785714285714286
0.6370370370370371
0.5842105263157895
0.43703703703703706
0.4827586206896552
0.4642857142857143
0.5647058823529412
0.7083333333333334
0.76
0.5548387096774193
0.46842105263157896
0.5615384615384615
0.568
0.4090909090909091
0.95
0.5310344827586206
0.4
0.5448275862068965
0.40714285714285714
0.6533333333333333
0.6228571428571429
0.4486486486486487
0.51875
0.5791666666666667
0.36363636363636365
0.65
0.4444444444444444
0.5923076923076923
0.6666666666666666
0.8083333333333333
0.52
0.39473684210526316
0.47317073170731705
0.413953488372093
0.2909090909090909
0.6357142857142857
0.3333333333333333
0.3225806451612903
0.5391304347826087
0.47368421052631576
0.4846153846153846
0.5272727272727272
0.41379310344827586
0.4685714285714286
0.631578947368421
0.4148148148148148
0.55
0.6588235294117647
0.43333333333333335
0.41818181818181815
0.8355555555555556
0.7878787878787878
0.48947368421052634
0.6714285714285714
0.6266666666666667
0.4702702702702703
0.36666666666666664
0.46875
0.4068965517241379
0.475
0.3333333333333333
0.42857142857142855
0.2896551724137931
0.31333333333333335
0.416
0.4666666666666667
0.5071428571428571
0.5259259259259259
0.4413793103448276
0.3076923076923077
0.45384615384615384
0.4846153846153846
0.28444444444444444
0.47619047619047616
0.65
0.42857142857142855
0.496
0.3212121212121212
0.31176470588235294
0.47692307692307695
0.2714285714285714
0.5290322580645161
0.5513513513513514
0.5
0.5615384615384615
0.5153846153846153
0.44
0.2388888888888889
0.36
0.46923076923076923
0.36
0.5636363636363636
0.36470588235294116
0.33793103448275863
0.37777777777777777
0.37272727272727274
0.358974358974359
0.4827586206896552
0.5307692307692308
0.2967741935483871
0.4375
0.7485714285714286
0.3739130434782609
0.4666666666666667
0.4206896551724138
0.6592592592592592
0.391304347826087
0.35714285714285715
0.7111111111111111
0.30196078431372547
0.5304347826086957
0.5652173913043478
0.23703703703703705
0.47346938775510206
0.344
0.33548387096774196
0.32682926829268294
0.23673469387755103
0.7818181818181819
0.3673469387755102
0.5166666666666667
0.4
0.7368421052631579
0.3684210526315789
0.38235294117647056
0.9473684210526315
0.36666666666666664
0.37272727272727274
0.5032258064516129
0.32558139534883723
0.6347826086956522
0.4222222222222222
0.45517241379310347
0.42962962962962964
0.4838709677419355
0.4470588235294118
0.65
0.32978723404255317
0.33043478260869563
0.616
0.376
0.28
0.5703703703703704
0.4714285714285714
0.36666666666666664
0.34210526315789475
0.5083333333333333
0.41578947368421054
0.37142857142857144
0.455
0.6068965517241379
0.4111111111111111
0.4
0.3837837837837838
0.43529411764705883
0.35333333333333333
0.3793103448275862
0.43846153846153846
0.32413793103448274
0.18461538461538463
0.4095238095238095
0.3333333333333333
0.5263157894736842
0.4
0.4636363636363636
0.41739130434782606
0.21666666666666667
0.37
0.4875
0.4594594594594595
0.425
0.456
0.7391304347826086
0.464
0.2962962962962963
0.49230769230769234
0.52
0.30256410256410254
0.5066666666666667
0.48148148148148145
0.19230769230769232
0.5
0.41081081081081083
0.4228571428571429
0.593103448275862
0.22424242424242424
0.4857142857142857
0.3142857142857143
0.4
0.38235294117647056
0.4827586206896552
0.3448275862068966
0.4
0.5304347826086957
0.45517241379310347
0.48
0.26666666666666666
0.4222222222222222
0.56
0.225
0.4230769230769231
0.3793103448275862
0.4375
0.26842105263157895
0.3314285714285714
0.4
0.4166666666666667
0.44878048780487806
0.2733333333333333
0.3103448275862069
0.5818181818181818
0.24390243902439024
0.2863636363636364
0.26153846153846155
0.45
0.27586206896551724
0.43448275862068964
0.3473684210526316
0.37714285714285717
0.42105263157894735
0.3548387096774194
0.25806451612903225
0.36363636363636365
0.3368421052631579
0.35789473684210527
0.26842105263157895
0.40476190476190477
0.2833333333333333
0.39375
0.42962962962962964
0.46923076923076923
0.26
0.37037037037037035
0.27586206896551724
0.38620689655172413
0.362962962962963
0.36551724137931035
0.5391304347826087
0.26153846153846155
0.3153846153846154
0.23255813953488372
0.38823529411764707
0.37857142857142856
0.23076923076923078
0.25
0.28125
0.344
0.3851851851851852
0.1891891891891892
0.5076923076923077
0.46153846153846156
0.6466666666666666
0.35
0.32666666666666666
0.2846153846153846
0.4066666666666667
0.26153846153846155
0.3225806451612903
0.2740740740740741
0.37777777777777777
0.23076923076923078
0.3826086956521739
0.3904761904761905
0.26666666666666666
0.5478260869565217
0.375
0.25925925925925924
0.3724137931034483
0.3116279069767442
0.25
0.34545454545454546
0.344
0.35555555555555557
0.6814814814814815
0.36
0.5866666666666667
0.7176470588235294
0.25263157894736843
0.55
0.27
0.40869565217391307
0.29714285714285715
0.25806451612903225
0.305
0.328125
0.35789473684210527
0.2857142857142857
0.2620689655172414
0.42857142857142855
0.3225806451612903
0.19
0.35833333333333334
0.3142857142857143
0.26666666666666666
0.44
0.4142857142857143
0.3090909090909091
0.24
0.3
0.3333333333333333
0.4
0.25
0.27741935483870966
0.46285714285714286
0.4588235294117647
0.30303030303030304
0.35909090909090907
0.16666666666666666
0.4
0.30714285714285716
0.3096774193548387
0.27741935483870966
0.6
0.4666666666666667
0.4258064516129032
0.26296296296296295
0.24516129032258063
0.18620689655172415
0.255
0.4090909090909091
0.3851851851851852
0.18888888888888888
0.25217391304347825
0.4722222222222222
0.4666666666666667
0.26153846153846155
0.23658536585365852
0.2357142857142857
0.39090909090909093
0.2
0.3142857142857143
0.3381818181818182
0.6090909090909091
0.3586206896551724
0.2714285714285714
0.26857142857142857
0.23636363636363636
0.35
0.24210526315789474
0.23902439024390243
0.5888888888888889
0.3739130434782609
0.32
0.45263157894736844
0.3047619047619048
0.376
0.5
0.3
0.42857142857142855
0.24285714285714285
0.43846153846153846
0.5333333333333333
0.2702702702702703
0.33548387096774196
0.20588235294117646
0.4785714285714286
0.16842105263157894
0.9310344827586207
0.35
0.35625
0.41379310344827586
0.21212121212121213
0.23333333333333334
0.2692307692307692
0.20833333333333334
0.32592592592592595
0.24347826086956523
0.37857142857142856
0.27692307692307694
0.24
0.31666666666666665
