0.4444444444444444
0.1111111111111111
0.2
0.8947368421052632
0.0
0.0
0.041666666666666664
0.3888888888888889
0.25
0.11764705882352941
0.15384615384615385
0.5769230769230769
0.4782608695652174
0.22580645161290322
0.3
0.47058823529411764
0.15384615384615385
0.21428571428571427
0.2
0.5
0.23076923076923078
0.08333333333333333
0.16666666666666666
0.13333333333333333
0.0
0.8
0.375
0.17647058823529413
0.5217391304347826
0.23333333333333334
0.15384615384615385
0.2608695652173913
0.16666666666666666
0.38095238095238093
0.29411764705882354
0.0
0.15384615384615385
0.2
0.5333333333333333
0.14285714285714285
0.15384615384615385
0.10526315789473684
0.3157894736842105
0.2
0.2222222222222222
0.05555555555555555
0.6
0.26666666666666666
0.5652173913043478
0.5
0.15
0.35714285714285715
0.5555555555555556
0.125
0.1111111111111111
0.11764705882352941
0.1875
0.13043478260869565
0.37037037037037035
0.21739130434782608
0.2
0.4444444444444444
0.4583333333333333
0.3
0.2857142857142857
0.7368421052631579
0.3157894736842105
0.16
0.5
0.45454545454545453
0.2727272727272727
0.23076923076923078
0.25925925925925924
0.18181818181818182
0.2857142857142857
0.15384615384615385
0.56
0.3076923076923077
0.0
0.5294117647058824
0.3333333333333333
0.4444444444444444
0.2
0.14285714285714285
0.7777777777777778
0.0
0.1
0.0625
0.17857142857142858
0.4
0.5454545454545454
0.21428571428571427
0.3076923076923077
0.20833333333333334
0.0
0.3684210526315789
0.46153846153846156
0.3684210526315789
0.15
0.5217391304347826
0.1111111111111111
0.08695652173913043
0.0
0.20689655172413793
0.5652173913043478
0.2631578947368421
0.17647058823529413
0.5
0.08333333333333333
0.45
0.23076923076923078
0.2222222222222222
0.23076923076923078
0.09090909090909091
0.08
0.4
0.52
0.0
0.3333333333333333
0.1111111111111111
0.058823529411764705
0.5555555555555556
0.0
0.0
0.25
0.15384615384615385
0.65
0.17647058823529413
0.30434782608695654
0.0625
0.3103448275862069
0.2
0.2777777777777778
0.7307692307692307
0.29411764705882354
0.1
0.2727272727272727
0.30303030303030304
0.5625
0.4166666666666667
0.16666666666666666
0.0
0.20689655172413793
0.4
0.4090909090909091
0.16666666666666666
0.391304347826087
0.2631578947368421
0.3076923076923077
0.3157894736842105
0.42857142857142855
0.2413793103448276
0.5185185185185185
0.68
0.23076923076923078
0.3125
0.23076923076923078
0.2
0.4
0.125
0.4444444444444444
0.4444444444444444
0.2631578947368421
0.4583333333333333
0.4
0.20689655172413793
0.23529411764705882
0.5357142857142857
0.2413793103448276
0.2
0.43478260869565216
0.21052631578947367
0.34782608695652173
0.25925925925925924
0.0
0.16666666666666666
0.17647058823529413
0.4827586206896552
0.08
0.4117647058823529
0.38461538461538464
0.4
0.0
0.28
0.10526315789473684
0.56
0.5806451612903226
0.2857142857142857
0.07142857142857142
0.16666666666666666
0.0
0.125
0.2631578947368421
0.10526315789473684
0.46153846153846156
0.25
0.6956521739130435
0.0
0.4583333333333333
0.24
0.5
0.6538461538461539
0.0
0.0
0.17647058823529413
0.0
0.5833333333333334
0.5238095238095238
0.058823529411764705
0.3888888888888889
0.26666666666666666
0.16666666666666666
0.6666666666666666
0.3157894736842105
0.16
0.7058823529411765
0.29411764705882354
0.2962962962962963
0.7
0.38095238095238093
0.07692307692307693
0.7142857142857143
0.5789473684210527
0.3333333333333333
0.4
0.2857142857142857
0.7407407407407407
0.4230769230769231
0.13043478260869565
0.13333333333333333
0.38095238095238093
0.6
0.0
0.4482758620689655
0.23529411764705882
0.0
0.1
0.7083333333333334
0.16666666666666666
0.30434782608695654
0.15384615384615385
0.25
0.3448275862068966
0.47058823529411764
0.3
0.13636363636363635
0.45
0.0
0.2608695652173913
0.3
0.6666666666666666
0.7241379310344828
0.42105263157894735
0.0
0.85
0.30434782608695654
0.3333333333333333
0.3
0.25
0.3333333333333333
0.16666666666666666
0.5294117647058824
0.42857142857142855
0.29411764705882354
0.08333333333333333
0.6521739130434783
0.2727272727272727
0.4090909090909091
0.14285714285714285
0.5
0.07142857142857142
0.45454545454545453
0.09090909090909091
0.22727272727272727
0.5909090909090909
0.2
0.4117647058823529
0.0
0.3
0.05
0.43333333333333335
0.25
0.09090909090909091
0.11764705882352941
0.4117647058823529
0.16666666666666666
0.07142857142857142
0.35
0.14814814814814814
0.375
0.3888888888888889
0.08333333333333333
0.36363636363636365
0.0
0.2222222222222222
0.8
0.21052631578947367
0.6842105263157895
0.3
0.25
0.5
0.1
0.0
0.2857142857142857
0.2857142857142857
0.6923076923076923
0.375
0.3125
0.7142857142857143
0.42857142857142855
0.16
0.5185185185185185
0.2692307692307692
0.06666666666666667
0.42105263157894735
0.4090909090909091
0.16666666666666666
0.6923076923076923
0.25
0.4827586206896552
0.0
0.45454545454545453
0.8421052631578947
0.14285714285714285
0.47058823529411764
0.0
0.06666666666666667
0.23809523809523808
0.17391304347826086
0.0
0.36363636363636365
0.5357142857142857
0.4
0.3333333333333333
0.08333333333333333
0.15384615384615385
0.1111111111111111
0.45454545454545453
0.4
0.2
0.2
0.18518518518518517
0.05555555555555555
0.0
0.2
0.21052631578947367
0.2222222222222222
0.06666666666666667
0.42857142857142855
0.56
0.21428571428571427
0.18181818181818182
0.0
0.2
0.42857142857142855
0.3333333333333333
0.19047619047619047
0.56
0.4642857142857143
0.5
0.0
0.4375
0.21739130434782608
0.3333333333333333
0.0
0.15789473684210525
0.5625
0.5294117647058824
0.47368421052631576
0.5185185185185185
0.6923076923076923
0.45454545454545453
0.0
0.6071428571428571
0.21428571428571427
0.7894736842105263
0.25
0.5882352941176471
0.2
0.23076923076923078
0.5555555555555556
0.0
0.0
0.0
0.6
0.25
0.20689655172413793
0.4666666666666667
0.7857142857142857
0.3
0.17647058823529413
0.29411764705882354
0.25
0.35294117647058826
0.2692307692307692
0.47058823529411764
0.5238095238095238
0.1
0.5384615384615384
0.24
0.3333333333333333
0.0
0.2
0.0
0.16666666666666666
0.08695652173913043
0.2857142857142857
0.13333333333333333
0.0
0.0
0.6521739130434783
0.34782608695652173
0.5217391304347826
0.6363636363636364
0.14285714285714285
0.0
0.25
0.7083333333333334
0.2777777777777778
0.36
0.4230769230769231
0.09523809523809523
0.2727272727272727
0.14285714285714285
0.5
0.6842105263157895
0.08333333333333333
0.38461538461538464
0.07692307692307693
0.2777777777777778
0.4444444444444444
0.4444444444444444
0.15384615384615385
0.36666666666666664
0.2727272727272727
0.18181818181818182
0.0
0.17647058823529413
0.13043478260869565
0.2
0.10714285714285714
0.5294117647058824
0.6666666666666666
0.15384615384615385
0.45454545454545453
0.11764705882352941
0.08333333333333333
0.047619047619047616
0.36666666666666664
0.5185185185185185
0.3181818181818182
0.64
0.2631578947368421
0.14814814814814814
0.4166666666666667
0.5263157894736842
0.42105263157894735
0.47619047619047616
0.0
0.5238095238095238
0.15
0.0
0.4166666666666667
0.56
0.11764705882352941
0.375
0.05263157894736842
0.42857142857142855
0.5925925925925926
0.2631578947368421
0.2413793103448276
0.10526315789473684
0.0
0.5833333333333334
0.0
0.05555555555555555
0.6551724137931034
0.16666666666666666
0.3181818181818182
0.2
0.0
0.125
0.2413793103448276
0.125
0.0
0.19230769230769232
0.6666666666666666
0.38461538461538464
0.23809523809523808
0.0
0.36
0.48148148148148145
0.13636363636363635
0.25
0.0
0.2
0.0
0.55
0.25
0.1111111111111111
0.6666666666666666
0.35
0.4782608695652174
0.0
0.5714285714285714
0.6818181818181818
0.17647058823529413
0.375
0.2
0.18181818181818182
0.06666666666666667
0.2857142857142857
0.1
0.0625
0.375
0.21428571428571427
0.0
0.5
0.5
0.21739130434782608
0.2
0.25
0.2222222222222222
0.09090909090909091
0.5
0.09090909090909091
0.5
0.4
0.1
0.125
0.0625
0.23076923076923078
0.6666666666666666
0.5172413793103449
0.0
0.15384615384615385
0.37037037037037035
0.3548387096774194
0.4166666666666667
0.5517241379310345
0.05
0.0
0.05555555555555555
0.5263157894736842
0.15384615384615385
0.14285714285714285
0.4375
0.11764705882352941
0.16666666666666666
0.3157894736842105
0.35714285714285715
0.6363636363636364
0.48
0.3125
0.4
0.2962962962962963
0.0
0.4444444444444444
0.28125
0.4
0.4782608695652174
0.5517241379310345
0.1111111111111111
0.1875
0.5217391304347826
0.3
0.46153846153846156
0.48
0.3333333333333333
0.09090909090909091
0.38461538461538464
0.25
0.5384615384615384
0.35
0.0
0.0
0.19047619047619047
0.23809523809523808
0.125
0.5
0.10526315789473684
0.13636363636363635
0.15789473684210525
0.13043478260869565
0.14814814814814814
0.5925925925925926
0.38461538461538464
0.5909090909090909
0.36363636363636365
0.14285714285714285
0.21052631578947367
0.1
0.20833333333333334
0.5
0.35714285714285715
0.25
0.125
0.25
0.0
0.47619047619047616
0.5238095238095238
0.125
0.1875
0.375
0.52
0.32
0.3888888888888889
0.1111111111111111
0.6666666666666666
0.21428571428571427
0.11764705882352941
0.3
0.7083333333333334
0.06896551724137931
0.4666666666666667
0.2222222222222222
0.37037037037037035
0.2222222222222222
0.3333333333333333
0.07142857142857142
0.3
0.5625
0.0625
0.5555555555555556
0.5384615384615384
0.08
0.3157894736842105
0.1875
0.3125
0.6470588235294118
0.16666666666666666
0.14285714285714285
0.1111111111111111
0.5454545454545454
0.48
0.0
0.2
0.3333333333333333
0.23076923076923078
0.0
0.4642857142857143
0.13333333333333333
0.0
0.3125
0.7
0.3333333333333333
0.391304347826087
0.3076923076923077
0.36
0.0
0.2631578947368421
0.2
0.047619047619047616
0.5
0.1875
0.6470588235294118
0.6521739130434783
0.5161290322580645
0.42857142857142855
0.26666666666666666
0.21428571428571427
0.5714285714285714
0.0
0.0
0.6470588235294118
0.25
0.2222222222222222
0.4642857142857143
0.2916666666666667
0.17391304347826086
0.6086956521739131
0.08333333333333333
0.6190476190476191
0.0
0.42857142857142855
0.35714285714285715
0.2777777777777778
0.4
0.32142857142857145
0.6666666666666666
0.11764705882352941
0.0
0.09090909090909091
0.0
0.6666666666666666
0.0
0.5833333333333334
0.3181818181818182
0.25
0.25
0.75
0.0
0.17391304347826086
0.42857142857142855
0.42105263157894735
0.09090909090909091
0.46153846153846156
0.06666666666666667
0.08333333333333333
0.3125
0.23076923076923078
0.2777777777777778
0.5238095238095238
0.23529411764705882
0.19047619047619047
0.5384615384615384
0.36363636363636365
0.0
0.4166666666666667
0.13333333333333333
0.375
0.11764705882352941
0.0
0.26666666666666666
0.6190476190476191
0.18181818181818182
0.1
0.56
0.3125
0.20689655172413793
0.3076923076923077
0.5
0.2222222222222222
0.38461538461538464
0.7857142857142857
0.3684210526315789
0.35294117647058826
0.5238095238095238
0.14814814814814814
0.0
0.21739130434782608
0.23076923076923078
0.5517241379310345
0.25
0.0625
0.2
0.2857142857142857
0.1
0.15384615384615385
0.5909090909090909
0.19047619047619047
0.20833333333333334
0.1111111111111111
0.17647058823529413
0.4166666666666667
0.25
0.18181818181818182
0.16666666666666666
0.1111111111111111
0.3076923076923077
0.6
0.125
0.0
0.625
0.4
0.25
0.25
0.0
0.3333333333333333
0.5714285714285714
0.6666666666666666
0.2
0.16666666666666666
0.16666666666666666
0.25
0.6
0.2
0.6
0.2
0.4
0.625
0.5
0.4
0.6
0.42857142857142855
0.6
0.14285714285714285
0.2
0.25
0.2
0.6
0.6
0.6
0.6
0.2
0.8333333333333334
0.16666666666666666
0.3333333333333333
0.2
0.25
0.2
0.2
0.5
0.6
0.6
0.6
0.6
0.6
0.6
0.6
0.6
0.75
0.5
0.7
0.3333333333333333
0.5
0.5
0.6
0.3333333333333333
0.5
0.5
0.3333333333333333
0.0
0.2
0.4
0.2
0.4
0.25
1.0
0.5
0.16666666666666666
0.3333333333333333
0.2
0.4
0.2
0.2
0.6
0.16666666666666666
0.25
0.5
0.3333333333333333
0.5
0.2857142857142857
0.0
0.42857142857142855
0.625
0.16666666666666666
0.0
0.0
0.2
0.6
0.2
0.6
0.6
0.3333333333333333
0.625
0.6
0.2
0.5555555555555556
0.2857142857142857
0.0
0.0
0.16666666666666666
0.3333333333333333
0.2
0.4
0.6
0.25
0.0
0.3333333333333333
0.4
0.2222222222222222
0.2222222222222222
0.5714285714285714
0.14285714285714285
0.2
0.4
0.2
0.25
0.5
0.3333333333333333
0.3333333333333333
0.0
0.3333333333333333
0.3333333333333333
0.3333333333333333
0.3333333333333333
0.375
0.2
0.2
0.0
0.2
0.0
0.0
0.0
0.6
0.5
0.4
0.2
0.0
0.2
0.4
0.2
0.0
0.5
0.0
0.8
0.6
0.0
0.5714285714285714
0.3333333333333333
0.0
0.3333333333333333
0.0
0.3333333333333333
0.4444444444444444
0.2
0.0
0.3333333333333333
0.2
0.2
0.6
0.2
0.3333333333333333
0.4
0.0
0.0
0.25
0.6
0.2
0.42857142857142855
0.0
0.2857142857142857
0.2857142857142857
0.36363636363636365
0.0
0.3333333333333333
0.3333333333333333
0.5
0.6
0.2
0.2
0.2
0.5
0.6
0.3333333333333333
0.3333333333333333
0.3333333333333333
0.0
0.3333333333333333
0.3
0.8
0.5
0.3333333333333333
0.16666666666666666
0.0
0.0
0.25
0.3333333333333333
0.0
0.3333333333333333
0.0
0.2
0.6
0.0
0.0
0.4
0.5
0.2
0.3333333333333333
0.0
0.6666666666666666
0.2
0.4
0.2
0.2
0.25
0.4
0.16666666666666666
0.0
0.2857142857142857
0.3333333333333333
0.3333333333333333
0.3333333333333333
0.0
0.16666666666666666
0.3333333333333333
0.16666666666666666
0.0
0.0
0.0
0.0
0.0
0.2
0.0
0.2
0.0
0.14285714285714285
0.14285714285714285
0.2
0.0
0.25
0.2222222222222222
0.5
0.0
0.2
0.2
0.2
0.16666666666666666
0.0
0.0
0.1111111111111111
0.2857142857142857
0.0
0.3333333333333333
0.2
0.3333333333333333
0.2
0.5
0.3333333333333333
0.0
0.3333333333333333
0.0
0.14285714285714285
0.16666666666666666
0.0
0.0
0.25
0.25
0.3333333333333333
0.0
0.4
0.2
0.0
0.0
0.16666666666666666
0.14285714285714285
0.0
0.2
0.1111111111111111
0.1
0.2
0.2
0.4
0.2857142857142857
0.0
0.2857142857142857
0.0
0.0
0.5
0.0
0.2
0.2
0.16666666666666666
0.0
0.5
0.0
0.25
0.0
0.0
0.25
0.25
0.42857142857142855
0.4
0.16666666666666666
0.0
0.4
0.16666666666666666
0.25
0.25
0.2
0.3333333333333333
0.3333333333333333
0.0
0.14285714285714285
0.14285714285714285
0.0
0.14285714285714285
0.0
0.0
0.25
0.4
0.2
0.16666666666666666
0.2
0.0
0.0
0.2
0.25
0.25
0.0
0.2
0.0
0.14285714285714285
0.3333333333333333
0.0
0.42857142857142855
0.0
0.0
0.2
0.16666666666666666
0.2
0.0
0.0
0.8
0.5
0.08333333333333333
0.2
0.25
0.25
0.3333333333333333
0.2222222222222222
0.0
0.25
0.25
0.2
0.0
0.25
0.16666666666666666
0.2
0.4
0.375
0.0
0.16666666666666666
0.0
0.0
0.0
0.0
0.0
0.0
0.0
0.25
0.0
0.0
0.0
0.0
0.2
0.2
0.0
0.0
0.0
0.0
0.0
0.16666666666666666
0.0
0.25
0.3333333333333333
0.2857142857142857
0.0
0.2857142857142857
0.25
0.0
0.2
0.6666666666666666
0.2
0.2
0.16666666666666666
0.0
0.3333333333333333
0.14285714285714285
0.25
0.2
0.15384615384615385
0.0
0.0
0.2222222222222222
0.2
0.4
0.4
0.0
0.0
0.0
0.0
0.0
0.0
0.2
0.0
0.16666666666666666
0.0
0.25
0.0
0.2
0.125
0.3333333333333333
0.0
0.2
0.25
0.0
0.0
0.17647058823529413
0.4
0.0
0.2
0.4
0.0
0.0
0.0
0.0
0.14285714285714285
0.16666666666666666
0.0
0.0
0.16666666666666666
0.125
0.0
0.0
0.0
0.0
0.0
0.0
0.0
0.0
0.0
0.0
0.16666666666666666
0.0
0.0
0.14285714285714285
0.0
0.0
0.0
0.14285714285714285
0.125
0.25
0.16666666666666666
0.25
0.0
0.16666666666666666
0.0
0.25
0.0
0.16666666666666666
0.0
0.2222222222222222
0.0
0.14285714285714285
0.0
0.125
0.0
0.0
0.25
0.0
0.0
0.0
0.2
0.3333333333333333
0.0
0.0
0.0
0.25
0.14285714285714285
0.0
0.0
0.0
0.0
0.16666666666666666
0.0
0.2608695652173913
0.0
0.0
0.2
0.0
0.0
0.0
0.2857142857142857
0.2
0.0
0.125
0.1
0.14285714285714285
0.0
0.2
0.2
0.0
0.2
0.2
0.09523809523809523
0.0
0.0
0.0
0.0
0.125
0.14285714285714285
0.25
0.0
0.0
0.16666666666666666
0.2857142857142857
0.2857142857142857
0.2
0.14285714285714285
0.0
0.0
0.14285714285714285
0.0
0.25
0.2
0.0
0.0
0.0
0.125
0.0
0.0
0.0
0.2
0.0
0.0
0.0
0.2
0.0
0.0
0.125
0.0
0.0
0.0
0.0
0.14285714285714285
0.0
0.2
0.0
0.25
0.08333333333333333
0.0
0.0
0.0
0.2
0.0
0.14285714285714285
0.0
0.0
0.0
0.0
0.16666666666666666
0.14285714285714285
0.0
0.0
0.0
0.0
0.0
0.125
0.0
0.0
0.0
0.0
0.0
0.2857142857142857
0.0
0.0
0.0
0.125
0.14285714285714285
0.0
0.0
0.0
0.0
0.14285714285714285
0.1
0.0
0.125
0.0
0.0
0.0
0.0
0.0
0.0
0.25
0.0
0.125
0.0
0.0
0.0
0.2
0.0
0.0
0.0
0.0
0.2
0.0
0.0
0.0
0.0
0.0
0.0
0.0
0.0
0.0
0.0
0.0
0.125
0.25
0.0
0.0
0.0
0.0
0.0
0.0
0.0
0.0
0.0
0.0
0.0
0.0
0.0
0.14285714285714285
0.2
0.0
0.0
0.0
0.0
0.0
0.0
0.0
0.0
0.0
0.09090909090909091
0.0
0.0
0.0
0.0
0.0
0.0
0.0
0.14285714285714285
0.0
0.0
0.0
0.0
0.0
0.0
0.0
0.0
0.0
0.0
0.0
0.0
0.0
0.0
0.0
0.0
0.0
0.0
0.0
0.0
0.0
0.0
0.0
0.0
0.0
0.0
0.0
0.0
0.0
0.25
0.0
0.0
0.0
0.0
0.0
0.0
0.0
0.0
0.0
0.125
0.0
0.0
0.0
0.0
0.0
0.0
0.0
0.0
0.0
0.0
0.0
0.0
0.0
0.0
0.0
0.0
0.0
0.0
0.0
0.0
0.0
0.0
0.0
0.0
0.0
0.0
0.0
0.2
0.0
0.0
0.0
0.0
0.0
0.1875
0.09090909090909091
0.0
0.0
0.0
0.0
0.0
0.0
0.0
0.0
0.0
0.0
0.0
0.0
0.1724137931034483
0.19047619047619047
0.2
0.16666666666666666
0.1111111111111111
0.05555555555555555
0.15789473684210525
0.15
0.32432432432432434
0.35714285714285715
0.15
0.13043478260869565
0.6
0.5
0.16666666666666666
0.15384615384615385
0.07407407407407407
0.6190476190476191
0.11627906976744186
0.21739130434782608
0.18421052631578946
0.07407407407407407
0.4090909090909091
0.0
0.4
0.125
0.0
0.14285714285714285
0.36666666666666664
0.21052631578947367
0.32
0.20588235294117646
0.14814814814814814
0.21739130434782608
0.1724137931034483
0.2962962962962963
0.06976744186046512
0.4594594594594595
0.1
0.11594202898550725
0.1724137931034483
0.38461538461538464
0.7142857142857143
0.12857142857142856
0.24390243902439024
0.0
1.0
0.10526315789473684
0.35294117647058826
0.3170731707317073
0.15
0.6190476190476191
0.391304347826087
0.25
0.0
0.35294117647058826
0.1111111111111111
0.0
0.046511627906976744
0.4166666666666667
0.27586206896551724
0.2413793103448276
0.42857142857142855
0.23076923076923078
0.3333333333333333
0.34615384615384615
0.09230769230769231
0.15555555555555556
0.25
0.3269230769230769
0.6190476190476191
0.3170731707317073
0.26
0.02857142857142857
0.17777777777777778
0.23076923076923078
0.08333333333333333
0.0
0.25
0.36363636363636365
0.21875
0.2558139534883721
0.25
0.13636363636363635
0.06666666666666667
0.64
0.23529411764705882
0.0
0.2727272727272727
0.4594594594594595
0.08571428571428572
0.25
0.05555555555555555
0.15
0.0
1.0
0.5263157894736842
0.14634146341463414
1.0
0.5172413793103449
0.11428571428571428
0.02857142857142857
0.08571428571428572
0.2
0.6
1.0
0.14285714285714285
0.02857142857142857
0.07246376811594203
0.2647058823529412
0.15384615384615385
0.1
0.13793103448275862
0.2608695652173913
0.5263157894736842
0.11538461538461539
0.15625
0.0
0.28
0.05263157894736842
0.0
0.10526315789473684
0.22727272727272727
0.029411764705882353
0.2702702702702703
0.125
0.17391304347826086
0.23076923076923078
0.30303030303030304
0.19230769230769232
0.1875
0.07575757575757576
0.15789473684210525
0.19230769230769232
0.32075471698113206
0.125
0.2608695652173913
0.12195121951219512
0.3125
0.23529411764705882
0.5555555555555556
0.11627906976744186
0.14285714285714285
0.125
0.25
0.6
0.04
0.625
0.42105263157894735
0.2641509433962264
0.43333333333333335
0.0
0.15384615384615385
0.8125
0.2602739726027397
0.2962962962962963
0.15384615384615385
1.0
0.13043478260869565
0.09523809523809523
0.42857142857142855
0.3125
0.8181818181818182
0.3333333333333333
0.15789473684210525
0.0
0.0
0.1
0.20588235294117646
0.05714285714285714
0.07407407407407407
0.0
0.42857142857142855
0.46153846153846156
0.6190476190476191
0.3269230769230769
0.07407407407407407
0.0
0.21739130434782608
0.6875
0.4883720930232558
0.375
0.02857142857142857
0.9473684210526315
0.1
0.05
0.30303030303030304
0.3888888888888889
0.2962962962962963
0.15789473684210525
0.0
0.09302325581395349
0.3
0.1
0.17307692307692307
0.15
0.8333333333333334
0.4
0.35135135135135137
0.1875
0.09090909090909091
0.07407407407407407
0.21428571428571427
0.19047619047619047
1.0
0.3939393939393939
0.2727272727272727
0.5
0.14285714285714285
0.0
0.0
0.4444444444444444
0.35294117647058826
0.27586206896551724
0.2
0.68
0.3150684931506849
0.10526315789473684
0.4375
0.2222222222222222
0.0
0.2553191489361702
0.3181818181818182
0.15789473684210525
0.14285714285714285
0.3076923076923077
0.43243243243243246
1.0
0.4
0.2608695652173913
0.15384615384615385
0.8125
0.08333333333333333
0.23684210526315788
0.0
0.2
0.0
0.35714285714285715
0.39285714285714285
0.15
0.7894736842105263
0.07407407407407407
0.42857142857142855
0.07142857142857142
0.1
0.5517241379310345
0.7142857142857143
0.43243243243243246
0.11764705882352941
0.7906976744186046
0.045454545454545456
0.2857142857142857
0.2553191489361702
0.2972972972972973
0.09523809523809523
1.0
0.05555555555555555
0.35294117647058826
0.7
0.5263157894736842
0.4482758620689655
0.08
0.29411764705882354
0.15555555555555556
0.2608695652173913
0.11428571428571428
0.5
0.5135135135135135
0.10526315789473684
0.05714285714285714
0.6428571428571429
0.0
0.2608695652173913
0.2962962962962963
0.045454545454545456
0.23076923076923078
0.15151515151515152
0.6
0.14285714285714285
0.3333333333333333
0.13953488372093023
0.06666666666666667
0.5714285714285714
0.6666666666666666
0.3
0.6666666666666666
0.3023255813953488
0.3333333333333333
0.696969696969697
0.04
0.56
0.0
0.15151515151515152
0.3548387096774194
0.33962264150943394
0.0
0.7894736842105263
0.2692307692307692
0.3548387096774194
0.4444444444444444
0.19230769230769232
0.05263157894736842
0.1875
0.3235294117647059
0.05
0.7142857142857143
0.10526315789473684
0.625
0.2857142857142857
1.0
0.2692307692307692
0.15625
0.0
0.14285714285714285
0.4782608695652174
0.20588235294117646
0.23076923076923078
0.2222222222222222
0.11538461538461539
0.13636363636363635
0.34615384615384615
0.0
0.813953488372093
0.0
0.08333333333333333
0.5172413793103449
0.22727272727272727
0.14705882352941177
0.02857142857142857
0.0625
0.0
0.1111111111111111
0.1111111111111111
0.4
0.0
0.0
0.13846153846153847
0.30434782608695654
0.15714285714285714
0.0
0.044444444444444446
0.02857142857142857
0.33962264150943394
0.17647058823529413
0.32
0.32
0.2413793103448276
0.3333333333333333
0.0
0.2608695652173913
0.25
0.5
0.14285714285714285
0.3125
0.08571428571428572
0.15384615384615385
0.2894736842105263
0.8421052631578947
0.2413793103448276
0.3269230769230769
0.14634146341463414
0.08333333333333333
0.2692307692307692
0.06666666666666667
0.4666666666666667
0.13793103448275862
0.09090909090909091
0.5263157894736842
0.0
0.14285714285714285
0.5
0.3333333333333333
0.045454545454545456
0.07407407407407407
0.18
0.25
0.26666666666666666
0.2413793103448276
0.4107142857142857
0.2608695652173913
0.14285714285714285
0.3125
0.14285714285714285
0.045454545454545456
0.0
0.7906976744186046
0.18604651162790697
0.045454545454545456
0.09302325581395349
0.39285714285714285
0.5161290322580645
0.2608695652173913
0.25
0.11428571428571428
0.34210526315789475
0.043478260869565216
0.0
0.38235294117647056
0.2608695652173913
0.17391304347826086
0.0
0.08333333333333333
0.5
0.4827586206896552
0.16666666666666666
0.2727272727272727
0.058823529411764705
0.47619047619047616
0.24
0.4666666666666667
0.4166666666666667
0.4
0.5151515151515151
0.14285714285714285
0.3561643835616438
0.42105263157894735
0.125
0.39285714285714285
0.25
0.2727272727272727
0.0
0.07407407407407407
0.4444444444444444
0.3333333333333333
0.0
0.6190476190476191
0.15
0.6111111111111112
0.42857142857142855
0.5714285714285714
0.0
0.4090909090909091
0.037037037037037035
0.21739130434782608
0.22580645161290322
0.18604651162790697
0.42424242424242425
0.125
0.19148936170212766
0.0
0.0
0.27586206896551724
0.25
0.18181818181818182
0.2413793103448276
0.13953488372093023
0.16666666666666666
0.0
0.3269230769230769
0.5151515151515151
0.38095238095238093
0.47619047619047616
0.3333333333333333
0.2
0.4
0.029411764705882353
0.2
0.5
0.0
0.1
0.15151515151515152
0.16666666666666666
0.15789473684210525
0.25
0.42857142857142855
0.13793103448275862
0.15789473684210525
0.34375
0.25
0.058823529411764705
0.40476190476190477
0.0
0.1111111111111111
0.25
0.2727272727272727
0.39285714285714285
0.0
0.13846153846153847
0.1875
0.2
0.7674418604651163
0.45454545454545453
0.11538461538461539
0.22727272727272727
0.21212121212121213
0.05
0.1111111111111111
0.3076923076923077
0.0
0.3561643835616438
0.3287671232876712
0.25
0.3125
0.11627906976744186
0.08
0.2
0.0
0.1
0.02857142857142857
0.06666666666666667
0.2641509433962264
0.4
0.3333333333333333
0.15151515151515152
0.0
0.21052631578947367
0.06666666666666667
0.10144927536231885
0.48484848484848486
0.08333333333333333
0.3269230769230769
0.14634146341463414
0.2727272727272727
0.02857142857142857
0.05
0.02857142857142857
0.2413793103448276
0.14814814814814814
0.4375
0.0
0.1111111111111111
0.21875
0.05
0.34615384615384615
0.0
0.125
0.1875
0.08571428571428572
0.25
0.2857142857142857
0.3125
0.43243243243243246
0.046511627906976744
0.22727272727272727
0.05714285714285714
0.43243243243243246
0.14285714285714285
0.09375
0.08571428571428572
0.17391304347826086
0.0
0.0
0.27586206896551724
0.14814814814814814
0.0
0.25
0.3835616438356164
0.21212121212121213
0.25
0.125
0.36363636363636365
0.125
0.5277777777777778
0.3333333333333333
0.21052631578947367
0.3888888888888889
0.5
0.21875
0.19148936170212766
0.02857142857142857
0.32432432432432434
0.0
0.34615384615384615
0.26785714285714285
0.06976744186046512
0.0
0.0
0.0
0.12121212121212122
0.0
0.22727272727272727
0.7272727272727273
0.0
0.20689655172413793
0.47058823529411764
0.18181818181818182
0.0
0.42857142857142855
0.045454545454545456
0.9117647058823529
0.20689655172413793
0.14285714285714285
0.02857142857142857
0.08333333333333333
0.034482758620689655
0.2777777777777778
0.3548387096774194
0.34782608695652173
0.15
0.18181818181818182
0.34615384615384615
0.2692307692307692
0.17777777777777778
0.13846153846153847
0.2
0.40540540540540543
0.2608695652173913
0.8387096774193549
0.25
0.0625
0.05
1.0
0.18461538461538463
0.0
0.08571428571428572
0.0
0.07575757575757576
0.2857142857142857
0.29411764705882354
0.08333333333333333
0.08333333333333333
0.16666666666666666
0.21739130434782608
0.6
0.05714285714285714
0.7142857142857143
0.30434782608695654
0.375
0.0
0.2608695652173913
0.0
0.5454545454545454
0.26666666666666666
0.4074074074074074
0.6
0.18181818181818182
0.2413793103448276
0.28
0.08333333333333333
0.5294117647058824
0.7142857142857143
0.08
0.32
0.125
0.2127659574468085
0.2692307692307692
0.1702127659574468
0.0
0.13043478260869565
0.34
0.3611111111111111
0.15384615384615385
0.0
0.2222222222222222
0.24528301886792453
0.2972972972972973
0.08823529411764706
0.09090909090909091
0.2876712328767123
0.3392857142857143
0.13043478260869565
0.42857142857142855
0.39285714285714285
0.48484848484848486
0.39285714285714285
0.5517241379310345
0.0
0.25
0.10416666666666667
0.7441860465116279
0.48484848484848486
0.3333333333333333
0.1111111111111111
0.15942028985507245
0.10526315789473684
0.07407407407407407
0.2
0.44642857142857145
0.19230769230769232
0.2647058823529412
0.15384615384615385
0.2
0.06666666666666667
0.09090909090909091
0.045454545454545456
0.037037037037037035
0.06666666666666667
0.4827586206896552
0.0
1.0
0.22727272727272727
0.7857142857142857
0.15625
0.3103448275862069
0.4375
0.5555555555555556
0.2127659574468085
0.75
0.13636363636363635
0.1875
0.04
0.13636363636363635
0.4375
0.45161290322580644
0.4666666666666667
0.1320754716981132
0.13043478260869565
0.11538461538461539
0.15789473684210525
0.0
0.6
0.1875
0.11428571428571428
0.1
0.2222222222222222
0.15789473684210525
0.23076923076923078
0.17391304347826086
0.5625
1.0
0.45454545454545453
0.0
0.39285714285714285
1.0
0.6818181818181818
0.3076923076923077
0.34
0.125
0.045454545454545456
0.7894736842105263
0.0625
0.2727272727272727
0.06666666666666667
1.0
0.16666666666666666
0.08695652173913043
0.06666666666666667
0.19696969696969696
0.36363636363636365
0.3125
0.15
1.0
0.3076923076923077
0.0
