0.3055555555555556
0.0
0.07142857142857142
0.5714285714285714
0.0
0.0
0.0
0.15151515151515152
0.07142857142857142
0.0
0.041666666666666664
0.3684210526315789
0.25
0.07692307692307693
0.14285714285714285
0.2692307692307692
0.0
0.08333333333333333
0.0
0.24
0.07692307692307693
0.0
0.047619047619047616
0.0
0.0
0.4666666666666667
0.11764705882352941
0.06896551724137931
0.29411764705882354
0.15384615384615385
0.0
0.11764705882352941
0.07142857142857142
0.14705882352941177
0.07894736842105263
0.0
0.0
0.0
0.2916666666666667
0.03125
0.038461538461538464
0.03125
0.1282051282051282
0.047619047619047616
0.10714285714285714
0.0
0.5384615384615384
0.0967741935483871
0.46153846153846156
0.2708333333333333
0.030303030303030304
0.12244897959183673
0.43333333333333335
0.03225806451612903
0.0
0.03225806451612903
0.02857142857142857
0.044444444444444446
0.21621621621621623
0.0425531914893617
0.06521739130434782
0.23333333333333334
0.21621621621621623
0.09090909090909091
0.15151515151515152
0.5416666666666666
0.11428571428571428
0.05128205128205128
0.3055555555555556
0.20512820512820512
0.075
0.07142857142857142
0.07692307692307693
0.0
0.07407407407407407
0.0
0.2972972972972973
0.07407407407407407
0.0
0.2692307692307692
0.13043478260869565
0.3235294117647059
0.047619047619047616
0.041666666666666664
0.4
0.0
0.0
0.0
0.0625
0.12121212121212122
0.24324324324324326
0.08163265306122448
0.13636363636363635
0.06521739130434782
0.0
0.15625
0.23809523809523808
0.18181818181818182
0.07142857142857142
0.25
0.0
0.0
0.0
0.0851063829787234
0.3125
0.15384615384615385
0.03333333333333333
0.22727272727272727
0.02564102564102564
0.15
0.06
0.09375
0.09090909090909091
0.0
0.023255813953488372
0.1875
0.28205128205128205
0.0
0.13043478260869565
0.0
0.0
0.36
0.0
0.0
0.1111111111111111
0.047619047619047616
0.375
0.07407407407407407
0.10526315789473684
0.0
0.1794871794871795
0.0967741935483871
0.08823529411764706
0.47058823529411764
0.09375
0.0
0.09090909090909091
0.15217391304347827
0.2916666666666667
0.1951219512195122
0.03571428571428571
0.0
0.08
0.16279069767441862
0.23529411764705882
0.06666666666666667
0.13636363636363635
0.07317073170731707
0.10638297872340426
0.1724137931034483
0.17391304347826086
0.09090909090909091
0.28205128205128205
0.4
0.13513513513513514
0.17391304347826086
0.043478260869565216
0.043478260869565216
0.18181818181818182
0.037037037037037035
0.3333333333333333
0.275
0.10714285714285714
0.225
0.22727272727272727
0.08333333333333333
0.0625
0.4375
0.07692307692307693
0.08823529411764706
0.16279069767441862
0.1111111111111111
0.22580645161290322
0.0975609756097561
0.0
0.05
0.0
0.2619047619047619
0.0
0.11428571428571428
0.2222222222222222
0.2903225806451613
0.0
0.11904761904761904
0.0
0.32432432432432434
0.5
0.125
0.0
0.06818181818181818
0.0
0.0
0.14814814814814814
0.03125
0.29411764705882354
0.08888888888888889
0.43333333333333335
0.0
0.18604651162790697
0.11363636363636363
0.29411764705882354
0.42424242424242425
0.0
0.0
0.08333333333333333
0.0
0.41379310344827586
0.2903225806451613
0.0
0.16129032258064516
0.06666666666666667
0.034482758620689655
0.5357142857142857
0.08571428571428572
0.044444444444444446
0.4074074074074074
0.06451612903225806
0.175
0.3870967741935484
0.10638297872340426
0.0
0.5428571428571428
0.47619047619047616
0.16
0.17857142857142858
0.06451612903225806
0.47368421052631576
0.28125
0.05405405405405406
0.0
0.22580645161290322
0.41935483870967744
0.0
0.2222222222222222
0.0625
0.0
0.0
0.34210526315789475
0.0
0.075
0.041666666666666664
0.06976744186046512
0.24324324324324326
0.25
0.17857142857142858
0.043478260869565216
0.2916666666666667
0.0
0.11428571428571428
0.1111111111111111
0.42857142857142855
0.47368421052631576
0.1724137931034483
0.0
0.46875
0.13513513513513514
0.10714285714285714
0.2
0.07317073170731707
0.1
0.043478260869565216
0.27586206896551724
0.2857142857142857
0.16
0.0
0.35135135135135137
0.1724137931034483
0.21212121212121213
0.02631578947368421
0.17857142857142858
0.0
0.2553191489361702
0.0
0.02631578947368421
0.42857142857142855
0.06060606060606061
0.24
0.0
0.18518518518518517
0.0
0.22727272727272727
0.07692307692307693
0.0
0.0
0.14285714285714285
0.0
0.0
0.16129032258064516
0.06382978723404255
0.14634146341463414
0.14285714285714285
0.0
0.21428571428571427
0.0
0.07894736842105263
0.45161290322580644
0.06060606060606061
0.42857142857142855
0.12121212121212122
0.07692307692307693
0.17857142857142858
0.03636363636363636
0.0
0.09090909090909091
0.16666666666666666
0.32
0.13793103448275862
0.15384615384615385
0.3076923076923077
0.19444444444444445
0.02
0.36363636363636365
0.0975609756097561
0.0
0.25
0.16216216216216217
0.0
0.34782608695652173
0.10714285714285714
0.24444444444444444
0.0
0.25806451612903225
0.4827586206896552
0.03225806451612903
0.21875
0.0
0.0
0.1
0.02857142857142857
0.0
0.17142857142857143
0.40625
0.2647058823529412
0.14285714285714285
0.0
0.041666666666666664
0.0
0.18181818181818182
0.2
0.037037037037037035
0.0
0.06976744186046512
0.0
0.0
0.05555555555555555
0.06896551724137931
0.06666666666666667
0.0
0.2962962962962963
0.4642857142857143
0.08
0.06451612903225806
0.0
0.02857142857142857
0.2857142857142857
0.2222222222222222
0.02631578947368421
0.41379310344827586
0.25
0.23684210526315788
0.0
0.15151515151515152
0.09375
0.175
0.0
0.034482758620689655
0.2962962962962963
0.2916666666666667
0.32
0.3055555555555556
0.4
0.12
0.0
0.42857142857142855
0.037037037037037035
0.45161290322580644
0.04
0.36
0.047619047619047616
0.08888888888888889
0.2222222222222222
0.0
0.0
0.0
0.3793103448275862
0.09523809523809523
0.11904761904761904
0.2222222222222222
0.5882352941176471
0.12903225806451613
0.08333333333333333
0.15384615384615385
0.08108108108108109
0.2
0.14285714285714285
0.2692307692307692
0.375
0.03225806451612903
0.4
0.0625
0.17857142857142858
0.0
0.045454545454545456
0.0
0.058823529411764705
0.025
0.15789473684210525
0.041666666666666664
0.0
0.0
0.37142857142857144
0.2
0.2571428571428571
0.5652173913043478
0.034482758620689655
0.0
0.06451612903225806
0.5333333333333333
0.16
0.13636363636363635
0.17073170731707318
0.0
0.09523809523809523
0.02702702702702703
0.2926829268292683
0.3448275862068966
0.0
0.21052631578947367
0.0
0.11764705882352941
0.25
0.17647058823529413
0.041666666666666664
0.1568627450980392
0.07894736842105263
0.0
0.0
0.0
0.05714285714285714
0.04878048780487805
0.020833333333333332
0.25
0.2857142857142857
0.0
0.19047619047619047
0.038461538461538464
0.0
0.0
0.225
0.3870967741935484
0.16216216216216217
0.3684210526315789
0.09375
0.06666666666666667
0.2857142857142857
0.2647058823529412
0.20689655172413793
0.2571428571428571
0.0
0.21052631578947367
0.0
0.0
0.14285714285714285
0.3235294117647059
0.0
0.18181818181818182
0.0
0.20588235294117646
0.3170731707317073
0.08333333333333333
0.08333333333333333
0.0
0.0
0.21739130434782608
0.0
0.0
0.5806451612903226
0.030303030303030304
0.10810810810810811
0.04
0.0
0.0
0.10638297872340426
0.03225806451612903
0.0
0.044444444444444446
0.34285714285714286
0.1951219512195122
0.09090909090909091
0.0
0.25
0.2558139534883721
0.021739130434782608
0.10204081632653061
0.0
0.0625
0.0
0.3103448275862069
0.08
0.0
0.3225806451612903
0.13157894736842105
0.32142857142857145
0.0
0.225
0.3888888888888889
0.07142857142857142
0.19230769230769232
0.10714285714285714
0.0
0.0
0.10256410256410256
0.0
0.0
0.1891891891891892
0.043478260869565216
0.0
0.23529411764705882
0.19444444444444445
0.08823529411764706
0.06666666666666667
0.09523809523809523
0.0967741935483871
0.0
0.16666666666666666
0.0
0.23809523809523808
0.25
0.0
0.037037037037037035
0.0
0.08
0.3611111111111111
0.3076923076923077
0.0
0.0
0.14285714285714285
0.13725490196078433
0.1951219512195122
0.35135135135135137
0.0
0.0
0.0
0.36363636363636365
0.05263157894736842
0.05
0.23076923076923078
0.03571428571428571
0.047619047619047616
0.125
0.15
0.4
0.2647058823529412
0.058823529411764705
0.18181818181818182
0.09090909090909091
0.0
0.25
0.16279069767441862
0.25
0.1951219512195122
0.3783783783783784
0.038461538461538464
0.08695652173913043
0.30303030303030304
0.1111111111111111
0.17391304347826086
0.20454545454545456
0.1951219512195122
0.0
0.17391304347826086
0.08571428571428572
0.2608695652173913
0.13333333333333333
0.0
0.0
0.05555555555555555
0.07317073170731707
0.02040816326530612
0.19230769230769232
0.025
0.020833333333333332
0.07692307692307693
0.05555555555555555
0.06818181818181818
0.5172413793103449
0.2727272727272727
0.34375
0.1875
0.043478260869565216
0.0967741935483871
0.0
0.07692307692307693
0.175
0.16666666666666666
0.13636363636363635
0.030303030303030304
0.0967741935483871
0.0
0.22857142857142856
0.2571428571428571
0.0
0.07142857142857142
0.18421052631578946
0.3333333333333333
0.1388888888888889
0.1111111111111111
0.034482758620689655
0.391304347826087
0.037037037037037035
0.0
0.047619047619047616
0.38461538461538464
0.021739130434782608
0.3333333333333333
0.05555555555555555
0.17777777777777778
0.0
0.13793103448275862
0.0
0.11764705882352941
0.32
0.0
0.41935483870967744
0.35135135135135137
0.0
0.029411764705882353
0.05555555555555555
0.125
0.4
0.03571428571428571
0.047619047619047616
0.02857142857142857
0.21951219512195122
0.3142857142857143
0.0
0.05
0.10526315789473684
0.1111111111111111
0.0
0.2
0.0
0.0
0.12903225806451613
0.3142857142857143
0.15789473684210525
0.19444444444444445
0.14285714285714285
0.15384615384615385
0.0
0.12121212121212122
0.046511627906976744
0.0
0.23529411764705882
0.06451612903225806
0.3448275862068966
0.38235294117647056
0.2765957446808511
0.2777777777777778
0.1111111111111111
0.08
0.3181818181818182
0.0
0.0
0.36
0.14814814814814814
0.08571428571428572
0.275
0.15
0.07317073170731707
0.42857142857142855
0.0
0.3548387096774194
0.0
0.2777777777777778
0.2
0.047619047619047616
0.21739130434782608
0.175
0.3333333333333333
0.0
0.0
0.027777777777777776
0.0
0.42857142857142855
0.0
0.36363636363636365
0.16129032258064516
0.07142857142857142
0.07407407407407407
0.4
0.0
0.02857142857142857
0.2
0.16666666666666666
0.0
0.20454545454545456
0.0
0.0
0.14814814814814814
0.03571428571428571
0.08333333333333333
0.2647058823529412
0.10344827586206896
0.08333333333333333
0.3333333333333333
0.2413793103448276
0.0
0.24242424242424243
0.0
0.2
0.0
0.0
0.10638297872340426
0.41379310344827586
0.06060606060606061
0.0
0.3076923076923077
0.2
0.038461538461538464
0.09090909090909091
0.28125
0.0851063829787234
0.225
0.34615384615384615
0.18518518518518517
0.17857142857142858
0.23529411764705882
0.022222222222222223
0.0
0.05405405405405406
0.038461538461538464
0.34146341463414637
0.07692307692307693
0.0
0.043478260869565216
0.05128205128205128
0.0
0.03571428571428571
0.32432432432432434
0.09090909090909091
0.08108108108108109
0.0
0.08
0.12
0.12
0.0
0.07407407407407407
0.0
0.16666666666666666
0.3333333333333333
0.0
0.0
0.25
0.0
0.0
0.0
0.0
0.125
0.375
0.3333333333333333
0.0
0.0
0.0
0.0
0.3333333333333333
0.0
0.3333333333333333
0.0
0.0
0.2727272727272727
0.2
0.125
0.125
0.1
0.3333333333333333
0.0
0.0
0.0
0.0
0.3333333333333333
0.3333333333333333
0.3333333333333333
0.3333333333333333
0.0
0.4444444444444444
0.0
0.15384615384615385
0.0
0.0
0.0
0.0
0.2
0.3333333333333333
0.3333333333333333
0.3333333333333333
0.3333333333333333
0.3333333333333333
0.3333333333333333
0.3333333333333333
0.125
0.4
0.3333333333333333
0.6666666666666666
0.1111111111111111
0.2
0.2
0.3333333333333333
0.0
0.2
0.2
0.0
0.0
0.0
0.14285714285714285
0.0
0.16666666666666666
0.0
0.5
0.375
0.0
0.0
0.0
0.125
0.0
0.0
0.2857142857142857
0.0
0.0
0.2857142857142857
0.0
0.0
0.0
0.0
0.2
0.23076923076923078
0.0
0.0
0.0
0.0
0.3333333333333333
0.0
0.3333333333333333
0.3333333333333333
0.125
0.25
0.2857142857142857
0.0
0.25
0.0
0.0
0.0
0.0
0.0
0.0
0.16666666666666666
0.3333333333333333
0.0
0.0
0.0
0.16666666666666666
0.0
0.08333333333333333
0.3333333333333333
0.0
0.0
0.125
0.0
0.08333333333333333
0.16666666666666666
0.0
0.0
0.0
0.0
0.0
0.0
0.0
0.08333333333333333
0.0
0.0
0.0
0.0
0.0
0.0
0.0
0.1
0.16666666666666666
0.16666666666666666
0.0
0.0
0.0
0.16666666666666666
0.0
0.0
0.375
0.0
0.42857142857142855
0.3333333333333333
0.0
0.42857142857142855
0.09090909090909091
0.0
0.0
0.0
0.0
0.25
0.0
0.0
0.0
0.0
0.0
0.3333333333333333
0.0
0.0
0.16666666666666666
0.0
0.0
0.0
0.3333333333333333
0.0
0.2857142857142857
0.0
0.08333333333333333
0.0
0.1875
0.0
0.1111111111111111
0.0
0.25
0.2857142857142857
0.0
0.0
0.0
0.2
0.3333333333333333
0.0
0.0
0.0
0.0
0.0
0.07142857142857142
0.375
0.375
0.125
0.0
0.0
0.0
0.0
0.16666666666666666
0.0
0.0
0.0
0.0
0.2222222222222222
0.0
0.0
0.16666666666666666
0.25
0.0
0.0
0.0
0.375
0.0
0.16666666666666666
0.0
0.0
0.07142857142857142
0.125
0.0
0.0
0.1111111111111111
0.18181818181818182
0.0
0.0
0.0
0.0
0.09090909090909091
0.0
0.0
0.0
0.0
0.0
0.0
0.0
0.0
0.0
0.0
0.0
0.0
0.0
0.0
0.0
0.0
0.2727272727272727
0.0
0.0
0.0
0.0
0.0
0.0
0.0
0.0
0.0
0.0
0.1111111111111111
0.0
0.125
0.0
0.16666666666666666
0.07692307692307693
0.0
0.0
0.0
0.0
0.0
0.0
0.0
0.0
0.0
0.16666666666666666
0.0
0.125
0.0
0.0
0.0
0.0
0.0
0.0
0.0
0.0
0.0
0.0
0.0
0.16666666666666666
0.1
0.0
0.08333333333333333
0.0
0.0
0.16666666666666666
0.0
0.0
0.0
0.0
0.0
0.09090909090909091
0.0
0.0
0.0
0.0
0.0
0.08333333333333333
0.2222222222222222
0.1111111111111111
0.0
0.0
0.14285714285714285
0.0
0.0
0.0
0.0
0.16666666666666666
0.0
0.0
0.0
0.0
0.0
0.0
0.0
0.0
0.0
0.1
0.0
0.0
0.0
0.0
0.0
0.0
0.0
0.0
0.0
0.0
0.0
0.0
0.125
0.0
0.18181818181818182
0.0
0.0
0.0
0.0
0.0
0.0
0.0
0.3333333333333333
0.09090909090909091
0.0
0.0
0.0
0.0
0.0
0.07407407407407407
0.0
0.0
0.0
0.0
0.0
0.0
0.0
0.07142857142857142
0.1111111111111111
0.15384615384615385
0.0
0.0
0.0
0.0
0.0
0.0
0.0
0.0
0.0
0.0
0.0
0.0
0.0
0.0
0.0
0.0
0.0
0.0
0.0
0.0
0.0
0.0
0.0
0.0
0.0
0.125
0.0
0.06666666666666667
0.0
0.0
0.0
0.16666666666666666
0.0
0.0
0.0
0.0
0.09090909090909091
0.0
0.08333333333333333
0.0
0.0
0.0
0.0
0.0625
0.0
0.125
0.1
0.0
0.0
0.0
0.0
0.0
0.0
0.0
0.0
0.0
0.0
0.0
0.0
0.0
0.0
0.0
0.0
0.0
0.0
0.0
0.0
0.045454545454545456
0.09090909090909091
0.0
0.0
0.09090909090909091
0.0
0.0
0.0
0.0
0.0
0.0
0.0
0.0
0.0
0.0
0.0
0.0
0.0
0.0
0.0
0.0
0.0
0.0
0.0
0.0
0.0
0.0
0.0
0.0
0.0
0.0
0.0
0.0
0.0
0.0
0.0
0.0
0.0
0.0
0.0
0.0
0.0
0.0
0.0
0.07692307692307693
0.0
0.0
0.0
0.0
0.0
0.0
0.13333333333333333
0.0
0.0
0.0
0.0
0.0
0.0
0.0
0.0
0.0
0.0
0.0
0.0
0.0
0.0
0.0
0.0
0.14285714285714285
0.0
0.0
0.0
0.0
0.0
0.0
0.14285714285714285
0.0
0.0
0.0
0.0
0.0
0.0
0.0
0.0
0.0
0.0
0.0
0.02702702702702703
0.0
0.0
0.0
0.0
0.0
0.0
0.0
0.0
0.0
0.0
0.06666666666666667
0.0
0.07692307692307693
0.0
0.0
0.0
0.0
0.0
0.0
0.0
0.0
0.0
0.0
0.0
0.0
0.0
0.0
0.0
0.0
0.0
0.0
0.07692307692307693
0.0
0.0
0.0
0.0
0.0
0.0
0.0
0.0
0.0
0.0
0.0
0.0
0.0
0.0
0.0
0.0
0.0
0.0
0.0
0.0
0.0
0.0
0.0
0.0
0.0
0.0
0.0
0.0
0.0
0.0
0.0
0.0
0.0
0.0
0.0
0.0
0.0625
0.0
0.0
0.0
0.0
0.0
0.0
0.0
0.0
0.0
0.0
0.0
0.0
0.0
0.0
0.0
0.0
0.0
0.0
0.0
0.07692307692307693
0.0
0.0
0.0
0.0
0.0
0.0
0.0
0.0
0.0
0.0
0.0
0.0
0.0
0.0
0.0
0.0
0.0
0.0
0.0
0.0
0.0
0.0
0.0
0.0
0.0
0.0
0.0
0.0
0.0
0.0
0.0
0.0
0.0
0.0
0.0
0.0
0.0
0.0
0.0
0.0
0.0
0.0
0.0
0.0
0.0
0.0
0.0
0.0
0.0
0.0
0.0
0.0
0.0
0.0
0.0
0.0
0.0
0.0
0.0
0.0
0.0
0.0
0.0
0.0
0.0
0.0
0.0
0.0
0.0
0.0
0.0
0.0
0.0
0.0
0.0
0.0
0.0
0.0
0.0
0.0
0.0
0.0
0.0
0.0
0.0
0.0
0.0
0.0
0.0
0.0
0.0
0.0
0.0
0.0
0.0
0.0
0.0
0.0
0.0
0.0
0.0
0.0
0.0
0.0
0.0
0.0
0.0
0.0
0.0
0.0
0.0
0.0
0.0
0.0
0.0
0.0
0.0
0.0
0.0
0.0
0.0
0.0
0.0
0.0
0.0
0.0
0.0
0.0
0.0
0.0
0.11764705882352941
0.0
0.0
0.0
0.0
0.0
0.0
0.0
0.0
0.0
0.0
0.0
0.0
0.0
0.03571428571428571
0.045454545454545456
0.10810810810810811
0.06451612903225806
0.04
0.0
0.015384615384615385
0.02857142857142857
0.17857142857142858
0.13861386138613863
0.02857142857142857
0.02
0.2857142857142857
0.23404255319148937
0.08
0.032520325203252036
0.020833333333333332
0.36363636363636365
0.010416666666666666
0.08888888888888889
0.029850746268656716
0.022222222222222223
0.1794871794871795
0.0
0.10526315789473684
0.03571428571428571
0.0
0.045454545454545456
0.15217391304347827
0.0967741935483871
0.12658227848101267
0.07407407407407407
0.020833333333333332
0.075
0.01694915254237288
0.15789473684210525
0.012987012987012988
0.2545454545454545
0.04918032786885246
0.007194244604316547
0.05555555555555555
0.17073170731707318
0.4
0.05
0.08823529411764706
0.0
1.0
0.030303030303030304
0.12903225806451613
0.16393442622950818
0.03225806451612903
0.3870967741935484
0.2
0.1111111111111111
0.0
0.125
0.037037037037037035
0.0
0.0125
0.15714285714285714
0.09090909090909091
0.05084745762711865
0.17073170731707318
0.0425531914893617
0.14285714285714285
0.12244897959183673
0.015151515151515152
0.05333333333333334
0.07407407407407407
0.1368421052631579
0.3870967741935484
0.15151515151515152
0.11392405063291139
0.0
0.0641025641025641
0.06818181818181818
0.0
0.0
0.0625
0.21428571428571427
0.09433962264150944
0.08108108108108109
0.08888888888888889
0.030534351145038167
0.0125
0.34285714285714286
0.07272727272727272
0.0
0.1
0.25925925925925924
0.012658227848101266
0.10714285714285714
0.0
0.03225806451612903
0.0
1.0
0.26666666666666666
0.041666666666666664
0.6666666666666666
0.3
0.0125
0.0
0.01282051282051282
0.10810810810810811
0.375
1.0
0.0
0.0
0.007633587786259542
0.06451612903225806
0.05263157894736842
0.027777777777777776
0.034482758620689655
0.08888888888888889
0.25
0.0
0.034482758620689655
0.0
0.18181818181818182
0.0
0.0
0.03125
0.06382978723404255
0.0
0.08823529411764706
0.0
0.020833333333333332
0.07865168539325842
0.078125
0.04878048780487805
0.06172839506172839
0.015267175572519083
0.030303030303030304
0.04878048780487805
0.14814814814814814
0.03529411764705882
0.13157894736842105
0.041666666666666664
0.10344827586206896
0.08771929824561403
0.3333333333333333
0.013333333333333334
0.0
0.05
0.1111111111111111
0.3333333333333333
0.0
0.30434782608695654
0.2033898305084746
0.1111111111111111
0.19148936170212766
0.0
0.02040816326530612
0.5789473684210527
0.11904761904761904
0.15384615384615385
0.021739130434782608
0.6666666666666666
0.014705882352941176
0.0
0.1891891891891892
0.1111111111111111
0.6
0.12244897959183673
0.06060606060606061
0.0
0.0
0.02857142857142857
0.046153846153846156
0.0
0.021739130434782608
0.0
0.21875
0.20454545454545456
0.3793103448275862
0.15730337078651685
0.022222222222222223
0.0
0.044444444444444446
0.43478260869565216
0.3
0.11538461538461539
0.0
0.9444444444444444
0.0
0.0
0.09090909090909091
0.16666666666666666
0.15384615384615385
0.0625
0.0
0.013157894736842105
0.10526315789473684
0.027777777777777776
0.04854368932038835
0.03225806451612903
0.6666666666666666
0.125
0.1323529411764706
0.06172839506172839
0.0
0.02127659574468085
0.07692307692307693
0.045454545454545456
1.0
0.15254237288135594
0.09523809523809523
0.23684210526315788
0.0425531914893617
0.0
0.0
0.23076923076923078
0.125
0.07547169811320754
0.061946902654867256
0.42424242424242425
0.112
0.03125
0.20833333333333334
0.06382978723404255
0.0
0.06521739130434782
0.16129032258064516
0.030303030303030304
0.0
0.07692307692307693
0.22807017543859648
1.0
0.1702127659574468
0.09090909090909091
0.05263157894736842
0.5238095238095238
0.0
0.06944444444444445
0.0
0.09090909090909091
0.0
0.1308411214953271
0.1951219512195122
0.03225806451612903
0.5652173913043478
0.0
0.20588235294117646
0.016
0.027777777777777776
0.30952380952380953
0.36363636363636365
0.22413793103448276
0.029411764705882353
0.5740740740740741
0.0
0.13513513513513514
0.06315789473684211
0.08108108108108109
0.0
1.0
0.0
0.125
0.4166666666666667
0.3333333333333333
0.24390243902439024
0.0
0.08823529411764706
0.0684931506849315
0.13513513513513514
0.012048192771084338
0.1
0.25396825396825395
0.014925373134328358
0.02727272727272727
0.4117647058823529
0.0
0.13157894736842105
0.15384615384615385
0.007194244604316547
0.1
0.037037037037037035
0.2222222222222222
0.0
0.13333333333333333
0.010638297872340425
0.013333333333333334
0.3125
0.5
0.1
0.4
0.1095890410958904
0.16129032258064516
0.4222222222222222
0.0
0.2702702702702703
0.0
0.08
0.17073170731707318
0.1794871794871795
0.0
0.6086956521739131
0.10989010989010989
0.2
0.16901408450704225
0.046511627906976744
0.0
0.08695652173913043
0.16981132075471697
0.0
0.36363636363636365
0.03125
0.2962962962962963
0.08333333333333333
1.0
0.10752688172043011
0.03225806451612903
0.0
0.0425531914893617
0.21621621621621623
0.045454545454545456
0.044444444444444446
0.10714285714285714
0.02127659574468085
0.045454545454545456
0.13953488372093023
0.0
0.673469387755102
0.0
0.0
0.2727272727272727
0.09090909090909091
0.015151515151515152
0.0
0.022988505747126436
0.0
0.04
0.041666666666666664
0.21052631578947367
0.0
0.0
0.031496062992125984
0.15789473684210525
0.058823529411764705
0.0
0.013157894736842105
0.0
0.1625
0.031746031746031744
0.15789473684210525
0.10869565217391304
0.057692307692307696
0.16393442622950818
0.0
0.08888888888888889
0.07692307692307693
0.21212121212121213
0.041666666666666664
0.05714285714285714
0.02459016393442623
0.021739130434782608
0.10606060606060606
0.6363636363636364
0.05
0.1511627906976744
0.04285714285714286
0.0
0.08888888888888889
0.017857142857142856
0.16129032258064516
0.01694915254237288
0.0
0.25
0.0
0.0
0.32
0.14285714285714285
0.0
0.020833333333333332
0.044444444444444446
0.06779661016949153
0.09259259259259259
0.08
0.15625
0.13157894736842105
0.043478260869565216
0.15384615384615385
0.058823529411764705
0.0
0.0
0.5961538461538461
0.05194805194805195
0.0
0.01098901098901099
0.20512820512820512
0.34210526315789475
0.13513513513513514
0.06779661016949153
0.012345679012345678
0.125
0.0
0.0
0.12903225806451613
0.13157894736842105
0.022388059701492536
0.0
0.02830188679245283
0.25
0.25
0.07407407407407407
0.041666666666666664
0.0
0.18604651162790697
0.10526315789473684
0.16666666666666666
0.15942028985507245
0.14285714285714285
0.24489795918367346
0.043478260869565216
0.16129032258064516
0.15384615384615385
0.04819277108433735
0.2
0.10909090909090909
0.043478260869565216
0.0
0.02127659574468085
0.16176470588235295
0.18518518518518517
0.0
0.36363636363636365
0.02857142857142857
0.34615384615384615
0.175
0.3333333333333333
0.0
0.18421052631578946
0.0
0.044444444444444446
0.0851063829787234
0.03488372093023256
0.1694915254237288
0.03614457831325301
0.045454545454545456
0.0
0.0
0.1
0.06666666666666667
0.05
0.07692307692307693
0.01020408163265306
0.057692307692307696
0.0
0.1590909090909091
0.26
0.17142857142857143
0.19047619047619047
0.09375
0.1111111111111111
0.19047619047619047
0.0
0.07692307692307693
0.3076923076923077
0.0
0.0
0.08333333333333333
0.0
0.06060606060606061
0.1111111111111111
0.25806451612903225
0.01639344262295082
0.06060606060606061
0.16326530612244897
0.08888888888888889
0.0
0.19047619047619047
0.0
0.037037037037037035
0.1
0.041666666666666664
0.15151515151515152
0.0
0.032
0.05333333333333334
0.02857142857142857
0.6078431372549019
0.3076923076923077
0.0
0.09375
0.08333333333333333
0.0
0.04
0.11363636363636363
0.0
0.15126050420168066
0.13076923076923078
0.07407407407407407
0.06060606060606061
0.011764705882352941
0.0
0.09523809523809523
0.0
0.0
0.0
0.015151515151515152
0.13253012048192772
0.125
0.171875
0.03007518796992481
0.0
0.05970149253731343
0.0
0.007575757575757576
0.2222222222222222
0.0
0.1511627906976744
0.027777777777777776
0.09523809523809523
0.0
0.0
0.0
0.05172413793103448
0.0425531914893617
0.18518518518518517
0.0
0.038461538461538464
0.06666666666666667
0.0
0.14583333333333334
0.0
0.030303030303030304
0.05063291139240506
0.012195121951219513
0.06896551724137931
0.11940298507462686
0.058823529411764705
0.17647058823529413
0.0
0.06976744186046512
0.0
0.1791044776119403
0.018867924528301886
0.03773584905660377
0.014084507042253521
0.047244094488188976
0.0
0.0
0.125
0.044444444444444446
0.0
0.11320754716981132
0.16260162601626016
0.08333333333333333
0.10344827586206896
0.03571428571428571
0.1
0.034482758620689655
0.234375
0.1774193548387097
0.06060606060606061
0.23076923076923078
0.24324324324324326
0.06779661016949153
0.04
0.0
0.13432835820895522
0.0
0.12244897959183673
0.0707070707070707
0.0
0.0
0.0
0.0
0.058823529411764705
0.0
0.08823529411764706
0.46875
0.0
0.045454545454545456
0.2857142857142857
0.04
0.0
0.14285714285714285
0.0
0.7837837837837838
0.047619047619047616
0.043478260869565216
0.0
0.02702702702702703
0.0
0.09375
0.17073170731707318
0.1794871794871795
0.027777777777777776
0.061224489795918366
0.14634146341463414
0.11904761904761904
0.0759493670886076
0.025210084033613446
0.10810810810810811
0.1791044776119403
0.08695652173913043
0.6666666666666666
0.10810810810810811
0.0
0.0
0.6666666666666666
0.058333333333333334
0.0
0.013157894736842105
0.0
0.014492753623188406
0.12121212121212122
0.09375
0.0375
0.02727272727272727
0.0
0.06382978723404255
0.38461538461538464
0.015151515151515152
0.36363636363636365
0.16666666666666666
0.14814814814814814
0.0
0.11904761904761904
0.0
0.2777777777777778
0.11764705882352941
0.1951219512195122
0.45454545454545453
0.09375
0.08163265306122448
0.11392405063291139
0.028037383177570093
0.2413793103448276
0.4444444444444444
0.0
0.15789473684210525
0.041666666666666664
0.03225806451612903
0.11627906976744186
0.041666666666666664
0.0
0.023809523809523808
0.14814814814814814
0.14084507042253522
0.05263157894736842
0.0
0.06382978723404255
0.11904761904761904
0.13793103448275862
0.017241379310344827
0.0
0.1015625
0.12
0.023255813953488372
0.21212121212121213
0.1951219512195122
0.21052631578947367
0.19047619047619047
0.25
0.0
0.10810810810810811
0.03571428571428571
0.5
0.21818181818181817
0.1111111111111111
0.038461538461538464
0.029850746268656716
0.03125
0.02127659574468085
0.08695652173913043
0.18556701030927836
0.02
0.11538461538461539
0.05
0.09523809523809523
0.018518518518518517
0.015037593984962405
0.0
0.0
0.0
0.24444444444444444
0.0
0.6666666666666666
0.06666666666666667
0.5294117647058824
0.016666666666666666
0.08333333333333333
0.12121212121212122
0.2857142857142857
0.052083333333333336
0.45454545454545453
0.03125
0.03571428571428571
0.0
0.02857142857142857
0.125
0.2972972972972973
0.16666666666666666
0.03260869565217391
0.05405405405405406
0.0
0.015384615384615385
0.0
0.2857142857142857
0.034482758620689655
0.012658227848101266
0.0
0.10714285714285714
0.029411764705882353
0.06818181818181818
0.02127659574468085
0.23076923076923078
1.0
0.22
0.0
0.1951219512195122
1.0
0.42424242424242425
0.11904761904761904
0.15
0.03571428571428571
0.0
0.6666666666666666
0.0
0.041666666666666664
0.0125
0.8333333333333334
0.06172839506172839
0.023255813953488372
0.019230769230769232
0.05555555555555555
0.2
0.1111111111111111
0.02857142857142857
1.0
0.10416666666666667
0.0
