0.2857142857142857
0.0
0.037037037037037035
0.5555555555555556
0.0
0.0
0.0
0.125
0.0
0.0
0.02127659574468085
0.35135135135135137
0.22857142857142856
0.038461538461538464
0.07692307692307693
0.24
0.0
0.043478260869565216
0.0
0.16
0.04
0.0
0.0
0.0
0.0
0.4
0.09090909090909091
0.03571428571428571
0.23529411764705882
0.13157894736842105
0.0
0.09090909090909091
0.037037037037037035
0.08823529411764706
0.05405405405405406
0.0
0.0
0.0
0.2608695652173913
0.0
0.0
0.0
0.10526315789473684
0.0
0.07407407407407407
0.0
0.52
0.06666666666666667
0.44
0.22916666666666666
0.0
0.08163265306122448
0.36666666666666664
0.0
0.0
0.0
0.0
0.022727272727272728
0.19444444444444445
0.0
0.021739130434782608
0.20689655172413793
0.13157894736842105
0.047619047619047616
0.125
0.5217391304347826
0.08823529411764706
0.0
0.25
0.15384615384615385
0.025
0.037037037037037035
0.058823529411764705
0.0
0.038461538461538464
0.0
0.21052631578947367
0.038461538461538464
0.0
0.19230769230769232
0.06382978723404255
0.30303030303030304
0.0
0.0
0.3793103448275862
0.0
0.0
0.0
0.020833333333333332
0.06060606060606061
0.1891891891891892
0.0625
0.09523809523809523
0.044444444444444446
0.0
0.09375
0.2
0.15625
0.037037037037037035
0.2
0.0
0.0
0.0
0.06521739130434782
0.25
0.12
0.0
0.19047619047619047
0.0
0.125
0.04081632653061224
0.06451612903225806
0.047619047619047616
0.0
0.0
0.13333333333333333
0.2631578947368421
0.0
0.09090909090909091
0.0
0.0
0.3333333333333333
0.0
0.0
0.07692307692307693
0.0
0.3548387096774194
0.038461538461538464
0.02564102564102564
0.0
0.1282051282051282
0.06666666666666667
0.06060606060606061
0.37142857142857144
0.06451612903225806
0.0
0.0625
0.0851063829787234
0.2608695652173913
0.14634146341463414
0.0
0.0
0.04
0.14285714285714285
0.21212121212121213
0.034482758620689655
0.11627906976744186
0.05
0.06382978723404255
0.14285714285714285
0.08695652173913043
0.045454545454545456
0.2
0.3055555555555556
0.1111111111111111
0.13636363636363635
0.0
0.0
0.12121212121212122
0.0
0.3
0.2564102564102564
0.03571428571428571
0.175
0.19047619047619047
0.041666666666666664
0.03225806451612903
0.41935483870967744
0.038461538461538464
0.06060606060606061
0.09090909090909091
0.07692307692307693
0.2
0.04878048780487805
0.0
0.0
0.0
0.18604651162790697
0.0
0.05714285714285714
0.17647058823529413
0.26666666666666666
0.0
0.07142857142857142
0.0
0.2702702702702703
0.48484848484848486
0.0625
0.0
0.046511627906976744
0.0
0.0
0.11538461538461539
0.0
0.25
0.06818181818181818
0.3225806451612903
0.0
0.13953488372093023
0.09302325581395349
0.23529411764705882
0.36363636363636365
0.0
0.0
0.043478260869565216
0.0
0.39285714285714285
0.26666666666666666
0.0
0.0967741935483871
0.034482758620689655
0.0
0.5185185185185185
0.02857142857142857
0.022727272727272728
0.38461538461538464
0.03333333333333333
0.15384615384615385
0.3225806451612903
0.06382978723404255
0.0
0.5294117647058824
0.45
0.125
0.14814814814814814
0.03333333333333333
0.42105263157894735
0.21875
0.027777777777777776
0.0
0.2
0.4
0.0
0.15217391304347827
0.03225806451612903
0.0
0.0
0.225
0.0
0.025
0.0
0.047619047619047616
0.2222222222222222
0.16666666666666666
0.14814814814814814
0.022222222222222223
0.20833333333333334
0.0
0.08823529411764706
0.08571428571428572
0.4117647058823529
0.38461538461538464
0.10344827586206896
0.0
0.40625
0.08108108108108109
0.03571428571428571
0.1794871794871795
0.05
0.03333333333333333
0.0
0.25
0.25925925925925924
0.125
0.0
0.3333333333333333
0.14285714285714285
0.15151515151515152
0.0
0.10714285714285714
0.0
0.1875
0.0
0.0
0.4074074074074074
0.03125
0.20833333333333334
0.0
0.15384615384615385
0.0
0.18181818181818182
0.05263157894736842
0.0
0.0
0.08571428571428572
0.0
0.0
0.13333333333333333
0.043478260869565216
0.125
0.08571428571428572
0.0
0.15384615384615385
0.0
0.05405405405405406
0.3870967741935484
0.03125
0.4074074074074074
0.06060606060606061
0.04
0.14814814814814814
0.018518518518518517
0.0
0.0
0.13793103448275862
0.2916666666666667
0.10714285714285714
0.12
0.23076923076923078
0.1388888888888889
0.0
0.30303030303030304
0.04878048780487805
0.0
0.2222222222222222
0.1388888888888889
0.0
0.3181818181818182
0.07407407407407407
0.17391304347826086
0.0
0.23333333333333334
0.4642857142857143
0.0
0.1935483870967742
0.0
0.0
0.06896551724137931
0.0
0.0
0.14705882352941177
0.34375
0.24242424242424243
0.11764705882352941
0.0
0.0
0.0
0.14285714285714285
0.15789473684210525
0.0
0.0
0.023255813953488372
0.0
0.0
0.02857142857142857
0.0
0.0
0.0
0.2692307692307692
0.4444444444444444
0.041666666666666664
0.03333333333333333
0.0
0.0
0.25925925925925924
0.19230769230769232
0.0
0.3448275862068966
0.20454545454545456
0.15384615384615385
0.0
0.125
0.03125
0.0975609756097561
0.0
0.0
0.2692307692307692
0.20833333333333334
0.2916666666666667
0.25
0.3684210526315789
0.04
0.0
0.4117647058823529
0.0
0.43333333333333335
0.0
0.3333333333333333
0.0
0.06666666666666667
0.17647058823529413
0.0
0.0
0.0
0.35714285714285715
0.0
0.0975609756097561
0.19230769230769232
0.5294117647058824
0.06451612903225806
0.043478260869565216
0.12
0.02702702702702703
0.16
0.12195121951219512
0.24
0.2916666666666667
0.0
0.3333333333333333
0.020833333333333332
0.14814814814814814
0.0
0.0
0.0
0.030303030303030304
0.0
0.1111111111111111
0.0
0.0
0.0
0.3142857142857143
0.17647058823529413
0.16666666666666666
0.5454545454545454
0.0
0.0
0.03333333333333333
0.5172413793103449
0.125
0.09090909090909091
0.09523809523809523
0.0
0.05
0.0
0.24390243902439024
0.27586206896551724
0.0
0.16666666666666666
0.0
0.09090909090909091
0.2
0.125
0.0
0.11764705882352941
0.02631578947368421
0.0
0.0
0.0
0.029411764705882353
0.0
0.0
0.2222222222222222
0.22857142857142856
0.0
0.15
0.0
0.0
0.0
0.20512820512820512
0.3225806451612903
0.1388888888888889
0.3157894736842105
0.03125
0.045454545454545456
0.23076923076923078
0.24242424242424243
0.13793103448275862
0.23529411764705882
0.0
0.1282051282051282
0.0
0.0
0.1
0.22857142857142856
0.0
0.1111111111111111
0.0
0.18181818181818182
0.23809523809523808
0.027777777777777776
0.041666666666666664
0.0
0.0
0.18181818181818182
0.0
0.0
0.5666666666666667
0.0
0.08333333333333333
0.0
0.0
0.0
0.06382978723404255
0.0
0.0
0.0
0.2857142857142857
0.14634146341463414
0.0625
0.0
0.22580645161290322
0.20930232558139536
0.0
0.061224489795918366
0.0
0.0
0.0
0.2413793103448276
0.041666666666666664
0.0
0.25806451612903225
0.07894736842105263
0.25
0.0
0.14634146341463414
0.37142857142857144
0.037037037037037035
0.16
0.07407407407407407
0.0
0.0
0.07894736842105263
0.0
0.0
0.13513513513513514
0.0
0.0
0.21212121212121213
0.1388888888888889
0.06060606060606061
0.0
0.05
0.06666666666666667
0.0
0.1111111111111111
0.0
0.2
0.22857142857142856
0.0
0.0
0.0
0.041666666666666664
0.34285714285714286
0.225
0.0
0.0
0.08
0.09803921568627451
0.14634146341463414
0.2972972972972973
0.0
0.0
0.0
0.3333333333333333
0.0
0.0
0.2
0.0
0.0
0.0967741935483871
0.10526315789473684
0.3333333333333333
0.20588235294117646
0.0
0.09090909090909091
0.045454545454545456
0.0
0.2222222222222222
0.11627906976744186
0.21052631578947367
0.14634146341463414
0.32432432432432434
0.0196078431372549
0.045454545454545456
0.24242424242424243
0.058823529411764705
0.08695652173913043
0.10869565217391304
0.14634146341463414
0.0
0.13636363636363635
0.058823529411764705
0.22727272727272727
0.06666666666666667
0.0
0.0
0.02857142857142857
0.024390243902439025
0.0
0.07407407407407407
0.0
0.0
0.04
0.02857142857142857
0.046511627906976744
0.5
0.25
0.3225806451612903
0.16129032258064516
0.0
0.06666666666666667
0.0
0.05263157894736842
0.125
0.13043478260869565
0.09523809523809523
0.0
0.06666666666666667
0.0
0.17142857142857143
0.2
0.0
0.037037037037037035
0.13157894736842105
0.3142857142857143
0.11428571428571428
0.08571428571428572
0.0
0.36363636363636365
0.0
0.0
0.0
0.3333333333333333
0.0
0.29411764705882354
0.0
0.13333333333333333
0.0
0.10714285714285714
0.0
0.0625
0.2916666666666667
0.0
0.3548387096774194
0.3333333333333333
0.0
0.0
0.02857142857142857
0.0967741935483871
0.375
0.0
0.0
0.0
0.2
0.29411764705882354
0.0
0.02564102564102564
0.02564102564102564
0.08571428571428572
0.0
0.10638297872340426
0.0
0.0
0.1
0.29411764705882354
0.1111111111111111
0.17142857142857143
0.1
0.10256410256410256
0.0
0.09375
0.023809523809523808
0.0
0.21212121212121213
0.03333333333333333
0.32142857142857145
0.3235294117647059
0.23404255319148937
0.23529411764705882
0.07692307692307693
0.041666666666666664
0.2857142857142857
0.0
0.0
0.3333333333333333
0.11538461538461539
0.058823529411764705
0.2564102564102564
0.1282051282051282
0.05
0.35714285714285715
0.0
0.2903225806451613
0.0
0.23529411764705882
0.15789473684210525
0.024390243902439025
0.18181818181818182
0.125
0.3
0.0
0.0
0.0
0.0
0.4074074074074074
0.0
0.30303030303030304
0.0967741935483871
0.0
0.0
0.32
0.0
0.0
0.16666666666666666
0.1111111111111111
0.0
0.1590909090909091
0.0
0.0
0.11538461538461539
0.0
0.027777777777777776
0.24242424242424243
0.07142857142857142
0.05714285714285714
0.3142857142857143
0.21428571428571427
0.0
0.18181818181818182
0.0
0.13043478260869565
0.0
0.0
0.041666666666666664
0.39285714285714285
0.0
0.0
0.2894736842105263
0.15789473684210525
0.0196078431372549
0.047619047619047616
0.21875
0.06521739130434782
0.20512820512820512
0.32
0.15384615384615385
0.14814814814814814
0.14285714285714285
0.0
0.0
0.027777777777777776
0.0
0.2926829268292683
0.04
0.0
0.0
0.0
0.0
0.0
0.3055555555555556
0.0625
0.02702702702702703
0.0
0.041666666666666664
0.08333333333333333
0.08333333333333333
0.0
0.038461538461538464
0.0
0.1111111111111111
0.2
0.0
0.0
0.18181818181818182
0.0
0.0
0.0
0.0
0.0
0.2857142857142857
0.0
0.0
0.0
0.0
0.0
0.2
0.0
0.2
0.0
0.0
0.2
0.0
0.0
0.0
0.0
0.2
0.0
0.0
0.0
0.0
0.2
0.2
0.2
0.2
0.0
0.375
0.0
0.08333333333333333
0.0
0.0
0.0
0.0
0.0
0.2
0.2
0.2
0.2
0.2
0.2
0.2
0.0
0.25
0.25
0.625
0.0
0.0
0.0
0.2
0.0
0.0
0.0
0.0
0.0
0.0
0.0
0.0
0.0
0.0
0.0
0.2857142857142857
0.0
0.0
0.0
0.0
0.0
0.0
0.16666666666666666
0.0
0.0
0.16666666666666666
0.0
0.0
0.0
0.0
0.1111111111111111
0.07692307692307693
0.0
0.0
0.0
0.0
0.2
0.0
0.2
0.2
0.0
0.08333333333333333
0.16666666666666666
0.0
0.08333333333333333
0.0
0.0
0.0
0.0
0.0
0.0
0.0
0.2
0.0
0.0
0.0
0.0
0.0
0.0
0.25
0.0
0.0
0.0
0.0
0.0
0.0
0.0
0.0
0.0
0.0
0.0
0.0
0.0
0.0
0.0
0.0
0.0
0.0
0.0
0.0
0.0
0.0
0.0
0.0
0.0
0.0
0.0
0.0
0.0
0.0
0.2857142857142857
0.0
0.3333333333333333
0.2
0.0
0.3333333333333333
0.0
0.0
0.0
0.0
0.0
0.18181818181818182
0.0
0.0
0.0
0.0
0.0
0.2
0.0
0.0
0.0
0.0
0.0
0.0
0.2
0.0
0.16666666666666666
0.0
0.0
0.0
0.13333333333333333
0.0
0.0
0.0
0.14285714285714285
0.16666666666666666
0.0
0.0
0.0
0.0
0.2
0.0
0.0
0.0
0.0
0.0
0.0
0.2857142857142857
0.2857142857142857
0.0
0.0
0.0
0.0
0.0
0.0
0.0
0.0
0.0
0.0
0.125
0.0
0.0
0.0
0.14285714285714285
0.0
0.0
0.0
0.2857142857142857
0.0
0.0
0.0
0.0
0.0
0.0
0.0
0.0
0.0
0.1
0.0
0.0
0.0
0.0
0.0
0.0
0.0
0.0
0.0
0.0
0.0
0.0
0.0
0.0
0.0
0.0
0.0
0.0
0.0
0.0
0.0
0.2
0.0
0.0
0.0
0.0
0.0
0.0
0.0
0.0
0.0
0.0
0.0
0.0
0.0
0.0
0.0
0.0
0.0
0.0
0.0
0.0
0.0
0.0
0.0
0.0
0.0
0.0
0.0
0.0
0.0
0.0
0.0
0.0
0.0
0.0
0.0
0.0
0.0
0.0
0.0
0.0
0.0
0.0
0.0
0.0
0.0
0.0
0.0
0.0
0.0
0.0
0.0
0.0
0.0
0.0
0.0
0.0
0.0
0.0
0.125
0.0
0.0
0.0
0.0
0.0
0.0
0.0
0.0
0.0
0.0
0.0
0.0
0.0
0.0
0.0
0.0
0.0
0.0
0.0
0.0
0.0
0.0
0.0
0.0
0.0
0.0
0.0
0.0
0.0
0.0
0.0
0.0
0.0
0.1
0.0
0.0
0.0
0.0
0.0
0.0
0.0
0.25
0.0
0.0
0.0
0.0
0.0
0.0
0.038461538461538464
0.0
0.0
0.0
0.0
0.0
0.0
0.0
0.0
0.0
0.08333333333333333
0.0
0.0
0.0
0.0
0.0
0.0
0.0
0.0
0.0
0.0
0.0
0.0
0.0
0.0
0.0
0.0
0.0
0.0
0.0
0.0
0.0
0.0
0.0
0.0
0.0
0.0
0.0
0.0
0.0
0.0
0.0
0.0
0.0
0.0
0.0
0.0
0.0
0.0
0.0
0.0
0.0
0.0
0.0
0.0
0.0
0.0
0.0
0.0
0.0
0.0
0.0
0.0
0.0
0.0
0.0
0.0
0.0
0.0
0.0
0.0
0.0
0.0
0.0
0.0
0.0
0.0
0.0
0.0
0.0
0.0
0.0
0.0
0.0
0.0
0.0
0.0
0.0
0.0
0.0
0.0
0.0
0.0
0.0
0.0
0.0
0.0
0.0
0.0
0.0
0.0
0.0
0.0
0.0
0.0
0.0
0.0
0.0
0.0
0.0
0.0
0.0
0.0
0.0
0.0
0.0
0.0
0.0
0.0
0.0
0.0
0.0
0.0
0.0
0.0
0.0
0.0
0.0
0.0
0.07142857142857142
0.0
0.0
0.0
0.0
0.0
0.0
0.0
0.0
0.0
0.0
0.0
0.0
0.0
0.0
0.0
0.0
0.1111111111111111
0.0
0.0
0.0
0.0
0.0
0.0
0.0
0.0
0.0
0.0
0.0
0.0
0.0
0.0
0.0
0.0
0.0
0.0
0.0
0.0
0.0
0.0
0.0
0.0
0.0
0.0
0.0
0.0
0.0
0.0
0.0
0.0
0.0
0.0
0.0
0.0
0.0
0.0
0.0
0.0
0.0
0.0
0.0
0.0
0.0
0.0
0.0
0.0
0.0
0.0
0.0
0.0
0.0
0.0
0.0
0.0
0.0
0.0
0.0
0.0
0.0
0.0
0.0
0.0
0.0
0.0
0.0
0.0
0.0
0.0
0.0
0.0
0.0
0.0
0.0
0.0
0.0
0.0
0.0
0.0
0.0
0.0
0.0
0.0
0.0
0.0
0.0
0.0
0.0
0.0
0.0
0.0
0.0
0.0
0.0
0.0
0.0
0.0
0.0
0.0
0.0
0.0
0.0
0.0
0.0
0.0
0.0
0.0
0.0
0.0
0.0
0.0
0.0
0.0
0.0
0.0
0.0
0.0
0.0
0.0
0.0
0.0
0.0
0.0
0.0
0.0
0.0
0.0
0.0
0.0
0.0
0.0
0.0
0.0
0.0
0.0
0.0
0.0
0.0
0.0
0.0
0.0
0.0
0.0
0.0
0.0
0.0
0.0
0.0
0.0
0.0
0.0
0.0
0.0
0.0
0.0
0.0
0.0
0.0
0.0
0.0
0.0
0.0
0.0
0.0
0.0
0.0
0.0
0.0
0.0
0.0
0.0
0.0
0.0
0.0
0.0
0.0
0.0
0.0
0.0
0.0
0.0
0.0
0.0
0.0
0.0
0.0
0.0
0.0
0.0
0.0
0.0
0.0
0.0
0.0
0.0
0.0
0.0
0.0
0.0
0.0
0.0
0.0
0.0
0.0
0.0
0.0
0.0
0.0
0.0
0.0
0.0
0.0
0.0
0.0
0.0
0.0
0.0
0.0
0.0
0.0
0.0
0.0
0.0
0.0
0.0
0.0
0.0
0.0
0.0
0.0
0.0
0.0
0.0
0.0
0.0
0.0
0.0
0.0625
0.0
0.0
0.0
0.0
0.0
0.0
0.0
0.0
0.0
0.0
0.0
0.0
0.0
0.0
0.023255813953488372
0.08333333333333333
0.03333333333333333
0.013333333333333334
0.0
0.0
0.0
0.14285714285714285
0.10784313725490197
0.0
0.0
0.16666666666666666
0.14285714285714285
0.041666666666666664
0.016260162601626018
0.0
0.34375
0.0
0.06818181818181818
0.015151515151515152
0.0
0.1282051282051282
0.0
0.05555555555555555
0.024096385542168676
0.0
0.023255813953488372
0.0851063829787234
0.06666666666666667
0.0875
0.037037037037037035
0.0
0.05128205128205128
0.0
0.10526315789473684
0.0
0.21818181818181817
0.04132231404958678
0.0
0.018518518518518517
0.09523809523809523
0.3333333333333333
0.04201680672268908
0.058823529411764705
0.0
1.0
0.0
0.06451612903225806
0.13114754098360656
0.0
0.36666666666666664
0.14285714285714285
0.08571428571428572
0.0
0.0625
0.0
0.0
0.0
0.09722222222222222
0.06060606060606061
0.01694915254237288
0.12195121951219512
0.0
0.07142857142857142
0.08163265306122448
0.007633587786259542
0.02666666666666667
0.0
0.10416666666666667
0.36666666666666664
0.13846153846153847
0.075
0.0
0.038461538461538464
0.022222222222222223
0.0
0.0
0.0
0.15384615384615385
0.07692307692307693
0.04
0.043478260869565216
0.015267175572519083
0.0
0.2857142857142857
0.03636363636363636
0.0
0.05263157894736842
0.2222222222222222
0.0
0.07407407407407407
0.0
0.0
0.0
1.0
0.2
0.027777777777777776
0.5
0.25
0.0
0.0
0.0
0.08333333333333333
0.2926829268292683
1.0
0.0
0.0
0.0
0.015873015873015872
0.0
0.0
0.017543859649122806
0.044444444444444446
0.19672131147540983
0.0
0.0
0.0
0.15625
0.0
0.0
0.0
0.02127659574468085
0.0
0.043478260869565216
0.0
0.0
0.03296703296703297
0.046875
0.0
0.024390243902439025
0.007692307692307693
0.0
0.0
0.12345679012345678
0.023809523809523808
0.10810810810810811
0.027777777777777776
0.07142857142857142
0.034482758620689655
0.3076923076923077
0.0
0.0
0.025
0.07692307692307693
0.2777777777777778
0.0
0.21739130434782608
0.15
0.060240963855421686
0.10204081632653061
0.0
0.0
0.47368421052631576
0.0859375
0.10256410256410256
0.0
0.5
0.0
0.0
0.13513513513513514
0.07692307692307693
0.5121951219512195
0.06
0.03125
0.0
0.0
0.0
0.015384615384615385
0.0
0.0
0.0
0.15625
0.13333333333333333
0.35714285714285715
0.12222222222222222
0.0
0.0
0.0
0.4090909090909091
0.26229508196721313
0.08
0.0
0.9411764705882353
0.0
0.0
0.03571428571428571
0.1
0.10256410256410256
0.03225806451612903
0.0
0.0
0.08108108108108109
0.018691588785046728
0.019230769230769232
0.0
0.6
0.0
0.08695652173913043
0.024390243902439025
0.0
0.0
0.04
0.023255813953488372
1.0
0.11864406779661017
0.05
0.18421052631578946
0.021739130434782608
0.0
0.0
0.15384615384615385
0.0625
0.03773584905660377
0.04424778761061947
0.40625
0.0703125
0.0
0.125
0.043478260869565216
0.0
0.02127659574468085
0.0967741935483871
0.0
0.0
0.038461538461538464
0.19298245614035087
1.0
0.08163265306122448
0.045454545454545456
0.0
0.42857142857142855
0.0
0.0273972602739726
0.0
0.047619047619047616
0.0
0.10185185185185185
0.175
0.0
0.5454545454545454
0.0
0.14705882352941177
0.0
0.018691588785046728
0.23255813953488372
0.3
0.1896551724137931
0.0
0.509090909090909
0.0
0.1111111111111111
0.020618556701030927
0.04
0.0
1.0
0.0
0.0625
0.25
0.30434782608695654
0.1951219512195122
0.0
0.06060606060606061
0.0410958904109589
0.1111111111111111
0.0
0.0
0.203125
0.0
0.01834862385321101
0.29411764705882354
0.0
0.10810810810810811
0.10256410256410256
0.0
0.05
0.018867924528301886
0.125
0.0
0.06666666666666667
0.0
0.0
0.25
0.4
0.07692307692307693
0.32
0.0821917808219178
0.12903225806451613
0.3191489361702128
0.0
0.21621621621621623
0.0
0.061224489795918366
0.12195121951219512
0.13924050632911392
0.0
0.5909090909090909
0.08791208791208792
0.15
0.125
0.0
0.0
0.045454545454545456
0.1320754716981132
0.0
0.3
0.0
0.2692307692307692
0.0
1.0
0.06315789473684211
0.0
0.0
0.021739130434782608
0.13157894736842105
0.015151515151515152
0.0
0.07407407407407407
0.0
0.023255813953488372
0.06818181818181818
0.0
0.6326530612244898
0.0
0.0
0.22727272727272727
0.030303030303030304
0.0
0.0
0.011627906976744186
0.0
0.02702702702702703
0.0
0.15384615384615385
0.0
0.0
0.023809523809523808
0.13513513513513514
0.05084745762711865
0.0
0.0
0.0
0.10975609756097561
0.0
0.13513513513513514
0.08888888888888889
0.019230769230769232
0.13114754098360656
0.0
0.044444444444444446
0.0
0.14705882352941177
0.02127659574468085
0.029411764705882353
0.01652892561983471
0.0
0.07575757575757576
0.6190476190476191
0.016666666666666666
0.10227272727272728
0.02857142857142857
0.0
0.044444444444444446
0.0
0.0967741935483871
0.0
0.0
0.19672131147540983
0.0
0.0
0.2916666666666667
0.1111111111111111
0.0
0.0
0.022222222222222223
0.016666666666666666
0.03636363636363636
0.04
0.11224489795918367
0.10810810810810811
0.022222222222222223
0.11538461538461539
0.05084745762711865
0.0
0.0
0.5283018867924528
0.025974025974025976
0.0
0.0
0.18421052631578946
0.2894736842105263
0.1111111111111111
0.016666666666666666
0.0
0.07692307692307693
0.0
0.0
0.07936507936507936
0.10810810810810811
0.007462686567164179
0.0
0.01904761904761905
0.16666666666666666
0.20454545454545456
0.05660377358490566
0.0
0.0
0.13953488372093023
0.08108108108108109
0.1
0.09859154929577464
0.0
0.1568627450980392
0.022222222222222223
0.11811023622047244
0.10606060606060606
0.024096385542168676
0.1794871794871795
0.07272727272727272
0.0
0.0
0.0
0.09859154929577464
0.15384615384615385
0.0
0.34375
0.0
0.2692307692307692
0.125
0.2222222222222222
0.0
0.13157894736842105
0.0
0.0
0.06521739130434782
0.011627906976744186
0.13559322033898305
0.024390243902439025
0.0
0.0
0.0
0.0392156862745098
0.01639344262295082
0.02564102564102564
0.038461538461538464
0.0
0.019230769230769232
0.0
0.12359550561797752
0.17307692307692307
0.11428571428571428
0.14285714285714285
0.03125
0.08571428571428572
0.09090909090909091
0.0
0.038461538461538464
0.28
0.0
0.0
0.06382978723404255
0.0
0.03125
0.07692307692307693
0.23333333333333334
0.0
0.03125
0.12244897959183673
0.043478260869565216
0.0
0.12307692307692308
0.0
0.025
0.06896551724137931
0.0
0.10891089108910891
0.0
0.016
0.0
0.0
0.5686274509803921
0.25
0.0
0.03125
0.06382978723404255
0.0
0.02702702702702703
0.044444444444444446
0.0
0.10655737704918032
0.08208955223880597
0.0
0.03125
0.0
0.0
0.05
0.0
0.0
0.0
0.0
0.09523809523809523
0.0
0.12307692307692308
0.015037593984962405
0.0
0.029850746268656716
0.0
0.0
0.18518518518518517
0.0
0.10227272727272728
0.014084507042253521
0.05
0.0
0.0
0.0
0.017241379310344827
0.0
0.1111111111111111
0.0
0.0
0.01639344262295082
0.0
0.10416666666666667
0.0
0.0
0.0
0.0
0.0
0.057971014492753624
0.030303030303030304
0.13043478260869565
0.0
0.023255813953488372
0.0
0.1323529411764706
0.0
0.019230769230769232
0.0
0.0234375
0.0
0.0
0.08333333333333333
0.0
0.0
0.09615384615384616
0.11023622047244094
0.06382978723404255
0.07142857142857142
0.0
0.05263157894736842
0.023255813953488372
0.18461538461538463
0.12698412698412698
0.030303030303030304
0.2
0.1891891891891892
0.016666666666666666
0.009900990099009901
0.0
0.1044776119402985
0.0
0.08163265306122448
0.04
0.0
0.0
0.0
0.0
0.04
0.0
0.06060606060606061
0.45161290322580644
0.0
0.015151515151515152
0.24489795918367346
0.0
0.0
0.07692307692307693
0.0
0.7297297297297297
0.015873015873015872
0.022222222222222223
0.0
0.01818181818181818
0.0
0.03125
0.12195121951219512
0.15789473684210525
0.0
0.041666666666666664
0.07142857142857142
0.07142857142857142
0.05063291139240506
0.008403361344537815
0.08333333333333333
0.1323529411764706
0.043478260869565216
0.6571428571428571
0.08333333333333333
0.0
0.0
0.5
0.041666666666666664
0.0
0.0
0.0
0.0072992700729927005
0.09090909090909091
0.06451612903225806
0.02531645569620253
0.01834862385321101
0.0
0.02127659574468085
0.3333333333333333
0.0
0.3
0.14285714285714285
0.07407407407407407
0.0
0.0975609756097561
0.0
0.2222222222222222
0.0784313725490196
0.11904761904761904
0.4
0.06451612903225806
0.04081632653061224
0.075
0.018867924528301886
0.1724137931034483
0.375
0.0
0.10526315789473684
0.0
0.0
0.06818181818181818
0.010309278350515464
0.0
0.0
0.0963855421686747
0.09722222222222222
0.0
0.0
0.043478260869565216
0.08235294117647059
0.10344827586206896
0.0
0.0
0.061068702290076333
0.0891089108910891
0.0
0.15151515151515152
0.175
0.17543859649122806
0.17073170731707318
0.21153846153846154
0.0
0.08333333333333333
0.024096385542168676
0.43859649122807015
0.18181818181818182
0.037037037037037035
0.025974025974025976
0.014925373134328358
0.0
0.0
0.045454545454545456
0.1414141414141414
0.0
0.05660377358490566
0.03333333333333333
0.05
0.009345794392523364
0.007575757575757576
0.0
0.0
0.0
0.2
0.0
0.5
0.022222222222222223
0.4117647058823529
0.0
0.05
0.06060606060606061
0.25925925925925924
0.01020408163265306
0.42857142857142855
0.0
0.0
0.0
0.0
0.0625
0.24324324324324326
0.1
0.010869565217391304
0.027777777777777776
0.0
0.0
0.0
0.16666666666666666
0.0
0.0
0.0
0.07407407407407407
0.014925373134328358
0.022222222222222223
0.0
0.2
1.0
0.18
0.0
0.175
1.0
0.40625
0.07142857142857142
0.0975609756097561
0.0
0.0
0.65
0.0
0.0
0.0
0.8
0.024390243902439025
0.0
0.0
0.031496062992125984
0.14285714285714285
0.07692307692307693
0.0
1.0
0.0851063829787234
0.0
