0.4230769230769231
0.0
0.14285714285714285
0.8888888888888888
0.0
0.0
0.0
0.29411764705882354
0.13333333333333333
0.0
0.08
0.56
0.4090909090909091
0.13333333333333333
0.2222222222222222
0.4375
0.0
0.15384615384615385
0.0
0.4
0.16666666666666666
0.0
0.09090909090909091
0.0
0.0
0.7368421052631579
0.26666666666666666
0.125
0.45454545454545453
0.20689655172413793
0.0
0.18181818181818182
0.11764705882352941
0.25
0.1875
0.0
0.0
0.0
0.5
0.07692307692307693
0.08333333333333333
0.05555555555555555
0.2777777777777778
0.08333333333333333
0.17647058823529413
0.0
0.5833333333333334
0.21428571428571427
0.5454545454545454
0.41935483870967744
0.05263157894736842
0.2222222222222222
0.5
0.06666666666666667
0.0
0.0625
0.06666666666666667
0.09090909090909091
0.3076923076923077
0.09090909090909091
0.125
0.4117647058823529
0.34782608695652173
0.2222222222222222
0.25
0.7222222222222222
0.2222222222222222
0.08333333333333333
0.44
0.38095238095238093
0.14285714285714285
0.16666666666666666
0.15384615384615385
0.0
0.15384615384615385
0.0
0.4583333333333333
0.16666666666666666
0.0
0.4375
0.20689655172413793
0.4230769230769231
0.1111111111111111
0.07692307692307693
0.7058823529411765
0.0
0.0
0.0
0.1111111111111111
0.2857142857142857
0.42857142857142855
0.14814814814814814
0.25
0.13043478260869565
0.0
0.2777777777777778
0.4166666666666667
0.3333333333333333
0.10526315789473684
0.45454545454545453
0.0
0.0
0.0
0.14285714285714285
0.45454545454545453
0.2222222222222222
0.0625
0.45454545454545453
0.043478260869565216
0.3
0.12
0.17647058823529413
0.16666666666666666
0.0
0.041666666666666664
0.3333333333333333
0.4583333333333333
0.0
0.2727272727272727
0.0
0.0
0.5294117647058824
0.0
0.0
0.2
0.08333333333333333
0.631578947368421
0.125
0.18181818181818182
0.0
0.25
0.15789473684210525
0.17647058823529413
0.64
0.1875
0.0
0.14285714285714285
0.21875
0.4666666666666667
0.34782608695652173
0.058823529411764705
0.0
0.14285714285714285
0.2916666666666667
0.38095238095238093
0.11764705882352941
0.2727272727272727
0.16666666666666666
0.2
0.2777777777777778
0.3076923076923077
0.14285714285714285
0.4230769230769231
0.5833333333333334
0.2
0.26666666666666666
0.08333333333333333
0.07142857142857142
0.3157894736842105
0.06666666666666667
0.4117647058823529
0.4230769230769231
0.16666666666666666
0.391304347826087
0.35714285714285715
0.14285714285714285
0.125
0.5185185185185185
0.14285714285714285
0.15789473684210525
0.3181818181818182
0.16666666666666666
0.3181818181818182
0.15384615384615385
0.0
0.09090909090909091
0.0
0.39285714285714285
0.0
0.25
0.3333333333333333
0.375
0.0
0.20833333333333334
0.0
0.5
0.5666666666666667
0.2
0.0
0.13043478260869565
0.0
0.0
0.2222222222222222
0.05555555555555555
0.4166666666666667
0.21052631578947367
0.5909090909090909
0.0
0.34782608695652173
0.20833333333333334
0.43478260869565216
0.56
0.0
0.0
0.125
0.0
0.5217391304347826
0.45
0.0
0.29411764705882354
0.14285714285714285
0.058823529411764705
0.6521739130434783
0.16666666666666666
0.08333333333333333
0.6875
0.125
0.25925925925925924
0.631578947368421
0.25
0.0
0.7037037037037037
0.5555555555555556
0.2857142857142857
0.35714285714285715
0.15384615384615385
0.6923076923076923
0.36
0.09090909090909091
0.0
0.35
0.5416666666666666
0.0
0.35714285714285715
0.125
0.0
0.0
0.5652173913043478
0.0
0.13636363636363635
0.08333333333333333
0.15789473684210525
0.32142857142857145
0.375
0.2631578947368421
0.09523809523809523
0.3684210526315789
0.0
0.18181818181818182
0.21052631578947367
0.6521739130434783
0.6428571428571429
0.2777777777777778
0.0
0.7894736842105263
0.22727272727272727
0.21428571428571427
0.27586206896551724
0.13043478260869565
0.21428571428571427
0.09090909090909091
0.5
0.4
0.25
0.0
0.5909090909090909
0.23809523809523808
0.3333333333333333
0.05
0.38461538461538464
0.0
0.36363636363636365
0.0
0.047619047619047616
0.5714285714285714
0.14285714285714285
0.375
0.0
0.2631578947368421
0.0
0.3448275862068966
0.15789473684210525
0.0
0.0
0.3125
0.0
0.0
0.2631578947368421
0.10714285714285714
0.2608695652173913
0.29411764705882354
0.0
0.3
0.0
0.17647058823529413
0.7368421052631579
0.1111111111111111
0.6666666666666666
0.21052631578947367
0.18181818181818182
0.38461538461538464
0.06896551724137931
0.0
0.15384615384615385
0.25
0.6666666666666666
0.26666666666666666
0.26666666666666666
0.6153846153846154
0.35
0.041666666666666664
0.46153846153846156
0.16
0.0
0.3888888888888889
0.2857142857142857
0.0
0.6666666666666666
0.2
0.39285714285714285
0.0
0.38095238095238093
0.7777777777777778
0.07692307692307693
0.4375
0.0
0.0
0.15
0.045454545454545456
0.0
0.2857142857142857
0.48148148148148145
0.375
0.21739130434782608
0.0
0.08333333333333333
0.0
0.4
0.2857142857142857
0.07142857142857142
0.0
0.11538461538461539
0.0
0.0
0.10526315789473684
0.1111111111111111
0.125
0.0
0.4
0.5416666666666666
0.15384615384615385
0.09523809523809523
0.0
0.07142857142857142
0.4
0.3
0.05
0.5
0.4074074074074074
0.36
0.0
0.3333333333333333
0.13636363636363635
0.2413793103448276
0.0
0.05555555555555555
0.5333333333333333
0.4375
0.4444444444444444
0.4230769230769231
0.6666666666666666
0.3
0.0
0.5555555555555556
0.07692307692307693
0.7777777777777778
0.09090909090909091
0.5625
0.1111111111111111
0.15384615384615385
0.5
0.0
0.0
0.0
0.5789473684210527
0.13333333333333333
0.17857142857142858
0.42857142857142855
0.7407407407407407
0.21052631578947367
0.125
0.25
0.13043478260869565
0.3125
0.24
0.4375
0.45
0.05263157894736842
0.48
0.125
0.29411764705882354
0.0
0.07142857142857142
0.0
0.11764705882352941
0.045454545454545456
0.23076923076923078
0.07142857142857142
0.0
0.0
0.5909090909090909
0.3181818181818182
0.4090909090909091
0.6190476190476191
0.07692307692307693
0.0
0.13333333333333333
0.6956521739130435
0.23529411764705882
0.25
0.28
0.0
0.2
0.05
0.4444444444444444
0.5555555555555556
0.0
0.3333333333333333
0.0
0.23529411764705882
0.38461538461538464
0.375
0.08333333333333333
0.27586206896551724
0.14285714285714285
0.0
0.0
0.0
0.09090909090909091
0.08333333333333333
0.037037037037037035
0.4375
0.5555555555555556
0.0
0.4
0.0625
0.0
0.0
0.3103448275862069
0.46153846153846156
0.2857142857142857
0.5833333333333334
0.16666666666666666
0.11538461538461539
0.36363636363636365
0.5
0.3333333333333333
0.45
0.0
0.4
0.0
0.0
0.2727272727272727
0.4583333333333333
0.0
0.25806451612903225
0.0
0.35
0.5
0.16666666666666666
0.14285714285714285
0.0
0.0
0.45454545454545453
0.0
0.0
0.6428571428571429
0.058823529411764705
0.19047619047619047
0.07142857142857142
0.0
0.0
0.17857142857142858
0.06666666666666667
0.0
0.08
0.6
0.32
0.15
0.0
0.3333333333333333
0.4230769230769231
0.047619047619047616
0.18518518518518517
0.0
0.10526315789473684
0.0
0.47368421052631576
0.18181818181818182
0.0
0.5882352941176471
0.2631578947368421
0.4090909090909091
0.0
0.45
0.6666666666666666
0.125
0.3333333333333333
0.15789473684210525
0.0
0.0
0.2
0.0
0.0
0.30434782608695654
0.07692307692307693
0.0
0.47058823529411764
0.4117647058823529
0.13636363636363635
0.1111111111111111
0.18181818181818182
0.17647058823529413
0.0
0.35294117647058826
0.0
0.45454545454545453
0.375
0.0
0.06666666666666667
0.0
0.16666666666666666
0.65
0.42857142857142855
0.0
0.0
0.2692307692307692
0.23333333333333334
0.34782608695652173
0.4642857142857143
0.0
0.0
0.0
0.4444444444444444
0.08333333333333333
0.07692307692307693
0.4
0.0625
0.09090909090909091
0.2222222222222222
0.23076923076923078
0.5714285714285714
0.375
0.13333333333333333
0.2857142857142857
0.15384615384615385
0.0
0.4117647058823529
0.22580645161290322
0.35714285714285715
0.36363636363636365
0.5
0.07692307692307693
0.13333333333333333
0.45454545454545453
0.2222222222222222
0.3333333333333333
0.36
0.27586206896551724
0.0
0.3333333333333333
0.13043478260869565
0.5
0.21052631578947367
0.0
0.0
0.1
0.15
0.043478260869565216
0.3333333333333333
0.05555555555555555
0.047619047619047616
0.1111111111111111
0.09090909090909091
0.11538461538461539
0.5769230769230769
0.36
0.5238095238095238
0.2857142857142857
0.07692307692307693
0.16666666666666666
0.0
0.13043478260869565
0.3333333333333333
0.3076923076923077
0.2
0.06666666666666667
0.2
0.0
0.4
0.45
0.0
0.13333333333333333
0.30434782608695654
0.5
0.20833333333333334
0.23529411764705882
0.058823529411764705
0.6428571428571429
0.07692307692307693
0.0
0.1111111111111111
0.6521739130434783
0.03571428571428571
0.42857142857142855
0.125
0.3076923076923077
0.0
0.23529411764705882
0.0
0.2222222222222222
0.5333333333333333
0.0
0.5
0.52
0.0
0.05555555555555555
0.13333333333333333
0.26666666666666666
0.625
0.058823529411764705
0.07692307692307693
0.058823529411764705
0.42857142857142855
0.4583333333333333
0.0
0.10526315789473684
0.17391304347826086
0.16
0.0
0.3333333333333333
0.0
0.0
0.26666666666666666
0.5789473684210527
0.2727272727272727
0.3181818181818182
0.25
0.25
0.0
0.2222222222222222
0.08333333333333333
0.0
0.42105263157894735
0.13333333333333333
0.625
0.5909090909090909
0.43333333333333335
0.38461538461538464
0.21428571428571427
0.15384615384615385
0.5384615384615384
0.0
0.0
0.5625
0.21052631578947367
0.17647058823529413
0.4074074074074074
0.2608695652173913
0.13636363636363635
0.5454545454545454
0.0
0.5238095238095238
0.0
0.38461538461538464
0.2857142857142857
0.11764705882352941
0.35714285714285715
0.25925925925925924
0.6363636363636364
0.0
0.0
0.047619047619047616
0.0
0.6
0.0
0.5217391304347826
0.23809523809523808
0.13333333333333333
0.13333333333333333
0.6666666666666666
0.0
0.045454545454545456
0.38461538461538464
0.3333333333333333
0.0
0.36
0.0
0.0
0.26666666666666666
0.08333333333333333
0.17647058823529413
0.45
0.1875
0.15
0.48
0.3333333333333333
0.0
0.34782608695652173
0.0
0.2903225806451613
0.0
0.0
0.1724137931034483
0.6
0.09523809523809523
0.0
0.5
0.26666666666666666
0.07142857142857142
0.16666666666666666
0.42857142857142855
0.15384615384615385
0.36
0.6923076923076923
0.2777777777777778
0.3125
0.4
0.038461538461538464
0.0
0.09090909090909091
0.08333333333333333
0.5
0.13333333333333333
0.0
0.08333333333333333
0.1
0.0
0.08333333333333333
0.5714285714285714
0.15
0.13043478260869565
0.0
0.125
0.2727272727272727
0.2
0.0
0.11764705882352941
0.0
0.24
0.5
0.0
0.0
0.42857142857142855
0.0
0.0
0.0
0.0
0.2
0.5
0.5
0.0
0.0
0.0
0.0
0.5
0.0
0.5
0.0
0.0
0.42857142857142855
0.3333333333333333
0.25
0.25
0.16666666666666666
0.5
0.0
0.0
0.0
0.0
0.5
0.5
0.5
0.5
0.0
0.8
0.0
0.25
0.0
0.0
0.0
0.0
0.3333333333333333
0.5
0.5
0.5
0.5
0.5
0.5
0.5
0.25
0.6666666666666666
0.42857142857142855
0.6666666666666666
0.2
0.3333333333333333
0.3333333333333333
0.5
0.0
0.3333333333333333
0.3333333333333333
0.0
0.0
0.0
0.25
0.0
0.25
0.0
1.0
0.42857142857142855
0.0
0.0
0.0
0.25
0.0
0.0
0.5
0.0
0.0
0.4
0.0
0.0
0.0
0.0
0.3333333333333333
0.42857142857142855
0.0
0.0
0.0
0.0
0.5
0.0
0.5
0.5
0.2
0.42857142857142855
0.5
0.0
0.375
0.0
0.0
0.0
0.0
0.0
0.0
0.25
0.5
0.0
0.0
0.0
0.25
0.0
0.125
0.5
0.0
0.0
0.25
0.0
0.14285714285714285
0.3333333333333333
0.0
0.0
0.0
0.0
0.0
0.0
0.0
0.14285714285714285
0.0
0.0
0.0
0.0
0.0
0.0
0.0
0.25
0.3333333333333333
0.25
0.0
0.0
0.0
0.25
0.0
0.0
0.42857142857142855
0.0
0.75
0.5
0.0
0.5
0.2
0.0
0.0
0.0
0.0
0.375
0.0
0.0
0.0
0.0
0.0
0.5
0.0
0.0
0.25
0.0
0.0
0.0
0.5
0.0
0.3333333333333333
0.0
0.16666666666666666
0.0
0.3
0.0
0.2
0.0
0.4
0.5
0.0
0.0
0.0
0.3333333333333333
0.5
0.0
0.0
0.0
0.0
0.0
0.1111111111111111
0.75
0.42857142857142855
0.2
0.0
0.0
0.0
0.0
0.2
0.0
0.0
0.0
0.0
0.5
0.0
0.0
0.25
0.4
0.0
0.0
0.0
0.6
0.0
0.25
0.0
0.0
0.14285714285714285
0.25
0.0
0.0
0.16666666666666666
0.25
0.0
0.0
0.0
0.0
0.2
0.0
0.0
0.0
0.0
0.0
0.0
0.0
0.0
0.0
0.0
0.0
0.0
0.0
0.0
0.0
0.0
0.42857142857142855
0.0
0.0
0.0
0.0
0.0
0.0
0.0
0.0
0.0
0.0
0.2
0.0
0.2
0.0
0.3333333333333333
0.125
0.0
0.0
0.0
0.0
0.0
0.0
0.0
0.0
0.0
0.2
0.0
0.25
0.0
0.0
0.0
0.0
0.0
0.0
0.0
0.0
0.0
0.0
0.0
0.25
0.16666666666666666
0.0
0.16666666666666666
0.0
0.0
0.3333333333333333
0.0
0.0
0.0
0.0
0.0
0.2
0.0
0.0
0.0
0.0
0.0
0.14285714285714285
0.3333333333333333
0.25
0.0
0.0
0.25
0.0
0.0
0.0
0.0
0.2
0.0
0.0
0.0
0.0
0.0
0.0
0.0
0.0
0.0
0.25
0.0
0.0
0.0
0.0
0.0
0.0
0.0
0.0
0.0
0.0
0.0
0.0
0.2
0.0
0.3333333333333333
0.0
0.0
0.0
0.0
0.0
0.0
0.0
0.75
0.2
0.0
0.0
0.0
0.0
0.0
0.11764705882352941
0.0
0.0
0.0
0.0
0.0
0.0
0.0
0.1111111111111111
0.25
0.2857142857142857
0.0
0.0
0.0
0.0
0.0
0.0
0.0
0.0
0.0
0.0
0.0
0.0
0.0
0.0
0.0
0.0
0.0
0.0
0.0
0.0
0.0
0.0
0.0
0.0
0.0
0.16666666666666666
0.0
0.16666666666666666
0.0
0.0
0.0
0.5
0.0
0.0
0.0
0.0
0.2
0.0
0.14285714285714285
0.0
0.0
0.0
0.0
0.125
0.0
0.25
0.25
0.0
0.0
0.0
0.0
0.0
0.0
0.0
0.0
0.0
0.0
0.0
0.0
0.0
0.0
0.0
0.0
0.0
0.0
0.0
0.0
0.0625
0.25
0.0
0.0
0.25
0.0
0.0
0.0
0.0
0.0
0.0
0.0
0.0
0.0
0.0
0.0
0.0
0.0
0.0
0.0
0.0
0.0
0.0
0.0
0.0
0.0
0.0
0.0
0.0
0.0
0.0
0.0
0.0
0.0
0.0
0.0
0.0
0.0
0.0
0.0
0.0
0.0
0.0
0.0
0.125
0.0
0.0
0.0
0.0
0.0
0.0
0.18181818181818182
0.0
0.0
0.0
0.0
0.0
0.0
0.0
0.0
0.0
0.0
0.0
0.0
0.0
0.0
0.0
0.0
0.18181818181818182
0.0
0.0
0.0
0.0
0.0
0.0
0.16666666666666666
0.0
0.0
0.0
0.0
0.0
0.0
0.0
0.0
0.0
0.0
0.0
0.05
0.0
0.0
0.0
0.0
0.0
0.0
0.0
0.0
0.0
0.0
0.16666666666666666
0.0
0.1111111111111111
0.0
0.0
0.0
0.0
0.0
0.0
0.0
0.0
0.0
0.0
0.0
0.0
0.0
0.0
0.0
0.0
0.0
0.0
0.1111111111111111
0.0
0.0
0.0
0.0
0.0
0.0
0.0
0.0
0.0
0.0
0.0
0.0
0.0
0.0
0.0
0.0
0.0
0.0
0.0
0.0
0.0
0.0
0.0
0.0
0.0
0.0
0.0
0.0
0.0
0.0
0.0
0.0
0.0
0.0
0.0
0.0
0.16666666666666666
0.0
0.0
0.0
0.0
0.0
0.0
0.0
0.0
0.0
0.0
0.0
0.0
0.0
0.0
0.0
0.0
0.0
0.0
0.0
0.14285714285714285
0.0
0.0
0.0
0.0
0.0
0.0
0.0
0.0
0.0
0.0
0.0
0.0
0.0
0.0
0.0
0.0
0.0
0.0
0.0
0.0
0.0
0.0
0.0
0.0
0.0
0.0
0.0
0.0
0.0
0.0
0.0
0.0
0.0
0.0
0.0
0.0
0.0
0.0
0.0
0.0
0.0
0.0
0.0
0.0
0.0
0.0
0.0
0.0
0.0
0.0
0.0
0.0
0.0
0.0
0.0
0.0
0.0
0.0
0.0
0.0
0.0
0.0
0.0
0.0
0.0
0.0
0.0
0.0
0.0
0.0
0.0
0.0
0.0
0.0
0.0
0.0
0.0
0.0
0.0
0.0
0.0
0.0
0.0
0.0
0.0
0.0
0.0
0.0
0.0
0.0
0.0
0.0
0.0
0.0
0.0
0.0
0.0
0.0
0.0
0.0
0.0
0.0
0.0
0.0
0.0
0.0
0.0
0.0
0.0
0.0
0.0
0.0
0.0
0.0
0.0
0.0
0.0
0.0
0.0
0.0
0.0
0.0
0.0
0.0
0.0
0.0
0.0
0.0
0.0
0.0
0.13333333333333333
0.0
0.0
0.0
0.0
0.0
0.0
0.0
0.0
0.0
0.0
0.0
0.0
0.0
0.07142857142857142
0.1
0.16666666666666666
0.11764705882352941
0.06818181818181818
0.0
0.02702702702702703
0.05263157894736842
0.2777777777777778
0.25
0.05263157894736842
0.045454545454545456
0.5
0.3793103448275862
0.11764705882352941
0.0625
0.037037037037037035
0.6
0.023255813953488372
0.18181818181818182
0.05405405405405406
0.038461538461538464
0.3333333333333333
0.0
0.2222222222222222
0.06382978723404255
0.0
0.07407407407407407
0.2413793103448276
0.16666666666666666
0.20408163265306123
0.12121212121212122
0.038461538461538464
0.13636363636363635
0.03571428571428571
0.23076923076923078
0.023809523809523808
0.3888888888888889
0.08695652173913043
0.014705882352941176
0.10714285714285714
0.28
0.6666666666666666
0.08695652173913043
0.15
0.0
1.0
0.05555555555555555
0.25
0.25
0.05263157894736842
0.6
0.3181818181818182
0.21052631578947367
0.0
0.25
0.058823529411764705
0.0
0.023809523809523808
0.3142857142857143
0.21428571428571427
0.10714285714285714
0.35
0.08
0.23529411764705882
0.24
0.03125
0.09090909090909091
0.13333333333333333
0.2549019607843137
0.6
0.25
0.1836734693877551
0.0
0.11363636363636363
0.11764705882352941
0.0
0.0
0.13333333333333333
0.3
0.16129032258064516
0.14285714285714285
0.1568627450980392
0.06153846153846154
0.022727272727272728
0.5
0.12121212121212122
0.0
0.2
0.3888888888888889
0.02857142857142857
0.2
0.0
0.05263157894736842
0.0
1.0
0.4444444444444444
0.075
1.0
0.42857142857142855
0.02857142857142857
0.0
0.029411764705882353
0.16666666666666666
0.5172413793103449
1.0
0.0
0.0
0.014705882352941176
0.12121212121212122
0.08333333333333333
0.05263157894736842
0.07142857142857142
0.18181818181818182
0.40540540540540543
0.0
0.06451612903225806
0.0
0.25
0.0
0.0
0.05555555555555555
0.14285714285714285
0.0
0.16666666666666666
0.0
0.045454545454545456
0.13725490196078433
0.15625
0.08
0.10638297872340426
0.03076923076923077
0.05555555555555555
0.08
0.23076923076923078
0.06382978723404255
0.22727272727272727
0.075
0.2
0.15151515151515152
0.5294117647058824
0.023809523809523808
0.0
0.0851063829787234
0.2
0.5
0.0
0.4666666666666667
0.32432432432432434
0.17307692307692307
0.3103448275862069
0.0
0.04
0.7333333333333333
0.20833333333333334
0.23076923076923078
0.04
1.0
0.029411764705882353
0.0
0.35
0.2
0.75
0.20689655172413793
0.1111111111111111
0.0
0.0
0.05263157894736842
0.09090909090909091
0.0
0.037037037037037035
0.0
0.35
0.36
0.55
0.27450980392156865
0.037037037037037035
0.0
0.09090909090909091
0.6666666666666666
0.42857142857142855
0.2
0.0
0.9444444444444444
0.0
0.0
0.15625
0.29411764705882354
0.23076923076923078
0.1111111111111111
0.0
0.023809523809523808
0.21052631578947367
0.05084745762711865
0.09803921568627451
0.05263157894736842
0.8
0.25
0.25
0.10638297872340426
0.0
0.037037037037037035
0.15384615384615385
0.1
1.0
0.28125
0.2
0.42857142857142855
0.07407407407407407
0.0
0.0
0.35294117647058826
0.25
0.14285714285714285
0.109375
0.5833333333333334
0.19444444444444445
0.05555555555555555
0.3333333333333333
0.11538461538461539
0.0
0.13043478260869565
0.23809523809523808
0.05555555555555555
0.0
0.16
0.3611111111111111
1.0
0.27586206896551724
0.18181818181818182
0.08333333333333333
0.7333333333333333
0.0
0.13513513513513514
0.0
0.14285714285714285
0.0
0.25
0.2962962962962963
0.05263157894736842
0.7222222222222222
0.0
0.35
0.028985507246376812
0.05084745762711865
0.4642857142857143
0.6666666666666666
0.3611111111111111
0.0625
0.7380952380952381
0.0
0.25
0.13043478260869565
0.16666666666666666
0.0
1.0
0.0
0.25
0.5555555555555556
0.4444444444444444
0.35714285714285715
0.0
0.1875
0.11363636363636363
0.22727272727272727
0.02857142857142857
0.2
0.4444444444444444
0.02702702702702703
0.043478260869565216
0.5384615384615384
0.0
0.22727272727272727
0.23076923076923078
0.015384615384615385
0.16
0.0625
0.5
0.0
0.23529411764705882
0.023255813953488372
0.022727272727272728
0.5
0.6
0.21052631578947367
0.5882352941176471
0.19047619047619047
0.24390243902439024
0.59375
0.0
0.4166666666666667
0.0
0.125
0.23333333333333334
0.2692307692307692
0.0
0.7777777777777778
0.19607843137254902
0.26666666666666666
0.34285714285714286
0.08
0.0
0.13333333333333333
0.2727272727272727
0.0
0.6666666666666666
0.05555555555555555
0.5333333333333333
0.16666666666666666
1.0
0.19607843137254902
0.06451612903225806
0.0
0.07407407407407407
0.36363636363636365
0.09090909090909091
0.08
0.17647058823529413
0.04
0.09523809523809523
0.24
0.0
0.7857142857142857
0.0
0.0
0.42857142857142855
0.14285714285714285
0.030303030303030304
0.0
0.0425531914893617
0.0
0.06818181818181818
0.058823529411764705
0.32653061224489793
0.0
0.0
0.0625
0.2727272727272727
0.10144927536231885
0.0
0.022727272727272728
0.0
0.25
0.06060606060606061
0.25
0.20833333333333334
0.10714285714285714
0.24390243902439024
0.0
0.18181818181818182
0.13333333333333333
0.4
0.07407407407407407
0.13333333333333333
0.043478260869565216
0.04
0.1891891891891892
0.7777777777777778
0.10714285714285714
0.2549019607843137
0.075
0.0
0.16
0.034482758620689655
0.35714285714285715
0.03571428571428571
0.0
0.40540540540540543
0.0
0.0
0.47058823529411764
0.23529411764705882
0.0
0.037037037037037035
0.08163265306122448
0.12903225806451613
0.1724137931034483
0.14285714285714285
0.26785714285714285
0.22727272727272727
0.07407407407407407
0.25806451612903225
0.10144927536231885
0.0
0.0
0.7380952380952381
0.09523809523809523
0.0
0.023255813953488372
0.2962962962962963
0.43333333333333335
0.22727272727272727
0.12903225806451613
0.02857142857142857
0.21621621621621623
0.0
0.0
0.24242424242424243
0.22727272727272727
0.04411764705882353
0.0
0.05084745762711865
0.4
0.39285714285714285
0.13793103448275862
0.1
0.0
0.4
0.16666666666666666
0.35714285714285715
0.3142857142857143
0.25
0.375
0.07407407407407407
0.2777777777777778
0.2702702702702703
0.0851063829787234
0.2962962962962963
0.1935483870967742
0.1
0.0
0.037037037037037035
0.3142857142857143
0.29411764705882354
0.0
0.6
0.05263157894736842
0.5294117647058824
0.35
0.46153846153846156
0.0
0.3333333333333333
0.0
0.09090909090909091
0.13333333333333333
0.06976744186046512
0.3125
0.06382978723404255
0.08695652173913043
0.0
0.0
0.17857142857142858
0.12903225806451613
0.09523809523809523
0.14285714285714285
0.023255813953488372
0.10344827586206896
0.0
0.27450980392156865
0.40625
0.3
0.4
0.21428571428571427
0.16666666666666666
0.27586206896551724
0.0
0.13793103448275862
0.47058823529411764
0.0
0.0
0.125
0.0
0.1111111111111111
0.2
0.4
0.03571428571428571
0.1111111111111111
0.25806451612903225
0.1568627450980392
0.0
0.2926829268292683
0.0
0.06818181818181818
0.2
0.1
0.26785714285714285
0.0
0.0625
0.0851063829787234
0.05263157894736842
0.7380952380952381
0.4
0.0
0.14285714285714285
0.125
0.0
0.06818181818181818
0.2
0.0
0.25
0.2361111111111111
0.13333333333333333
0.13333333333333333
0.023255813953488372
0.0
0.14285714285714285
0.0
0.0
0.0
0.022727272727272728
0.21153846153846154
0.25
0.2682926829268293
0.06153846153846154
0.0
0.10810810810810811
0.0
0.014705882352941176
0.375
0.0
0.2549019607843137
0.05
0.2
0.0
0.0
0.0
0.10714285714285714
0.07692307692307693
0.3333333333333333
0.0
0.058823529411764705
0.12903225806451613
0.0
0.28
0.0
0.06666666666666667
0.0851063829787234
0.02857142857142857
0.13333333333333333
0.1951219512195122
0.13333333333333333
0.3333333333333333
0.0
0.14285714285714285
0.0
0.3333333333333333
0.037037037037037035
0.06451612903225806
0.029411764705882353
0.08823529411764706
0.0
0.0
0.21428571428571427
0.07692307692307693
0.0
0.1935483870967742
0.2777777777777778
0.125
0.15789473684210525
0.06666666666666667
0.2
0.06382978723404255
0.42857142857142855
0.2682926829268293
0.10810810810810811
0.35294117647058826
0.42857142857142855
0.12903225806451613
0.08695652173913043
0.0
0.25
0.0
0.24
0.125
0.0
0.0
0.0
0.0
0.09375
0.0
0.14285714285714285
0.7142857142857143
0.0
0.10714285714285714
0.42424242424242425
0.1
0.0
0.3333333333333333
0.0
0.8787878787878788
0.10714285714285714
0.07407407407407407
0.0
0.05084745762711865
0.0
0.17647058823529413
0.23333333333333334
0.3181818181818182
0.05263157894736842
0.14285714285714285
0.24
0.2
0.13636363636363635
0.046875
0.16666666666666666
0.3333333333333333
0.18181818181818182
0.8
0.21052631578947367
0.0
0.0
1.0
0.109375
0.0
0.02857142857142857
0.0
0.03076923076923077
0.1951219512195122
0.1875
0.06382978723404255
0.05084745762711865
0.0
0.13636363636363635
0.5555555555555556
0.029411764705882353
0.6666666666666666
0.2727272727272727
0.26666666666666666
0.0
0.22727272727272727
0.0
0.47619047619047616
0.20689655172413793
0.3076923076923077
0.5555555555555556
0.14285714285714285
0.14285714285714285
0.1836734693877551
0.05084745762711865
0.4375
0.6666666666666666
0.0
0.25
0.06666666666666667
0.06521739130434782
0.19607843137254902
0.08695652173913043
0.0
0.045454545454545456
0.24489795918367346
0.2857142857142857
0.08333333333333333
0.0
0.11538461538461539
0.19230769230769232
0.2222222222222222
0.030303030303030304
0.0
0.18055555555555555
0.21428571428571427
0.045454545454545456
0.35
0.2962962962962963
0.375
0.2962962962962963
0.4642857142857143
0.0
0.21052631578947367
0.06382978723404255
0.6666666666666666
0.375
0.21428571428571427
0.06818181818181818
0.058823529411764705
0.05555555555555555
0.037037037037037035
0.14285714285714285
0.32142857142857145
0.04
0.18181818181818182
0.12
0.14285714285714285
0.03389830508474576
0.03076923076923077
0.0
0.0
0.0
0.39285714285714285
0.0
1.0
0.14285714285714285
0.6923076923076923
0.03225806451612903
0.17857142857142858
0.26666666666666666
0.47058823529411764
0.10869565217391304
0.6666666666666666
0.047619047619047616
0.06666666666666667
0.0
0.047619047619047616
0.26666666666666666
0.36666666666666664
0.35714285714285715
0.057692307692307696
0.09090909090909091
0.0
0.02702702702702703
0.0
0.5
0.06666666666666667
0.02857142857142857
0.0
0.17647058823529413
0.05405405405405406
0.11764705882352941
0.045454545454545456
0.4
1.0
0.34375
0.0
0.2962962962962963
1.0
0.6666666666666666
0.2
0.24489795918367346
0.06666666666666667
0.0
0.7777777777777778
0.0
0.1
0.022727272727272728
1.0
0.10638297872340426
0.045454545454545456
0.034482758620689655
0.1076923076923077
0.3
0.2
0.05263157894736842
1.0
0.2
0.0
