0.3783783783783784
0.13636363636363635
0.21428571428571427
0.6
0.027777777777777776
0.029411764705882353
0.10869565217391304
0.3125
0.25925925925925924
0.125
0.2
0.47368421052631576
0.4
0.3488372093023256
0.25
0.32142857142857145
0.25
0.2
0.18181818181818182
0.4
0.23076923076923078
0.13043478260869565
0.13043478260869565
0.12121212121212122
0.10526315789473684
0.6
0.23529411764705882
0.16666666666666666
0.45454545454545453
0.20512820512820512
0.18518518518518517
0.23529411764705882
0.1724137931034483
0.34375
0.21621621621621623
0.1
0.13793103448275862
0.19047619047619047
0.4
0.12121212121212122
0.19230769230769232
0.12121212121212122
0.2
0.2
0.20689655172413793
0.11764705882352941
0.5714285714285714
0.15151515151515152
0.5555555555555556
0.4444444444444444
0.26666666666666666
0.38095238095238093
0.5666666666666667
0.09090909090909091
0.20689655172413793
0.16129032258064516
0.14285714285714285
0.13333333333333333
0.32432432432432434
0.17777777777777778
0.23255813953488372
0.28125
0.4
0.16666666666666666
0.2
0.5769230769230769
0.30303030303030304
0.21621621621621623
0.4166666666666667
0.3076923076923077
0.3055555555555556
0.1724137931034483
0.2
0.16
0.2222222222222222
0.2727272727272727
0.4857142857142857
0.2222222222222222
0.05555555555555555
0.4230769230769231
0.4358974358974359
0.3611111111111111
0.13043478260869565
0.16
0.5333333333333333
0.09375
0.19047619047619047
0.07142857142857142
0.1702127659574468
0.28125
0.47058823529411764
0.2391304347826087
0.2608695652173913
0.23255813953488372
0.047619047619047616
0.3225806451612903
0.30434782608695654
0.22857142857142856
0.2222222222222222
0.42105263157894735
0.1111111111111111
0.13513513513513514
0.08
0.1956521739130435
0.5333333333333333
0.25925925925925924
0.16666666666666666
0.2916666666666667
0.1282051282051282
0.3055555555555556
0.32558139534883723
0.21875
0.16666666666666666
0.07692307692307693
0.14285714285714285
0.35294117647058826
0.43243243243243246
0.1
0.2
0.125
0.10344827586206896
0.46153846153846156
0.041666666666666664
0.05
0.2222222222222222
0.13043478260869565
0.4117647058823529
0.13793103448275862
0.3142857142857143
0.10714285714285714
0.32432432432432434
0.1875
0.20588235294117646
0.6875
0.22580645161290322
0.1111111111111111
0.2903225806451613
0.29545454545454547
0.4583333333333333
0.358974358974359
0.17857142857142858
0.08333333333333333
0.1836734693877551
0.35
0.3142857142857143
0.16129032258064516
0.2857142857142857
0.23076923076923078
0.3333333333333333
0.26666666666666666
0.4090909090909091
0.23809523809523808
0.4594594594594595
0.6060606060606061
0.2777777777777778
0.24
0.21739130434782608
0.22727272727272727
0.30303030303030304
0.10344827586206896
0.45454545454545453
0.30952380952380953
0.25
0.325
0.2916666666666667
0.21739130434782608
0.1875
0.47058823529411764
0.25
0.20588235294117646
0.35
0.21428571428571427
0.2727272727272727
0.2894736842105263
0.07692307692307693
0.19047619047619047
0.17647058823529413
0.46153846153846156
0.125
0.30303030303030304
0.3
0.34375
0.08
0.24390243902439024
0.15625
0.43243243243243246
0.5277777777777778
0.25
0.07407407407407407
0.13333333333333333
0.10344827586206896
0.1875
0.25
0.12121212121212122
0.3684210526315789
0.15217391304347827
0.6785714285714286
0.05555555555555555
0.375
0.15217391304347827
0.4117647058823529
0.6451612903225806
0.038461538461538464
0.0967741935483871
0.15384615384615385
0.0
0.5517241379310345
0.41935483870967744
0.16666666666666666
0.3333333333333333
0.2
0.1724137931034483
0.5666666666666667
0.3548387096774194
0.1590909090909091
0.4482758620689655
0.27586206896551724
0.2631578947368421
0.5161290322580645
0.27906976744186046
0.17391304347826086
0.5675675675675675
0.5217391304347826
0.2222222222222222
0.23333333333333334
0.23333333333333334
0.5789473684210527
0.45161290322580644
0.10526315789473684
0.10256410256410256
0.2727272727272727
0.5483870967741935
0.07692307692307693
0.37209302325581395
0.26666666666666666
0.08
0.13043478260869565
0.6176470588235294
0.21212121212121213
0.3142857142857143
0.16
0.19047619047619047
0.3157894736842105
0.4166666666666667
0.27586206896551724
0.13043478260869565
0.4583333333333333
0.05555555555555555
0.2647058823529412
0.29411764705882354
0.4594594594594595
0.6666666666666666
0.4074074074074074
0.06666666666666667
0.6129032258064516
0.24324324324324326
0.2962962962962963
0.2682926829268293
0.2631578947368421
0.23333333333333334
0.12
0.3225806451612903
0.3448275862068966
0.2222222222222222
0.14285714285714285
0.5428571428571428
0.26666666666666666
0.375
0.16666666666666666
0.37037037037037035
0.07407407407407407
0.4523809523809524
0.1
0.30303030303030304
0.4666666666666667
0.18181818181818182
0.2962962962962963
0.041666666666666664
0.3333333333333333
0.08823529411764706
0.4146341463414634
0.21052631578947367
0.09090909090909091
0.14814814814814814
0.3333333333333333
0.25925925925925924
0.06896551724137931
0.2903225806451613
0.23076923076923078
0.34210526315789475
0.2571428571428571
0.15384615384615385
0.3125
0.0
0.15384615384615385
0.5666666666666667
0.25806451612903225
0.4827586206896552
0.24242424242424243
0.14285714285714285
0.32142857142857145
0.1111111111111111
0.1
0.2727272727272727
0.21875
0.37037037037037035
0.27586206896551724
0.25925925925925924
0.46153846153846156
0.3055555555555556
0.2619047619047619
0.48484848484848486
0.2894736842105263
0.2
0.3
0.38235294117647056
0.16666666666666666
0.4
0.16666666666666666
0.3953488372093023
0.08333333333333333
0.3870967741935484
0.6071428571428571
0.16129032258064516
0.30303030303030304
0.1111111111111111
0.11538461538461539
0.23333333333333334
0.21875
0.03333333333333333
0.3235294117647059
0.53125
0.3235294117647059
0.3333333333333333
0.11538461538461539
0.11538461538461539
0.16129032258064516
0.25
0.4
0.18518518518518517
0.22727272727272727
0.21951219512195122
0.14705882352941177
0.027777777777777776
0.16666666666666666
0.20689655172413793
0.17647058823529413
0.15384615384615385
0.3448275862068966
0.5517241379310345
0.19230769230769232
0.2
0.08333333333333333
0.17647058823529413
0.3333333333333333
0.37037037037037035
0.19444444444444445
0.5357142857142857
0.40476190476190477
0.5
0.12
0.2727272727272727
0.23333333333333334
0.3783783783783784
0.11538461538461539
0.1724137931034483
0.3448275862068966
0.4583333333333333
0.37037037037037035
0.5
0.45454545454545453
0.28
0.047619047619047616
0.5882352941176471
0.23076923076923078
0.48484848484848486
0.20833333333333334
0.4583333333333333
0.18181818181818182
0.19047619047619047
0.3
0.12
0.1875
0.1
0.41935483870967744
0.3
0.25
0.3333333333333333
0.7058823529411765
0.25806451612903225
0.2
0.3076923076923077
0.29411764705882354
0.28
0.18181818181818182
0.32142857142857145
0.5416666666666666
0.09090909090909091
0.5333333333333333
0.20930232558139536
0.27586206896551724
0.024390243902439025
0.22727272727272727
0.10344827586206896
0.1111111111111111
0.1282051282051282
0.3
0.11538461538461539
0.1
0.16666666666666666
0.4857142857142857
0.2647058823529412
0.5483870967741935
0.6
0.13333333333333333
0.09523809523809523
0.2
0.6129032258064516
0.2222222222222222
0.2857142857142857
0.40540540540540543
0.11428571428571428
0.17391304347826086
0.16666666666666666
0.46153846153846156
0.5925925925925926
0.13043478260869565
0.2857142857142857
0.14814814814814814
0.2
0.38461538461538464
0.3333333333333333
0.16
0.3125
0.2857142857142857
0.18181818181818182
0.07894736842105263
0.17647058823529413
0.17142857142857143
0.24324324324324326
0.1276595744680851
0.39285714285714285
0.4827586206896552
0.14285714285714285
0.3181818181818182
0.14814814814814814
0.12
0.08108108108108109
0.358974358974359
0.5161290322580645
0.3055555555555556
0.4594594594594595
0.21875
0.18604651162790697
0.375
0.36363636363636365
0.3448275862068966
0.2972972972972973
0.125
0.48484848484848486
0.1875
0.058823529411764705
0.4
0.53125
0.14285714285714285
0.4473684210526316
0.075
0.36363636363636365
0.48717948717948717
0.22857142857142856
0.21739130434782608
0.14705882352941177
0.041666666666666664
0.391304347826087
0.11538461538461539
0.05
0.6060606060606061
0.15151515151515152
0.2857142857142857
0.25
0.038461538461538464
0.125
0.19148936170212766
0.125
0.08333333333333333
0.21428571428571427
0.5
0.358974358974359
0.25
0.11538461538461539
0.375
0.4146341463414634
0.18604651162790697
0.2127659574468085
0.03333333333333333
0.22580645161290322
0.125
0.5
0.19230769230769232
0.09090909090909091
0.5
0.2702702702702703
0.4642857142857143
0.08
0.40540540540540543
0.4594594594594595
0.13333333333333333
0.25
0.20689655172413793
0.20833333333333334
0.1111111111111111
0.24324324324324326
0.17142857142857143
0.13333333333333333
0.3333333333333333
0.2727272727272727
0.03125
0.2777777777777778
0.3055555555555556
0.24242424242424243
0.17647058823529413
0.17391304347826086
0.1875
0.16666666666666666
0.3939393939393939
0.08695652173913043
0.30434782608695654
0.2894736842105263
0.08695652173913043
0.18518518518518517
0.12121212121212122
0.2916666666666667
0.43243243243243246
0.4864864864864865
0.05555555555555555
0.16666666666666666
0.30434782608695654
0.3191489361702128
0.2926829268292683
0.5588235294117647
0.09090909090909091
0.041666666666666664
0.15151515151515152
0.5454545454545454
0.14285714285714285
0.13636363636363635
0.2857142857142857
0.13793103448275862
0.18181818181818182
0.25
0.35
0.5333333333333333
0.5666666666666667
0.2903225806451613
0.36363636363636365
0.3333333333333333
0.08571428571428572
0.3448275862068966
0.2682926829268293
0.3181818181818182
0.39473684210526316
0.4864864864864865
0.11538461538461539
0.16
0.42424242424242425
0.2
0.34782608695652173
0.4722222222222222
0.2926829268292683
0.13043478260869565
0.24
0.2727272727272727
0.32
0.4074074074074074
0.043478260869565216
0.0625
0.2
0.23076923076923078
0.2
0.4583333333333333
0.075
0.1276595744680851
0.18518518518518517
0.23529411764705882
0.13333333333333333
0.5666666666666667
0.36363636363636365
0.46875
0.3125
0.12
0.22580645161290322
0.09090909090909091
0.21052631578947367
0.45714285714285713
0.23076923076923078
0.20833333333333334
0.15151515151515152
0.1875
0.06451612903225806
0.38235294117647056
0.4117647058823529
0.16666666666666666
0.1724137931034483
0.3611111111111111
0.3888888888888889
0.36363636363636365
0.29411764705882354
0.0967741935483871
0.44
0.18518518518518517
0.17857142857142858
0.23809523809523808
0.48717948717948717
0.13636363636363635
0.4
0.15
0.26666666666666666
0.21052631578947367
0.27586206896551724
0.07407407407407407
0.21052631578947367
0.4230769230769231
0.09375
0.5483870967741935
0.35135135135135137
0.1794871794871795
0.5
0.13513513513513514
0.21212121212121213
0.4444444444444444
0.17857142857142858
0.18181818181818182
0.11428571428571428
0.38461538461538464
0.35135135135135137
0.06060606060606061
0.1794871794871795
0.35294117647058826
0.29411764705882354
0.2
0.425
0.16129032258064516
0.027777777777777776
0.18181818181818182
0.5806451612903226
0.23809523809523808
0.34285714285714286
0.2727272727272727
0.3333333333333333
0.047619047619047616
0.20588235294117646
0.225
0.07894736842105263
0.3939393939393939
0.15625
0.36666666666666664
0.5454545454545454
0.4883720930232558
0.35
0.25925925925925924
0.14814814814814814
0.375
0.041666666666666664
0.1111111111111111
0.52
0.25
0.17647058823529413
0.41025641025641024
0.2564102564102564
0.14285714285714285
0.5357142857142857
0.17391304347826086
0.5172413793103449
0.15151515151515152
0.35
0.3684210526315789
0.23684210526315788
0.28
0.3055555555555556
0.45454545454545453
0.16129032258064516
0.05
0.17142857142857143
0.03571428571428571
0.5714285714285714
0.09803921568627451
0.48484848484848486
0.3333333333333333
0.23076923076923078
0.24
0.56
0.11538461538461539
0.21212121212121213
0.25925925925925924
0.35294117647058826
0.16666666666666666
0.3902439024390244
0.11428571428571428
0.08695652173913043
0.20689655172413793
0.17857142857142858
0.23529411764705882
0.42424242424242425
0.2857142857142857
0.16216216216216217
0.4444444444444444
0.3333333333333333
0.043478260869565216
0.40625
0.2222222222222222
0.3488372093023256
0.15151515151515152
0.16666666666666666
0.24444444444444444
0.45161290322580644
0.22580645161290322
0.125
0.41025641025641024
0.2857142857142857
0.23404255319148937
0.2727272727272727
0.5
0.1702127659574468
0.2926829268292683
0.52
0.3333333333333333
0.2413793103448276
0.4375
0.19047619047619047
0.10714285714285714
0.2647058823529412
0.24
0.47368421052631576
0.23076923076923078
0.125
0.18181818181818182
0.40625
0.125
0.1
0.39473684210526316
0.17647058823529413
0.3333333333333333
0.14285714285714285
0.24
0.28
0.18518518518518517
0.2
0.2222222222222222
0.13636363636363635
0.35294117647058826
0.5
0.21428571428571427
0.2
0.5833333333333334
0.5
0.42857142857142855
0.42857142857142855
0.2
0.4444444444444444
0.5
0.6
0.2
0.36363636363636365
0.3
0.42857142857142855
0.5
0.375
0.5
0.375
0.5
0.6363636363636364
0.42857142857142855
0.3
0.625
0.4444444444444444
0.5
0.3076923076923077
0.3333333333333333
0.375
0.2
0.5
0.5
0.5
0.5
0.375
0.5454545454545454
0.2727272727272727
0.35714285714285715
0.375
0.375
0.375
0.2
0.42857142857142855
0.5
0.5
0.5
0.5
0.5
0.5
0.5
0.625
0.5714285714285714
0.6
0.7272727272727273
0.4
0.42857142857142855
0.42857142857142855
0.5
0.3333333333333333
0.42857142857142855
0.42857142857142855
0.3333333333333333
0.09090909090909091
0.375
0.3333333333333333
0.2
0.375
0.375
0.75
0.5
0.2727272727272727
0.3333333333333333
0.375
0.4444444444444444
0.2
0.2
0.625
0.3333333333333333
0.375
0.4444444444444444
0.3333333333333333
0.4
0.3333333333333333
0.2222222222222222
0.3333333333333333
0.5384615384615384
0.3
0.25
0.2222222222222222
0.2222222222222222
0.5
0.2
0.5
0.5
0.3
0.5833333333333334
0.4444444444444444
0.375
0.5833333333333334
0.3333333333333333
0.16666666666666666
0.14285714285714285
0.2727272727272727
0.4
0.2
0.375
0.5
0.2857142857142857
0.09090909090909091
0.3333333333333333
0.375
0.2857142857142857
0.3076923076923077
0.45454545454545453
0.14285714285714285
0.3333333333333333
0.3
0.3
0.3076923076923077
0.375
0.3333333333333333
0.3333333333333333
0.0
0.3333333333333333
0.3333333333333333
0.3333333333333333
0.3333333333333333
0.4166666666666667
0.2
0.2
0.1111111111111111
0.2
0.16666666666666666
0.14285714285714285
0.16666666666666666
0.5
0.375
0.375
0.2
0.09090909090909091
0.2
0.375
0.2
0.09090909090909091
0.5
0.2
0.5555555555555556
0.5
0.18181818181818182
0.5555555555555556
0.3333333333333333
0.2
0.3333333333333333
0.0
0.3333333333333333
0.35714285714285715
0.375
0.125
0.3333333333333333
0.2
0.2
0.5
0.2
0.4444444444444444
0.375
0.1111111111111111
0.2
0.2222222222222222
0.5
0.2
0.4444444444444444
0.09090909090909091
0.4166666666666667
0.3333333333333333
0.35294117647058826
0.25
0.2727272727272727
0.3333333333333333
0.4
0.4444444444444444
0.18181818181818182
0.2
0.2
0.42857142857142855
0.5
0.4
0.3333333333333333
0.3333333333333333
0.0
0.3333333333333333
0.35714285714285715
0.5
0.5
0.3
0.3
0.25
0.0
0.2857142857142857
0.375
0.0
0.3333333333333333
0.2222222222222222
0.375
0.36363636363636365
0.2222222222222222
0.1
0.375
0.4
0.2222222222222222
0.3333333333333333
0.16666666666666666
0.5
0.2
0.375
0.2222222222222222
0.2
0.1875
0.3
0.2727272727272727
0.08333333333333333
0.2727272727272727
0.3076923076923077
0.2857142857142857
0.25
0.1111111111111111
0.25
0.3333333333333333
0.18181818181818182
0.2222222222222222
0.2
0.1
0.2
0.1111111111111111
0.2
0.09090909090909091
0.2
0.1
0.3
0.23076923076923078
0.2
0.2
0.2857142857142857
0.26666666666666666
0.38461538461538464
0.2
0.2
0.2222222222222222
0.2
0.15384615384615385
0.0
0.14285714285714285
0.11764705882352941
0.3076923076923077
0.07692307692307693
0.2727272727272727
0.25
0.3
0.2
0.375
0.38461538461538464
0.0
0.18181818181818182
0.09090909090909091
0.16666666666666666
0.16666666666666666
0.1111111111111111
0.1111111111111111
0.2222222222222222
0.375
0.375
0.08333333333333333
0.3
0.18181818181818182
0.2222222222222222
0.2
0.2
0.23076923076923078
0.07142857142857142
0.2
0.14285714285714285
0.1111111111111111
0.3
0.2
0.375
0.25
0.23076923076923078
0.21428571428571427
0.125
0.14285714285714285
0.375
0.18181818181818182
0.18181818181818182
0.2
0.15384615384615385
0.2857142857142857
0.45454545454545453
0.1
0.3333333333333333
0.09090909090909091
0.0
0.25
0.3076923076923077
0.36363636363636365
0.2727272727272727
0.3
0.09090909090909091
0.3333333333333333
0.18181818181818182
0.2
0.2222222222222222
0.2
0.375
0.25
0.13333333333333333
0.14285714285714285
0.25
0.09090909090909091
0.15384615384615385
0.0
0.1
0.2222222222222222
0.25
0.18181818181818182
0.16666666666666666
0.25
0.0
0.0
0.2
0.2
0.2
0.0
0.2
0.07692307692307693
0.15384615384615385
0.3
0.07692307692307693
0.4166666666666667
0.05555555555555555
0.1
0.2
0.18181818181818182
0.2
0.1
0.125
0.45454545454545453
0.45454545454545453
0.14285714285714285
0.2
0.25
0.2857142857142857
0.2857142857142857
0.2222222222222222
0.06666666666666667
0.2857142857142857
0.2222222222222222
0.2
0.0
0.2
0.16666666666666666
0.26666666666666666
0.2727272727272727
0.26666666666666666
0.16666666666666666
0.18181818181818182
0.1
0.0
0.0
0.07692307692307693
0.0
0.0
0.0
0.2222222222222222
0.0
0.0
0.09090909090909091
0.08333333333333333
0.2222222222222222
0.2
0.0
0.09090909090909091
0.08333333333333333
0.14285714285714285
0.0
0.18181818181818182
0.09090909090909091
0.2857142857142857
0.2
0.3
0.09090909090909091
0.25
0.2222222222222222
0.0
0.18181818181818182
0.375
0.2
0.2
0.16666666666666666
0.14285714285714285
0.23076923076923078
0.21428571428571427
0.3076923076923077
0.13333333333333333
0.18181818181818182
0.14285714285714285
0.125
0.16666666666666666
0.2
0.3
0.25
0.2222222222222222
0.13333333333333333
0.07142857142857142
0.06666666666666667
0.09090909090909091
0.18181818181818182
0.23076923076923078
0.13333333333333333
0.18181818181818182
0.1111111111111111
0.25
0.14285714285714285
0.16666666666666666
0.1875
0.25
0.0
0.2
0.2857142857142857
0.0
0.0
0.22727272727272727
0.23076923076923078
0.0
0.14285714285714285
0.23076923076923078
0.07692307692307693
0.08333333333333333
0.07142857142857142
0.07692307692307693
0.15384615384615385
0.25
0.2222222222222222
0.0
0.16666666666666666
0.15384615384615385
0.09090909090909091
0.07692307692307693
0.1111111111111111
0.0
0.0
0.0
0.0
0.0
0.1111111111111111
0.125
0.15384615384615385
0.18181818181818182
0.07692307692307693
0.15384615384615385
0.07692307692307693
0.07692307692307693
0.0
0.125
0.15384615384615385
0.2222222222222222
0.16666666666666666
0.2222222222222222
0.0
0.2
0.1111111111111111
0.2222222222222222
0.1
0.16666666666666666
0.07142857142857142
0.2
0.125
0.15789473684210525
0.0
0.15384615384615385
0.0
0.0
0.23529411764705882
0.08333333333333333
0.0
0.09090909090909091
0.2857142857142857
0.2222222222222222
0.0
0.1
0.047619047619047616
0.18181818181818182
0.16666666666666666
0.0
0.11764705882352941
0.0
0.09090909090909091
0.15384615384615385
0.05263157894736842
0.2857142857142857
0.047619047619047616
0.07692307692307693
0.18181818181818182
0.1111111111111111
0.1875
0.07142857142857142
0.3333333333333333
0.2
0.1111111111111111
0.14285714285714285
0.16666666666666666
0.18181818181818182
0.0
0.2
0.25
0.08333333333333333
0.18181818181818182
0.25
0.10526315789473684
0.0
0.08333333333333333
0.0
0.0
0.15384615384615385
0.16666666666666666
0.2
0.13333333333333333
0.07692307692307693
0.15384615384615385
0.25
0.25
0.2
0.14285714285714285
0.0
0.0
0.13333333333333333
0.09090909090909091
0.2222222222222222
0.2
0.07692307692307693
0.058823529411764705
0.1
0.14285714285714285
0.0
0.0
0.0
0.2222222222222222
0.0
0.05
0.0
0.2
0.0
0.0
0.15384615384615385
0.07692307692307693
0.0
0.0
0.1111111111111111
0.13333333333333333
0.09090909090909091
0.2
0.0
0.2222222222222222
0.15789473684210525
0.06666666666666667
0.15384615384615385
0.0
0.2
0.0
0.125
0.07142857142857142
0.0
0.06666666666666667
0.07142857142857142
0.2
0.16666666666666666
0.0
0.0
0.23076923076923078
0.13333333333333333
0.0
0.15384615384615385
0.0
0.08333333333333333
0.0
0.0625
0.0
0.16666666666666666
0.125
0.08333333333333333
0.0
0.14285714285714285
0.14285714285714285
0.08695652173913043
0.09090909090909091
0.0
0.0
0.16666666666666666
0.11764705882352941
0.05263157894736842
0.15
0.07142857142857142
0.08333333333333333
0.1111111111111111
0.0
0.0
0.05263157894736842
0.2
0.07692307692307693
0.14285714285714285
0.07692307692307693
0.0
0.0
0.16666666666666666
0.09090909090909091
0.0
0.0
0.0
0.2
0.0
0.0
0.0
0.09090909090909091
0.08333333333333333
0.0
0.0
0.0
0.0
0.0
0.0
0.15384615384615385
0.18181818181818182
0.07142857142857142
0.0
0.07692307692307693
0.0
0.0
0.0
0.08333333333333333
0.0
0.0
0.0
0.0
0.0
0.09090909090909091
0.18181818181818182
0.18181818181818182
0.0
0.0
0.0
0.06666666666666667
0.07692307692307693
0.09090909090909091
0.1
0.07142857142857142
0.0
0.1875
0.0
0.0
0.1111111111111111
0.0
0.0
0.0625
0.09090909090909091
0.14285714285714285
0.041666666666666664
0.0
0.0
0.0
0.0
0.0
0.058823529411764705
0.1
0.08333333333333333
0.08333333333333333
0.06666666666666667
0.06666666666666667
0.07142857142857142
0.07692307692307693
0.1
0.0
0.09090909090909091
0.07142857142857142
0.0
0.0
0.0
0.0
0.05555555555555555
0.0
0.09090909090909091
0.09090909090909091
0.0
0.058823529411764705
0.07692307692307693
0.2
0.0
0.07407407407407407
0.0
0.0
0.058823529411764705
0.125
0.0
0.0625
0.0
0.2
0.08333333333333333
0.0
0.029411764705882353
0.043478260869565216
0.09090909090909091
0.0
0.0
0.09090909090909091
0.0
0.0
0.0
0.0
0.0
0.0
0.0
0.0
0.0
0.0
0.0
0.07692307692307693
0.0
0.0
0.07692307692307693
0.0
0.0
0.07142857142857142
0.0
0.15384615384615385
0.0
0.07692307692307693
0.0
0.0
0.0
0.21052631578947367
0.1111111111111111
0.0
0.07142857142857142
0.0
0.0
0.0
0.0
0.0
0.0
0.0
0.0
0.1
0.0
0.19230769230769232
0.16279069767441862
0.25
0.2857142857142857
0.15492957746478872
0.20689655172413793
0.20689655172413793
0.17647058823529413
0.25925925925925924
0.35714285714285715
0.21212121212121213
0.12244897959183673
0.625
0.47619047619047616
0.19230769230769232
0.16964285714285715
0.0851063829787234
0.4411764705882353
0.15853658536585366
0.13043478260869565
0.23728813559322035
0.13636363636363635
0.3611111111111111
0.034482758620689655
0.3157894736842105
0.1375
0.0
0.19047619047619047
0.3902439024390244
0.1875
0.3382352941176471
0.23404255319148937
0.17777777777777778
0.175
0.18518518518518517
0.2972972972972973
0.1267605633802817
0.42
0.13274336283185842
0.17647058823529413
0.17307692307692307
0.3684210526315789
0.6363636363636364
0.15315315315315314
0.23809523809523808
0.047619047619047616
1.0
0.15151515151515152
0.3448275862068966
0.29310344827586204
0.21428571428571427
0.46875
0.3142857142857143
0.2222222222222222
0.02127659574468085
0.3333333333333333
0.18518518518518517
0.03571428571428571
0.10666666666666667
0.3333333333333333
0.171875
0.24528301886792453
0.2682926829268293
0.2682926829268293
0.4
0.32558139534883723
0.12295081967213115
0.17647058823529413
0.2692307692307692
0.29069767441860467
0.46875
0.29508196721311475
0.2857142857142857
0.05172413793103448
0.1780821917808219
0.24358974358974358
0.15789473684210525
0.08695652173913043
0.1875
0.4
0.21568627450980393
0.28125
0.2345679012345679
0.14166666666666666
0.13333333333333333
0.6451612903225806
0.2765957446808511
0.03333333333333333
0.23809523809523808
0.42857142857142855
0.125
0.25
0.08571428571428572
0.25925925925925924
0.03389830508474576
1.0
0.4482758620689655
0.16666666666666666
0.8
0.5
0.1232876712328767
0.13513513513513514
0.136986301369863
0.25
0.5945945945945946
1.0
0.22857142857142856
0.078125
0.14655172413793102
0.3018867924528302
0.2
0.14705882352941177
0.16666666666666666
0.2619047619047619
0.4423076923076923
0.21052631578947367
0.1836734693877551
0.07142857142857142
0.30303030303030304
0.05555555555555555
0.0
0.08823529411764706
0.20454545454545456
0.04918032786885246
0.29310344827586204
0.16666666666666666
0.20454545454545456
0.25
0.25
0.2702702702702703
0.20270270270270271
0.10655737704918032
0.1875
0.2702702702702703
0.352112676056338
0.13580246913580246
0.175
0.14925373134328357
0.2413793103448276
0.24
0.4074074074074074
0.21875
0.22857142857142856
0.17333333333333334
0.25925925925925924
0.5757575757575758
0.0851063829787234
0.6190476190476191
0.38461538461538464
0.273972602739726
0.3953488372093023
0.0
0.20454545454545456
0.7894736842105263
0.27522935779816515
0.32432432432432434
0.16666666666666666
0.8
0.17647058823529413
0.18181818181818182
0.2972972972972973
0.3076923076923077
0.7777777777777778
0.3409090909090909
0.14705882352941177
0.045454545454545456
0.0
0.14285714285714285
0.24561403508771928
0.13513513513513514
0.08888888888888889
0.0
0.34375
0.41025641025641024
0.5172413793103449
0.27380952380952384
0.09090909090909091
0.027777777777777776
0.21428571428571427
0.48
0.4528301886792453
0.375
0.07352941176470588
0.95
0.08108108108108109
0.1111111111111111
0.34782608695652173
0.3448275862068966
0.2894736842105263
0.15151515151515152
0.02631578947368421
0.14492753623188406
0.24324324324324326
0.12745098039215685
0.1702127659574468
0.25925925925925924
0.7142857142857143
0.3
0.3114754098360656
0.2191780821917808
0.15
0.08695652173913043
0.19230769230769232
0.19047619047619047
1.0
0.32075471698113206
0.2857142857142857
0.3783783783783784
0.17777777777777778
0.04838709677419355
0.0
0.4583333333333333
0.3333333333333333
0.2708333333333333
0.18811881188118812
0.6451612903225806
0.330188679245283
0.12121212121212122
0.375
0.2
0.07142857142857142
0.24050632911392406
0.2903225806451613
0.1875
0.23529411764705882
0.32558139534883723
0.38461538461538464
1.0
0.40476190476190477
0.23809523809523808
0.2
0.7142857142857143
0.15
0.18181818181818182
0.10526315789473684
0.21739130434782608
0.0
0.36046511627906974
0.358974358974359
0.25925925925925924
0.7391304347826086
0.12244897959183673
0.3235294117647059
0.09322033898305085
0.11650485436893204
0.5
0.46153846153846156
0.37735849056603776
0.11428571428571428
0.7
0.09523809523809523
0.21621621621621623
0.2261904761904762
0.28125
0.17142857142857143
1.0
0.17857142857142858
0.3333333333333333
0.75
0.5652173913043478
0.43243243243243246
0.1111111111111111
0.24242424242424243
0.15714285714285714
0.21052631578947367
0.1643835616438356
0.4444444444444444
0.3728813559322034
0.14285714285714285
0.09345794392523364
0.6875
0.05405405405405406
0.20512820512820512
0.2894736842105263
0.061068702290076333
0.23076923076923078
0.17647058823529413
0.36363636363636365
0.22857142857142856
0.37037037037037035
0.189873417721519
0.1267605633802817
0.45161290322580644
0.625
0.2631578947368421
0.56
0.35
0.3333333333333333
0.6410256410256411
0.0851063829787234
0.5454545454545454
0.047619047619047616
0.16
0.40540540540540543
0.3380281690140845
0.0
0.64
0.23809523809523808
0.40540540540540543
0.35
0.225
0.046511627906976744
0.20833333333333334
0.2708333333333333
0.15384615384615385
0.46153846153846156
0.12121212121212122
0.4444444444444444
0.3076923076923077
1.0
0.2441860465116279
0.16666666666666666
0.16
0.17777777777777778
0.4
0.2413793103448276
0.25
0.3076923076923077
0.18604651162790697
0.13953488372093023
0.325
0.034482758620689655
0.7446808510638298
0.08333333333333333
0.15
0.45
0.21212121212121213
0.1864406779661017
0.05714285714285714
0.06896551724137931
0.0851063829787234
0.15942028985507245
0.16
0.35294117647058826
0.0
0.0
0.16379310344827586
0.23076923076923078
0.17272727272727273
0.0
0.08
0.0625
0.3380281690140845
0.23636363636363636
0.3142857142857143
0.25
0.2553191489361702
0.3392857142857143
0.027777777777777776
0.2619047619047619
0.23076923076923078
0.4107142857142857
0.14893617021276595
0.24242424242424243
0.10434782608695652
0.19047619047619047
0.26229508196721313
0.8181818181818182
0.20754716981132076
0.2875
0.19047619047619047
0.15789473684210525
0.2619047619047619
0.1320754716981132
0.3
0.14285714285714285
0.1875
0.4423076923076923
0.0
0.2222222222222222
0.4230769230769231
0.2962962962962963
0.15
0.0851063829787234
0.21794871794871795
0.26
0.24
0.23404255319148937
0.42857142857142855
0.20512820512820512
0.18181818181818182
0.28
0.15315315315315314
0.09523809523809523
0.027777777777777776
0.7659574468085106
0.22058823529411764
0.09302325581395349
0.1375
0.3783783783783784
0.5277777777777778
0.21052631578947367
0.24
0.17142857142857143
0.3090909090909091
0.06666666666666667
0.11428571428571428
0.35185185185185186
0.21052631578947367
0.21052631578947367
0.0
0.13
0.4166666666666667
0.425
0.22
0.20833333333333334
0.07936507936507936
0.30952380952380953
0.3142857142857143
0.3103448275862069
0.3333333333333333
0.5
0.5365853658536586
0.18181818181818182
0.3181818181818182
0.37037037037037035
0.13924050632911392
0.3684210526315789
0.27450980392156865
0.21739130434782608
0.0
0.08695652173913043
0.35
0.34615384615384615
0.044444444444444446
0.4411764705882353
0.21212121212121213
0.5
0.275
0.5882352941176471
0.08888888888888889
0.32432432432432434
0.13953488372093023
0.21428571428571427
0.2558139534883721
0.1917808219178082
0.3148148148148148
0.125
0.20512820512820512
0.18181818181818182
0.0
0.2826086956521739
0.2653061224489796
0.1794871794871795
0.25
0.14457831325301204
0.1836734693877551
0.07142857142857142
0.2926829268292683
0.4318181818181818
0.2857142857142857
0.2857142857142857
0.22580645161290322
0.2222222222222222
0.4594594594594595
0.045454545454545456
0.20408163265306123
0.4074074074074074
0.027777777777777776
0.08333333333333333
0.16666666666666666
0.125
0.14705882352941177
0.25925925925925924
0.30303030303030304
0.17857142857142858
0.11428571428571428
0.35555555555555557
0.2625
0.0847457627118644
0.38596491228070173
0.06382978723404255
0.13157894736842105
0.2
0.20833333333333334
0.4125
0.043478260869565216
0.14655172413793102
0.25757575757575757
0.2903225806451613
0.673469387755102
0.5
0.16279069767441862
0.21875
0.21739130434782608
0.07894736842105263
0.15714285714285714
0.2926829268292683
0.06382978723404255
0.34951456310679613
0.32432432432432434
0.2222222222222222
0.25806451612903225
0.1643835616438356
0.13043478260869565
0.22727272727272727
0.0759493670886076
0.13636363636363635
0.05
0.09230769230769231
0.2597402597402597
0.3
0.31666666666666665
0.15833333333333333
0.07142857142857142
0.22033898305084745
0.17391304347826086
0.17543859649122806
0.3877551020408163
0.15
0.2911392405063291
0.2
0.2857142857142857
0.057971014492753624
0.08108108108108109
0.031746031746031744
0.19230769230769232
0.17777777777777778
0.3333333333333333
0.13333333333333333
0.19230769230769232
0.21153846153846154
0.18518518518518517
0.26666666666666666
0.06666666666666667
0.15151515151515152
0.2463768115942029
0.13513513513513514
0.20689655172413793
0.25396825396825395
0.25
0.3225806451612903
0.08602150537634409
0.21951219512195122
0.08771929824561403
0.35
0.16
0.1568627450980392
0.08823529411764706
0.1981981981981982
0.0
0.047619047619047616
0.3023255813953488
0.1590909090909091
0.06451612903225806
0.23529411764705882
0.375
0.24444444444444444
0.25925925925925924
0.1
0.4444444444444444
0.13253012048192772
0.40350877192982454
0.3103448275862069
0.23333333333333334
0.4
0.3888888888888889
0.21153846153846154
0.16483516483516483
0.04838709677419355
0.24193548387096775
0.07894736842105263
0.32558139534883723
0.34177215189873417
0.11267605633802817
0.09090909090909091
0.0
0.06666666666666667
0.11538461538461539
0.16666666666666666
0.20588235294117646
0.5454545454545454
0.0958904109589041
0.15
0.3695652173913043
0.2
0.07692307692307693
0.3333333333333333
0.09302325581395349
0.8823529411764706
0.15517241379310345
0.15555555555555556
0.10810810810810811
0.102803738317757
0.0784313725490196
0.35714285714285715
0.40540540540540543
0.25
0.20588235294117646
0.14893617021276595
0.34210526315789475
0.3076923076923077
0.17333333333333334
0.14545454545454545
0.25
0.35
0.22727272727272727
0.7777777777777778
0.21621621621621623
0.07142857142857142
0.07894736842105263
0.8
0.16964285714285715
0.02702702702702703
0.16417910447761194
0.07894736842105263
0.11382113821138211
0.2786885245901639
0.3
0.0875
0.11428571428571428
0.21428571428571427
0.22727272727272727
0.4666666666666667
0.1111111111111111
0.5833333333333334
0.24324324324324326
0.34615384615384615
0.043478260869565216
0.1590909090909091
0.1
0.42857142857142855
0.25
0.39473684210526316
0.5384615384615384
0.18181818181818182
0.2391304347826087
0.2898550724637681
0.12871287128712872
0.42857142857142855
0.7
0.11904761904761904
0.37142857142857144
0.11538461538461539
0.225
0.2692307692307692
0.20238095238095238
0.024390243902439025
0.14634146341463414
0.30985915492957744
0.2903225806451613
0.2631578947368421
0.07692307692307693
0.22727272727272727
0.27631578947368424
0.3076923076923077
0.14814814814814814
0.12
0.3119266055045872
0.3875
0.11627906976744186
0.3333333333333333
0.358974358974359
0.36538461538461536
0.35
0.3673469387755102
0.07692307692307693
0.21621621621621623
0.10975609756097561
0.7142857142857143
0.38
0.2692307692307692
0.16666666666666666
0.21929824561403508
0.125
0.08695652173913043
0.2608695652173913
0.44871794871794873
0.22727272727272727
0.2826086956521739
0.14545454545454545
0.22727272727272727
0.10784313725490197
0.12396694214876033
0.08888888888888889
0.07547169811320754
0.125
0.4146341463414634
0.047619047619047616
0.8
0.21428571428571427
0.75
0.18181818181818182
0.24528301886792453
0.3225806451612903
0.42857142857142855
0.17045454545454544
0.6363636363636364
0.15625
0.17857142857142858
0.0784313725490196
0.17647058823529413
0.3333333333333333
0.4857142857142857
0.3103448275862069
0.1951219512195122
0.16216216216216217
0.1891891891891892
0.22807017543859648
0.0
0.625
0.21428571428571427
0.14285714285714285
0.08108108108108109
0.3076923076923077
0.1935483870967742
0.2727272727272727
0.15555555555555556
0.5
1.0
0.4
0.125
0.358974358974359
1.0
0.5
0.3076923076923077
0.3142857142857143
0.2222222222222222
0.09302325581395349
0.6956521739130435
0.06451612903225806
0.20833333333333334
0.11842105263157894
0.8571428571428571
0.16883116883116883
0.09090909090909091
0.16666666666666666
0.17391304347826086
0.375
0.3076923076923077
0.17647058823529413
1.0
0.30952380952380953
0.0
