0.32432432432432434
0.045454545454545456
0.10344827586206896
0.5862068965517241
0.0
0.0
0.02040816326530612
0.21212121212121213
0.14285714285714285
0.0625
0.08333333333333333
0.38461538461538464
0.3055555555555556
0.13725490196078433
0.2
0.2962962962962963
0.09523809523809523
0.12
0.09090909090909091
0.32
0.1111111111111111
0.043478260869565216
0.09090909090909091
0.06060606060606061
0.0
0.5333333333333333
0.17647058823529413
0.1
0.35294117647058826
0.175
0.07142857142857142
0.17647058823529413
0.10344827586206896
0.24242424242424243
0.13157894736842105
0.0
0.06896551724137931
0.09523809523809523
0.32
0.06060606060606061
0.07407407407407407
0.06060606060606061
0.15
0.12195121951219512
0.13793103448275862
0.02857142857142857
0.5555555555555556
0.125
0.48148148148148145
0.3404255319148936
0.09090909090909091
0.2127659574468085
0.5
0.0625
0.06451612903225806
0.0625
0.08571428571428572
0.06521739130434782
0.2702702702702703
0.10869565217391304
0.10869565217391304
0.25806451612903225
0.3055555555555556
0.13043478260869565
0.17647058823529413
0.56
0.17142857142857143
0.10256410256410256
0.3611111111111111
0.2564102564102564
0.15384615384615385
0.10344827586206896
0.13725490196078433
0.08
0.14814814814814814
0.08333333333333333
0.3888888888888889
0.14814814814814814
0.0
0.34615384615384615
0.22727272727272727
0.34285714285714286
0.09090909090909091
0.08
0.4666666666666667
0.0
0.045454545454545456
0.037037037037037035
0.10416666666666667
0.18181818181818182
0.3333333333333333
0.12244897959183673
0.17391304347826086
0.10869565217391304
0.0
0.21875
0.2727272727272727
0.20588235294117646
0.10344827586206896
0.3
0.058823529411764705
0.05263157894736842
0.0
0.1276595744680851
0.41935483870967744
0.18518518518518517
0.1
0.2608695652173913
0.05
0.23684210526315788
0.12244897959183673
0.12121212121212122
0.13043478260869565
0.038461538461538464
0.045454545454545456
0.23529411764705882
0.3333333333333333
0.0
0.16666666666666666
0.06666666666666667
0.034482758620689655
0.38461538461538464
0.0
0.0
0.14285714285714285
0.09090909090909091
0.3939393939393939
0.10714285714285714
0.1891891891891892
0.03571428571428571
0.23076923076923078
0.125
0.14705882352941177
0.5757575757575758
0.15625
0.058823529411764705
0.1875
0.2222222222222222
0.375
0.24390243902439024
0.10714285714285714
0.0
0.12
0.23809523809523808
0.2571428571428571
0.0967741935483871
0.20930232558139536
0.12195121951219512
0.17391304347826086
0.2
0.2608695652173913
0.16279069767441862
0.3684210526315789
0.5
0.15789473684210525
0.20833333333333334
0.13043478260869565
0.13043478260869565
0.24242424242424243
0.07142857142857142
0.36363636363636365
0.2926829268292683
0.17857142857142858
0.275
0.2608695652173913
0.125
0.125
0.45454545454545453
0.13725490196078433
0.11428571428571428
0.23809523809523808
0.14285714285714285
0.25
0.175
0.0
0.09523809523809523
0.08333333333333333
0.34146341463414637
0.04878048780487805
0.20588235294117646
0.2631578947368421
0.3125
0.0
0.16666666666666666
0.06060606060606061
0.3783783783783784
0.5142857142857142
0.1875
0.038461538461538464
0.08888888888888889
0.0
0.05555555555555555
0.17857142857142858
0.06060606060606061
0.3333333333333333
0.10869565217391304
0.5517241379310345
0.0
0.2619047619047619
0.13333333333333333
0.35294117647058826
0.53125
0.0
0.0
0.12
0.0
0.4827586206896552
0.3548387096774194
0.03125
0.22580645161290322
0.13333333333333333
0.10344827586206896
0.5517241379310345
0.17647058823529413
0.08888888888888889
0.42857142857142855
0.16666666666666666
0.2
0.45161290322580644
0.17391304347826086
0.041666666666666664
0.5555555555555556
0.5
0.19230769230769232
0.20689655172413793
0.12903225806451613
0.5263157894736842
0.34375
0.07894736842105263
0.05
0.25
0.4838709677419355
0.0
0.29545454545454547
0.125
0.0
0.043478260869565216
0.4722222222222222
0.08333333333333333
0.18421052631578946
0.08
0.11627906976744186
0.2631578947368421
0.3333333333333333
0.20689655172413793
0.06382978723404255
0.375
0.0
0.17142857142857143
0.16666666666666666
0.4444444444444444
0.5675675675675675
0.2857142857142857
0.0
0.53125
0.1891891891891892
0.17857142857142858
0.21951219512195122
0.15
0.16666666666666666
0.08333333333333333
0.3
0.3103448275862069
0.19230769230769232
0.047619047619047616
0.40540540540540543
0.2
0.2727272727272727
0.07894736842105263
0.25
0.038461538461538464
0.3333333333333333
0.05
0.1388888888888889
0.4482758620689655
0.08823529411764706
0.2692307692307692
0.0
0.21428571428571427
0.02857142857142857
0.3023255813953488
0.1282051282051282
0.047619047619047616
0.07407407407407407
0.2
0.10344827586206896
0.03571428571428571
0.22580645161290322
0.08695652173913043
0.225
0.2
0.037037037037037035
0.26666666666666666
0.0
0.10256410256410256
0.5161290322580645
0.12121212121212122
0.4482758620689655
0.18181818181818182
0.1111111111111111
0.25
0.05357142857142857
0.0
0.18181818181818182
0.1935483870967742
0.34615384615384615
0.20689655172413793
0.18518518518518517
0.38461538461538464
0.25
0.08163265306122448
0.42424242424242425
0.175
0.037037037037037035
0.27586206896551724
0.25
0.08108108108108109
0.375
0.13793103448275862
0.3181818181818182
0.0
0.3225806451612903
0.5517241379310345
0.0625
0.24242424242424243
0.0
0.038461538461538464
0.16666666666666666
0.11764705882352941
0.0
0.22857142857142856
0.46875
0.2857142857142857
0.23529411764705882
0.038461538461538464
0.08
0.0625
0.21739130434782608
0.3
0.1111111111111111
0.08695652173913043
0.11627906976744186
0.027777777777777776
0.0
0.1111111111111111
0.13793103448275862
0.125
0.037037037037037035
0.32142857142857145
0.4827586206896552
0.11538461538461539
0.12903225806451613
0.0
0.08571428571428572
0.3103448275862069
0.25
0.10810810810810811
0.4827586206896552
0.29545454545454547
0.3611111111111111
0.0
0.21212121212121213
0.15625
0.2564102564102564
0.0
0.10344827586206896
0.32142857142857145
0.375
0.34615384615384615
0.4
0.42857142857142855
0.2
0.0
0.4857142857142857
0.1111111111111111
0.46875
0.12
0.38461538461538464
0.09090909090909091
0.13636363636363635
0.2631578947368421
0.0
0.0
0.0
0.4
0.19047619047619047
0.13953488372093023
0.25
0.6470588235294118
0.1935483870967742
0.12
0.18518518518518517
0.16666666666666666
0.24
0.16279069767441862
0.2962962962962963
0.4583333333333333
0.0625
0.4666666666666667
0.1276595744680851
0.20689655172413793
0.0
0.13636363636363635
0.0
0.08571428571428572
0.04878048780487805
0.2
0.08
0.0
0.0
0.42857142857142855
0.2222222222222222
0.35294117647058826
0.5833333333333334
0.06666666666666667
0.0
0.12903225806451613
0.5483870967741935
0.19230769230769232
0.20930232558139536
0.28205128205128205
0.05714285714285714
0.13636363636363635
0.08108108108108109
0.34146341463414637
0.4642857142857143
0.043478260869565216
0.25
0.03571428571428571
0.14285714285714285
0.3
0.2222222222222222
0.08
0.22
0.16216216216216217
0.09090909090909091
0.0
0.08571428571428572
0.08333333333333333
0.125
0.0625
0.32142857142857145
0.375
0.07142857142857142
0.22727272727272727
0.07407407407407407
0.04
0.02702702702702703
0.275
0.45161290322580644
0.18421052631578946
0.42105263157894735
0.15625
0.08695652173913043
0.3333333333333333
0.29411764705882354
0.27586206896551724
0.2777777777777778
0.0
0.2972972972972973
0.09090909090909091
0.0
0.23809523809523808
0.42424242424242425
0.07142857142857142
0.2857142857142857
0.025
0.2647058823529412
0.4
0.1388888888888889
0.14893617021276595
0.05714285714285714
0.0
0.30434782608695654
0.0
0.02564102564102564
0.59375
0.09090909090909091
0.19444444444444445
0.12
0.0
0.0625
0.14893617021276595
0.0625
0.0
0.11363636363636363
0.4
0.24390243902439024
0.15151515151515152
0.0
0.2727272727272727
0.3023255813953488
0.06521739130434782
0.14285714285714285
0.0
0.125
0.0
0.3793103448275862
0.11538461538461539
0.047619047619047616
0.3870967741935484
0.18421052631578946
0.39285714285714285
0.0
0.3076923076923077
0.40540540540540543
0.10344827586206896
0.2222222222222222
0.13793103448275862
0.08
0.037037037037037035
0.15384615384615385
0.05405405405405406
0.03225806451612903
0.24324324324324326
0.13043478260869565
0.0
0.2571428571428571
0.25
0.14705882352941177
0.125
0.13636363636363635
0.125
0.05555555555555555
0.2571428571428571
0.045454545454545456
0.2727272727272727
0.2702702702702703
0.045454545454545456
0.07142857142857142
0.029411764705882353
0.11538461538461539
0.3783783783783784
0.39473684210526316
0.0
0.08333333333333333
0.20833333333333334
0.22448979591836735
0.24390243902439024
0.4444444444444444
0.030303030303030304
0.0
0.02857142857142857
0.45454545454545453
0.1
0.09523809523809523
0.25925925925925924
0.06896551724137931
0.09090909090909091
0.1875
0.25
0.4666666666666667
0.36363636363636365
0.15151515151515152
0.2727272727272727
0.19047619047619047
0.0
0.27586206896551724
0.20930232558139536
0.2857142857142857
0.275
0.43243243243243246
0.05660377358490566
0.125
0.36363636363636365
0.15789473684210525
0.2608695652173913
0.2926829268292683
0.24390243902439024
0.043478260869565216
0.20833333333333334
0.17647058823529413
0.2916666666666667
0.2413793103448276
0.0
0.0
0.1111111111111111
0.12195121951219512
0.061224489795918366
0.32
0.04878048780487805
0.0625
0.1111111111111111
0.08108108108108109
0.08888888888888889
0.5333333333333333
0.29411764705882354
0.40625
0.25
0.08333333333333333
0.125
0.047619047619047616
0.1282051282051282
0.2894736842105263
0.2
0.17391304347826086
0.058823529411764705
0.125
0.0
0.2857142857142857
0.3142857142857143
0.05555555555555555
0.10344827586206896
0.23684210526315788
0.35135135135135137
0.22857142857142856
0.2
0.06666666666666667
0.4166666666666667
0.1111111111111111
0.06896551724137931
0.14285714285714285
0.4358974358974359
0.0425531914893617
0.3684210526315789
0.10526315789473684
0.2222222222222222
0.1
0.20689655172413793
0.038461538461538464
0.16666666666666666
0.34615384615384615
0.03125
0.4838709677419355
0.3684210526315789
0.047619047619047616
0.1935483870967742
0.08108108108108109
0.15151515151515152
0.4230769230769231
0.10714285714285714
0.09090909090909091
0.05555555555555555
0.3
0.3333333333333333
0.0
0.1
0.2222222222222222
0.16666666666666666
0.0
0.3023255813953488
0.0625
0.0
0.15625
0.4117647058823529
0.2
0.25
0.18181818181818182
0.23684210526315788
0.0
0.14705882352941177
0.11904761904761904
0.025
0.29411764705882354
0.09375
0.36666666666666664
0.4411764705882353
0.34782608695652173
0.3157894736842105
0.14285714285714285
0.11538461538461539
0.34782608695652173
0.0
0.0
0.44
0.17857142857142858
0.1111111111111111
0.325
0.17073170731707318
0.09523809523809523
0.5
0.041666666666666664
0.43333333333333335
0.0
0.3157894736842105
0.25
0.12195121951219512
0.25
0.23076923076923078
0.36363636363636365
0.0625
0.0
0.05405405405405406
0.0
0.5
0.0
0.42424242424242425
0.22580645161290322
0.14285714285714285
0.14814814814814814
0.48
0.0
0.11764705882352941
0.23076923076923078
0.2222222222222222
0.05555555555555555
0.27906976744186046
0.027777777777777776
0.045454545454545456
0.17857142857142858
0.10714285714285714
0.1388888888888889
0.3235294117647059
0.13333333333333333
0.10810810810810811
0.3888888888888889
0.26666666666666666
0.0
0.30303030303030304
0.06896551724137931
0.2727272727272727
0.058823529411764705
0.0
0.17391304347826086
0.43333333333333335
0.12121212121212122
0.06666666666666667
0.358974358974359
0.23809523809523808
0.12
0.18181818181818182
0.34375
0.1276595744680851
0.24390243902439024
0.4230769230769231
0.25925925925925924
0.20689655172413793
0.3333333333333333
0.09090909090909091
0.0
0.1388888888888889
0.11538461538461539
0.3902439024390244
0.15384615384615385
0.029411764705882353
0.1111111111111111
0.16216216216216217
0.041666666666666664
0.06896551724137931
0.34210526315789475
0.11764705882352941
0.13513513513513514
0.047619047619047616
0.11538461538461539
0.2
0.15384615384615385
0.1
0.10714285714285714
0.045454545454545456
0.2222222222222222
0.42857142857142855
0.07142857142857142
0.0
0.4166666666666667
0.25
0.14285714285714285
0.14285714285714285
0.0
0.2222222222222222
0.4444444444444444
0.5
0.1111111111111111
0.08333333333333333
0.1
0.14285714285714285
0.42857142857142855
0.125
0.42857142857142855
0.125
0.25
0.45454545454545453
0.3333333333333333
0.2222222222222222
0.375
0.3
0.42857142857142855
0.07142857142857142
0.1111111111111111
0.125
0.1111111111111111
0.42857142857142855
0.42857142857142855
0.42857142857142855
0.42857142857142855
0.125
0.5
0.09090909090909091
0.21428571428571427
0.125
0.125
0.125
0.1111111111111111
0.3333333333333333
0.42857142857142855
0.42857142857142855
0.42857142857142855
0.42857142857142855
0.42857142857142855
0.42857142857142855
0.42857142857142855
0.375
0.5
0.4
0.7
0.2
0.3333333333333333
0.3333333333333333
0.42857142857142855
0.2
0.3333333333333333
0.3333333333333333
0.2
0.0
0.125
0.25
0.1111111111111111
0.2857142857142857
0.125
0.6666666666666666
0.4444444444444444
0.09090909090909091
0.2
0.125
0.2222222222222222
0.1111111111111111
0.1111111111111111
0.375
0.1111111111111111
0.125
0.375
0.2
0.25
0.16666666666666666
0.0
0.2727272727272727
0.38461538461538464
0.1
0.0
0.0
0.125
0.42857142857142855
0.1111111111111111
0.42857142857142855
0.42857142857142855
0.2222222222222222
0.4166666666666667
0.375
0.125
0.4166666666666667
0.16666666666666666
0.0
0.0
0.09090909090909091
0.2
0.1111111111111111
0.2857142857142857
0.42857142857142855
0.16666666666666666
0.0
0.2
0.2857142857142857
0.14285714285714285
0.15384615384615385
0.4
0.07692307692307693
0.1111111111111111
0.2222222222222222
0.1
0.15384615384615385
0.2857142857142857
0.2
0.2
0.0
0.2
0.2
0.2
0.2
0.25
0.1111111111111111
0.1111111111111111
0.0
0.1111111111111111
0.0
0.0
0.0
0.3
0.2857142857142857
0.2857142857142857
0.1111111111111111
0.0
0.1111111111111111
0.2857142857142857
0.1111111111111111
0.0
0.4444444444444444
0.0
0.5
0.42857142857142855
0.0
0.5
0.16666666666666666
0.0
0.2
0.0
0.2
0.3076923076923077
0.125
0.0
0.2
0.1111111111111111
0.1111111111111111
0.42857142857142855
0.1111111111111111
0.2222222222222222
0.2857142857142857
0.0
0.0
0.125
0.42857142857142855
0.1111111111111111
0.375
0.0
0.15384615384615385
0.16666666666666666
0.23529411764705882
0.0
0.2
0.2
0.3333333333333333
0.375
0.1
0.1111111111111111
0.1111111111111111
0.3333333333333333
0.42857142857142855
0.25
0.2
0.2
0.0
0.2
0.21428571428571427
0.4444444444444444
0.4444444444444444
0.2222222222222222
0.1
0.0
0.0
0.16666666666666666
0.2857142857142857
0.0
0.2
0.0
0.125
0.3
0.0
0.0
0.2857142857142857
0.3333333333333333
0.125
0.2
0.0
0.4444444444444444
0.1111111111111111
0.2857142857142857
0.125
0.1111111111111111
0.13333333333333333
0.2222222222222222
0.09090909090909091
0.0
0.2
0.25
0.16666666666666666
0.14285714285714285
0.0
0.08333333333333333
0.16666666666666666
0.1
0.0
0.0
0.0
0.0
0.0
0.1111111111111111
0.0
0.1111111111111111
0.0
0.1
0.07692307692307693
0.1111111111111111
0.0
0.14285714285714285
0.13333333333333333
0.3333333333333333
0.0
0.1111111111111111
0.125
0.1111111111111111
0.08333333333333333
0.0
0.0
0.0625
0.15384615384615385
0.0
0.2
0.08333333333333333
0.2222222222222222
0.1111111111111111
0.2857142857142857
0.23076923076923078
0.0
0.1
0.0
0.09090909090909091
0.09090909090909091
0.0
0.0
0.125
0.125
0.2857142857142857
0.0
0.2222222222222222
0.1
0.0
0.0
0.1111111111111111
0.07692307692307693
0.0
0.1111111111111111
0.07692307692307693
0.058823529411764705
0.1
0.1111111111111111
0.2857142857142857
0.18181818181818182
0.0
0.15384615384615385
0.0
0.0
0.2857142857142857
0.0
0.1
0.1111111111111111
0.08333333333333333
0.0
0.2727272727272727
0.0
0.1111111111111111
0.0
0.0
0.14285714285714285
0.15384615384615385
0.3
0.2
0.1
0.0
0.25
0.1
0.1111111111111111
0.125
0.1111111111111111
0.2857142857142857
0.14285714285714285
0.0
0.07692307692307693
0.08333333333333333
0.0
0.08333333333333333
0.0
0.0
0.125
0.18181818181818182
0.1
0.09090909090909091
0.14285714285714285
0.0
0.0
0.1111111111111111
0.1111111111111111
0.1111111111111111
0.0
0.1111111111111111
0.0
0.08333333333333333
0.2222222222222222
0.0
0.25
0.0
0.0
0.1111111111111111
0.1
0.1111111111111111
0.0
0.0
0.4
0.2727272727272727
0.047619047619047616
0.1111111111111111
0.14285714285714285
0.16666666666666666
0.16666666666666666
0.14814814814814814
0.0
0.16666666666666666
0.125
0.1111111111111111
0.0
0.1111111111111111
0.09090909090909091
0.13333333333333333
0.2
0.21428571428571427
0.0
0.1
0.0
0.0
0.0
0.0
0.0
0.0
0.0
0.125
0.0
0.0
0.0
0.0
0.125
0.1111111111111111
0.0
0.0
0.0
0.0
0.0
0.1
0.0
0.16666666666666666
0.1111111111111111
0.2222222222222222
0.0
0.125
0.125
0.0
0.1
0.2857142857142857
0.1111111111111111
0.1111111111111111
0.09090909090909091
0.0
0.16666666666666666
0.07142857142857142
0.15384615384615385
0.07142857142857142
0.09090909090909091
0.0
0.0
0.11764705882352941
0.1111111111111111
0.2222222222222222
0.18181818181818182
0.0
0.0
0.0
0.0
0.0
0.0
0.07692307692307693
0.0
0.1
0.0
0.14285714285714285
0.0
0.09090909090909091
0.0625
0.14285714285714285
0.0
0.1111111111111111
0.16666666666666666
0.0
0.0
0.13636363636363635
0.16666666666666666
0.0
0.07692307692307693
0.16666666666666666
0.0
0.0
0.0
0.0
0.08333333333333333
0.08333333333333333
0.0
0.0
0.09090909090909091
0.08333333333333333
0.0
0.0
0.0
0.0
0.0
0.0
0.0
0.0
0.0
0.0
0.08333333333333333
0.0
0.0
0.08333333333333333
0.0
0.0
0.0
0.06666666666666667
0.08333333333333333
0.125
0.09090909090909091
0.125
0.0
0.1111111111111111
0.0
0.125
0.0
0.09090909090909091
0.0
0.14285714285714285
0.0
0.05263157894736842
0.0
0.08333333333333333
0.0
0.0
0.1875
0.0
0.0
0.0
0.14285714285714285
0.125
0.0
0.0
0.0
0.1
0.09090909090909091
0.0
0.0
0.0
0.0
0.08333333333333333
0.0
0.21428571428571427
0.0
0.0
0.1
0.0
0.0
0.0
0.25
0.1111111111111111
0.0
0.07692307692307693
0.05555555555555555
0.1
0.0
0.1111111111111111
0.08333333333333333
0.0
0.1
0.14285714285714285
0.05263157894736842
0.0
0.0
0.0
0.0
0.08333333333333333
0.09090909090909091
0.1111111111111111
0.0
0.0
0.08333333333333333
0.125
0.125
0.14285714285714285
0.07692307692307693
0.0
0.0
0.07142857142857142
0.0
0.125
0.1111111111111111
0.0
0.0
0.0
0.07692307692307693
0.0
0.0
0.0
0.125
0.0
0.0
0.0
0.14285714285714285
0.0
0.0
0.08333333333333333
0.0
0.0
0.0
0.0
0.07142857142857142
0.0
0.1111111111111111
0.0
0.125
0.05263157894736842
0.0
0.0
0.0
0.1111111111111111
0.0
0.06666666666666667
0.0
0.0
0.0
0.0
0.1111111111111111
0.09090909090909091
0.0
0.0
0.0
0.0
0.0
0.08333333333333333
0.0
0.0
0.0
0.0
0.0
0.11764705882352941
0.0
0.0
0.0
0.07692307692307693
0.07692307692307693
0.0
0.0
0.0
0.0
0.09090909090909091
0.0625
0.0
0.05
0.0
0.0
0.0
0.0
0.0
0.0
0.14285714285714285
0.0
0.07692307692307693
0.0
0.0
0.0
0.09090909090909091
0.0
0.0
0.0
0.0
0.1111111111111111
0.0
0.0
0.0
0.0
0.0
0.0
0.0
0.0
0.0
0.0
0.0
0.08333333333333333
0.1
0.0
0.0
0.0
0.0
0.0
0.0
0.0
0.0
0.0
0.0
0.0
0.0
0.0
0.1
0.1
0.0
0.0
0.0
0.0
0.0
0.0
0.0
0.0
0.0
0.0625
0.0
0.0
0.0
0.0
0.0
0.0
0.0
0.07692307692307693
0.0
0.0
0.0
0.0
0.0
0.0
0.0
0.0
0.0
0.0
0.0
0.0
0.0
0.0
0.0
0.0
0.0
0.0
0.0
0.0
0.0
0.0
0.0
0.0
0.0
0.0
0.0
0.0
0.0
0.1111111111111111
0.0
0.0
0.0
0.0
0.0
0.0
0.0
0.0
0.0
0.1
0.0
0.0
0.0
0.0
0.0
0.0
0.0
0.0
0.0
0.0
0.0
0.0
0.0
0.0
0.0
0.0
0.0
0.0
0.0
0.0
0.0
0.0
0.0
0.0
0.0
0.0
0.0
0.08333333333333333
0.0
0.0
0.0
0.0
0.0
0.16666666666666666
0.058823529411764705
0.0
0.0
0.0
0.0
0.0
0.0
0.0
0.0
0.0
0.0
0.0
0.0
0.09090909090909091
0.09090909090909091
0.13157894736842105
0.09375
0.06666666666666667
0.030303030303030304
0.0967741935483871
0.08571428571428572
0.21428571428571427
0.21052631578947367
0.08571428571428572
0.06
0.375
0.3333333333333333
0.11538461538461539
0.08403361344537816
0.041666666666666664
0.38235294117647056
0.05434782608695652
0.10869565217391304
0.109375
0.043478260869565216
0.23076923076923078
0.0
0.21052631578947367
0.07228915662650602
0.0
0.09090909090909091
0.25
0.125
0.21333333333333335
0.1320754716981132
0.0851063829787234
0.125
0.08771929824561403
0.21052631578947367
0.03896103896103896
0.3148148148148148
0.056910569105691054
0.05970149253731343
0.09259259259259259
0.25
0.45454545454545453
0.07563025210084033
0.15151515151515152
0.0
1.0
0.058823529411764705
0.1935483870967742
0.21666666666666667
0.0967741935483871
0.40625
0.2571428571428571
0.13513513513513514
0.0
0.1875
0.07142857142857142
0.0
0.024691358024691357
0.22388059701492538
0.12121212121212122
0.12280701754385964
0.21951219512195122
0.13333333333333333
0.21428571428571427
0.19148936170212766
0.046153846153846156
0.0958904109589041
0.14814814814814814
0.1827956989247312
0.40625
0.2
0.16883116883116883
0.017241379310344827
0.1038961038961039
0.14285714285714285
0.05263157894736842
0.0
0.125
0.26666666666666666
0.1320754716981132
0.15492957746478872
0.14942528735632185
0.0703125
0.0375
0.48484848484848486
0.1509433962264151
0.0
0.14285714285714285
0.32075471698113206
0.038461538461538464
0.13793103448275862
0.02857142857142857
0.0967741935483871
0.0
1.0
0.3333333333333333
0.08571428571428572
0.75
0.38461538461538464
0.05128205128205128
0.012195121951219513
0.038461538461538464
0.13157894736842105
0.46153846153846156
1.0
0.07894736842105263
0.014925373134328358
0.03875968992248062
0.15254237288135594
0.1
0.05405405405405406
0.06896551724137931
0.13333333333333333
0.3508771929824561
0.07317073170731707
0.09090909090909091
0.0
0.20588235294117646
0.02857142857142857
0.0
0.06060606060606061
0.10638297872340426
0.01639344262295082
0.15151515151515152
0.08333333333333333
0.0851063829787234
0.13953488372093023
0.16393442622950818
0.125
0.11392405063291139
0.038461538461538464
0.09090909090909091
0.125
0.21794871794871795
0.07142857142857142
0.15384615384615385
0.07042253521126761
0.1724137931034483
0.14285714285714285
0.35714285714285715
0.0684931506849315
0.07894736842105263
0.075
0.14285714285714285
0.42857142857142855
0.020833333333333332
0.45454545454545453
0.2807017543859649
0.1794871794871795
0.28888888888888886
0.0
0.08333333333333333
0.6842105263157895
0.1532258064516129
0.20512820512820512
0.09090909090909091
0.75
0.06870229007633588
0.05714285714285714
0.24324324324324326
0.18518518518518517
0.6923076923076923
0.2127659574468085
0.08823529411764706
0.0
0.0
0.05555555555555555
0.1111111111111111
0.025
0.043478260869565216
0.0
0.28125
0.2857142857142857
0.4482758620689655
0.19318181818181818
0.044444444444444446
0.0
0.11363636363636363
0.4583333333333333
0.3620689655172414
0.24
0.014084507042253521
0.9473684210526315
0.05263157894736842
0.02631578947368421
0.19230769230769232
0.23333333333333334
0.20512820512820512
0.09090909090909091
0.0
0.05333333333333334
0.15789473684210525
0.056074766355140186
0.0891089108910891
0.0967741935483871
0.7142857142857143
0.2222222222222222
0.19696969696969696
0.11392405063291139
0.05
0.0425531914893617
0.1111111111111111
0.09090909090909091
1.0
0.22807017543859648
0.13636363636363635
0.2894736842105263
0.0851063829787234
0.0
0.0
0.3076923076923077
0.1875
0.1568627450980392
0.11926605504587157
0.53125
0.19491525423728814
0.06060606060606061
0.2916666666666667
0.13043478260869565
0.0
0.13636363636363635
0.22580645161290322
0.09090909090909091
0.08108108108108109
0.16326530612244897
0.2857142857142857
1.0
0.26666666666666666
0.13636363636363635
0.1
0.6190476190476191
0.05
0.12857142857142856
0.0
0.13043478260869565
0.0
0.19607843137254902
0.275
0.0967741935483871
0.6521739130434783
0.0392156862745098
0.2647058823529412
0.04032258064516129
0.056074766355140186
0.3902439024390244
0.4166666666666667
0.2807017543859649
0.05714285714285714
0.6415094339622641
0.022727272727272728
0.15789473684210525
0.13186813186813187
0.15492957746478872
0.05405405405405406
1.0
0.03225806451612903
0.1875
0.5833333333333334
0.4166666666666667
0.325
0.043478260869565216
0.14705882352941177
0.0958904109589041
0.15789473684210525
0.04938271604938271
0.3
0.3064516129032258
0.06060606060606061
0.036036036036036036
0.5294117647058824
0.0
0.15384615384615385
0.20512820512820512
0.02158273381294964
0.15
0.09433962264150944
0.3
0.07894736842105263
0.2
0.06741573033707865
0.04
0.375
0.5714285714285714
0.15
0.48
0.18571428571428572
0.23333333333333334
0.5348837209302325
0.020833333333333332
0.4
0.0
0.09803921568627451
0.28205128205128205
0.23684210526315788
0.0
0.625
0.15730337078651685
0.28205128205128205
0.23529411764705882
0.11904761904761904
0.023809523809523808
0.125
0.20754716981132076
0.023809523809523808
0.4166666666666667
0.06060606060606061
0.37037037037037035
0.15384615384615385
1.0
0.15384615384615385
0.08333333333333333
0.0
0.0851063829787234
0.3055555555555556
0.109375
0.13953488372093023
0.13793103448275862
0.06382978723404255
0.06666666666666667
0.21428571428571427
0.0
0.7142857142857143
0.0
0.05
0.3488372093023256
0.15151515151515152
0.078125
0.0136986301369863
0.03409090909090909
0.0
0.06666666666666667
0.08
0.2702702702702703
0.0
0.0
0.07258064516129033
0.1794871794871795
0.09401709401709402
0.0
0.025974025974025976
0.015151515151515152
0.23376623376623376
0.09836065573770492
0.21621621621621623
0.17777777777777778
0.14
0.23728813559322035
0.0
0.13333333333333333
0.15384615384615385
0.2857142857142857
0.08333333333333333
0.14705882352941177
0.049586776859504134
0.08888888888888889
0.171875
0.7272727272727273
0.1206896551724138
0.20238095238095238
0.08823529411764706
0.05263157894736842
0.1590909090909091
0.03508771929824561
0.22580645161290322
0.06896551724137931
0.0625
0.3508771929824561
0.0
0.07692307692307693
0.34615384615384615
0.21428571428571427
0.022727272727272728
0.041666666666666664
0.10344827586206896
0.14285714285714285
0.1509433962264151
0.14285714285714285
0.26136363636363635
0.15384615384615385
0.08695652173913043
0.19230769230769232
0.0847457627118644
0.022727272727272728
0.0
0.6666666666666666
0.10666666666666667
0.022222222222222223
0.045454545454545456
0.2894736842105263
0.43243243243243246
0.15789473684210525
0.14285714285714285
0.05063291139240506
0.21311475409836064
0.022222222222222223
0.0
0.22033898305084745
0.15384615384615385
0.09448818897637795
0.0
0.04716981132075472
0.3333333333333333
0.32558139534883723
0.09090909090909091
0.125
0.03076923076923077
0.23255813953488372
0.15789473684210525
0.23333333333333334
0.22727272727272727
0.25
0.3695652173913043
0.08695652173913043
0.21666666666666667
0.26229508196721313
0.07228915662650602
0.28205128205128205
0.14545454545454545
0.13043478260869565
0.0
0.0425531914893617
0.25
0.21428571428571427
0.0
0.38235294117647056
0.08571428571428572
0.4230769230769231
0.225
0.4444444444444444
0.0
0.23684210526315788
0.021739130434782608
0.11363636363636363
0.15217391304347827
0.09876543209876543
0.24561403508771928
0.07317073170731707
0.10588235294117647
0.0
0.0
0.16326530612244897
0.14285714285714285
0.1
0.13725490196078433
0.06521739130434782
0.09615384615384616
0.0
0.19540229885057472
0.3541666666666667
0.22857142857142856
0.23809523809523808
0.15625
0.13513513513513514
0.3
0.015151515151515152
0.11538461538461539
0.3333333333333333
0.0
0.05405405405405406
0.10204081632653061
0.06666666666666667
0.08823529411764706
0.14285714285714285
0.28125
0.06666666666666667
0.08823529411764706
0.22916666666666666
0.14942528735632185
0.03333333333333333
0.2833333333333333
0.0
0.06172839506172839
0.12903225806451613
0.125
0.2391304347826087
0.0
0.07377049180327869
0.125
0.11764705882352941
0.6470588235294118
0.35714285714285715
0.06666666666666667
0.15625
0.14893617021276595
0.024390243902439025
0.06666666666666667
0.18604651162790697
0.0
0.23008849557522124
0.192
0.14814814814814814
0.15625
0.06172839506172839
0.041666666666666664
0.13636363636363635
0.0
0.043478260869565216
0.01639344262295082
0.045454545454545456
0.17073170731707318
0.2222222222222222
0.2222222222222222
0.07751937984496124
0.0
0.12307692307692308
0.041666666666666664
0.0546875
0.3076923076923077
0.05
0.20238095238095238
0.08571428571428572
0.13636363636363635
0.014084507042253521
0.02631578947368421
0.015873015873015872
0.125
0.0851063829787234
0.25925925925925924
0.0
0.07407407407407407
0.1206896551724138
0.03225806451612903
0.1875
0.0
0.058823529411764705
0.11842105263157894
0.037037037037037035
0.13793103448275862
0.18461538461538463
0.15151515151515152
0.24242424242424243
0.019417475728155338
0.11627906976744186
0.03389830508474576
0.24615384615384617
0.07692307692307693
0.05555555555555555
0.04225352112676056
0.0975609756097561
0.0
0.0
0.16666666666666666
0.08888888888888889
0.0
0.1509433962264151
0.23931623931623933
0.14893617021276595
0.1724137931034483
0.06896551724137931
0.2
0.06976744186046512
0.3114754098360656
0.22950819672131148
0.125
0.25925925925925924
0.2972972972972973
0.12280701754385964
0.09278350515463918
0.015625
0.18181818181818182
0.0
0.19148936170212766
0.16304347826086957
0.039473684210526314
0.0
0.0
0.0
0.07692307692307693
0.0
0.14705882352941177
0.48484848484848486
0.0
0.09230769230769231
0.32653061224489793
0.07692307692307693
0.0
0.2
0.022222222222222223
0.8378378378378378
0.0967741935483871
0.08695652173913043
0.012658227848101266
0.04504504504504504
0.019230769230769232
0.15625
0.28205128205128205
0.2
0.08333333333333333
0.08
0.225
0.16666666666666666
0.10126582278481013
0.0782608695652174
0.13157894736842105
0.22727272727272727
0.13043478260869565
0.7222222222222222
0.13157894736842105
0.023809523809523808
0.02564102564102564
0.75
0.10256410256410256
0.0
0.04
0.0
0.03676470588235294
0.1875
0.15625
0.04938271604938271
0.045454545454545456
0.07142857142857142
0.10638297872340426
0.42857142857142855
0.029850746268656716
0.4166666666666667
0.1891891891891892
0.2222222222222222
0.0
0.13953488372093023
0.0
0.3333333333333333
0.1568627450980392
0.275
0.5
0.12121212121212122
0.14583333333333334
0.18421052631578946
0.04672897196261682
0.3103448275862069
0.5
0.046511627906976744
0.21052631578947367
0.08
0.11363636363636363
0.16666666666666666
0.0851063829787234
0.0
0.07142857142857142
0.21794871794871795
0.18840579710144928
0.1
0.0
0.13043478260869565
0.1566265060240964
0.19298245614035087
0.05172413793103448
0.04
0.1721311475409836
0.20430107526881722
0.06976744186046512
0.2727272727272727
0.275
0.2909090909090909
0.2682926829268293
0.3137254901960784
0.0
0.13157894736842105
0.05952380952380952
0.5925925925925926
0.3018867924528302
0.18518518518518517
0.0641025641025641
0.08527131782945736
0.06060606060606061
0.0425531914893617
0.125
0.2777777777777778
0.10416666666666667
0.17647058823529413
0.06666666666666667
0.13636363636363635
0.037037037037037035
0.04580152671755725
0.02127659574468085
0.01818181818181818
0.041666666666666664
0.3181818181818182
0.0
0.75
0.1111111111111111
0.6470588235294118
0.08620689655172414
0.15517241379310345
0.21875
0.35714285714285715
0.10752688172043011
0.5454545454545454
0.09375
0.10714285714285714
0.019230769230769232
0.08571428571428572
0.22580645161290322
0.3888888888888889
0.23333333333333334
0.07777777777777778
0.07894736842105263
0.07692307692307693
0.0967741935483871
0.0
0.375
0.10344827586206896
0.05194805194805195
0.05263157894736842
0.13793103448275862
0.09090909090909091
0.14285714285714285
0.08695652173913043
0.36
1.0
0.3125
0.0
0.275
1.0
0.4411764705882353
0.1951219512195122
0.22077922077922077
0.06896551724137931
0.022222222222222223
0.6818181818181818
0.03333333333333333
0.125
0.0375
0.8571428571428571
0.1
0.045454545454545456
0.03773584905660377
0.10655737704918032
0.25
0.18518518518518517
0.08571428571428572
1.0
0.17391304347826086
0.0
